#!ascii label  , from subject FS6EXPERT_subj01_ver10 vox2ras=TkReg
1899
159751  -41.905  14.332  11.565 0.0000000000
150895  -50.474  9.235  -3.294 0.0000000000
168030  -49.163  20.513  10.581 0.0000000000
145276  -48.236  5.759  6.146 0.0000000000
154642  -47.482  11.301  13.632 0.0000000000
162229  -47.057  16.320  2.951 0.0000000000
176887  -49.116  26.824  -0.151 0.0000000000
179804  -37.253  29.604  2.389 0.0000000000
153255  -41.481  10.983  18.863 0.0000000000
153400  -44.022  10.591  8.310 0.0000000000
153478  -46.851  10.892  4.115 0.0000000000
161023  -43.757  15.530  6.667 0.0000000000
173862  -49.801  23.930  9.194 0.0000000000
171605  -50.917  22.853  5.258 0.0000000000
173948  -47.461  24.018  2.795 0.0000000000
178863  -42.458  28.773  -0.028 0.0000000000
176829  -41.258  26.392  3.579 0.0000000000
157356  -49.068  13.039  -0.044 0.0000000000
164421  -40.320  17.874  13.933 0.0000000000
164438  -44.540  17.681  11.441 0.0000000000
148032  -52.101  7.797  7.436 0.0000000000
150736  -47.766  9.344  10.111 0.0000000000
152040  -43.036  10.107  12.399 0.0000000000
153281  -42.442  11.028  15.903 0.0000000000
156080  -50.546  12.310  1.516 0.0000000000
164545  -50.564  17.892  0.471 0.0000000000
168082  -47.016  20.055  6.494 0.0000000000
169308  -48.881  20.852  1.981 0.0000000000
170510  -47.168  22.086  -0.552 0.0000000000
175990  -42.390  26.248  -1.758 0.0000000000
178861  -37.084  28.354  -0.867 0.0000000000
155968  -42.279  12.300  9.599 0.0000000000
157267  -43.450  13.140  7.182 0.0000000000
159791  -42.308  14.933  9.047 0.0000000000
171564  -47.553  22.770  7.300 0.0000000000
173910  -48.739  23.864  5.905 0.0000000000
171617  -46.531  22.557  4.294 0.0000000000
174959  -43.919  24.858  2.518 0.0000000000
154843  -50.091  11.592  -1.393 0.0000000000
165619  -40.329  19.119  15.803 0.0000000000
165627  -42.418  19.374  14.593 0.0000000000
153346  -47.208  11.124  11.641 0.0000000000
153358  -45.263  10.388  11.060 0.0000000000
152035  -45.311  10.114  13.513 0.0000000000
155851  -42.190  12.733  17.514 0.0000000000
155884  -38.515  12.470  15.363 0.0000000000
158449  -37.716  14.311  14.735 0.0000000000
155862  -36.639  13.019  16.469 0.0000000000
146714  -48.828  6.320  3.289 0.0000000000
158571  -46.653  13.601  3.893 0.0000000000
154797  -48.130  11.680  2.943 0.0000000000
159854  -48.777  14.351  2.421 0.0000000000
161080  -51.306  15.270  1.550 0.0000000000
163362  -48.882  17.264  1.869 0.0000000000
165657  -46.406  19.149  11.393 0.0000000000
166866  -45.371  19.159  8.953 0.0000000000
168048  -47.907  20.246  8.666 0.0000000000
174949  -50.588  25.469  3.188 0.0000000000
171632  -50.038  22.552  3.628 0.0000000000
172830  -49.816  23.578  1.305 0.0000000000
170495  -49.307  22.169  0.397 0.0000000000
173989  -47.839  24.432  -0.637 0.0000000000
173986  -45.556  24.201  -0.424 0.0000000000
177889  -45.574  27.217  -2.266 0.0000000000
179814  -40.003  28.934  1.034 0.0000000000
179849  -39.740  29.540  -1.079 0.0000000000
181793  -37.427  30.516  -0.214 0.0000000000
180800  -35.088  29.516  0.495 0.0000000000
181781  -35.577  31.668  1.452 0.0000000000
149437  -45.565  8.211  7.669 0.0000000000
149484  -47.001  8.053  4.647 0.0000000000
152151  -45.186  10.420  5.955 0.0000000000
157295  -45.324  13.035  5.401 0.0000000000
161051  -45.502  15.509  4.588 0.0000000000
170346  -51.614  22.279  10.304 0.0000000000
169236  -50.661  20.940  7.869 0.0000000000
173874  -51.123  23.998  7.662 0.0000000000
174933  -49.587  25.287  4.486 0.0000000000
174991  -48.129  26.033  1.368 0.0000000000
177867  -45.424  27.889  -0.247 0.0000000000
176865  -44.394  26.608  1.067 0.0000000000
177823  -41.762  27.352  2.119 0.0000000000
178818  -39.616  28.185  3.087 0.0000000000
161102  -47.848  15.487  -0.789 0.0000000000
162133  -41.292  16.232  12.741 0.0000000000
162141  -42.954  16.099  11.166 0.0000000000
163259  -42.701  17.254  12.836 0.0000000000
165640  -45.168  18.829  13.150 0.0000000000
168008  -47.003  19.945  13.211 0.0000000000
170267  -47.319  21.934  15.412 0.0000000000
169133  -50.005  21.548  13.567 0.0000000000
145264  -50.570  5.534  7.309 0.0000000000
149421  -50.338  8.224  8.826 0.0000000000
146643  -47.932  6.765  8.635 0.0000000000
150746  -45.292  9.280  9.334 0.0000000000
153373  -43.628  10.727  9.979 0.0000000000
155876  -47.623  12.180  16.192 0.0000000000
158394  -44.024  13.544  18.212 0.0000000000
155854  -44.570  12.486  16.998 0.0000000000
153295  -45.123  10.683  15.446 0.0000000000
152011  -43.068  10.032  14.426 0.0000000000
158474  -40.805  13.898  12.635 0.0000000000
150884  -50.784  8.953  -1.184 0.0000000000
150844  -48.279  9.269  2.511 0.0000000000
152192  -49.462  10.235  1.080 0.0000000000
153527  -51.340  11.164  -0.638 0.0000000000
157370  -51.867  13.372  -0.481 0.0000000000
161106  -50.627  15.438  -0.553 0.0000000000
163396  -49.343  17.435  -1.501 0.0000000000
163297  -43.245  17.129  8.628 0.0000000000
164484  -44.387  17.996  6.817 0.0000000000
165718  -46.394  18.704  4.445 0.0000000000
168098  -49.453  20.501  6.568 0.0000000000
168114  -48.116  19.906  4.210 0.0000000000
165744  -48.126  19.120  2.778 0.0000000000
166947  -49.169  19.507  1.376 0.0000000000
168178  -49.000  20.045  -0.639 0.0000000000
166999  -47.543  19.612  -2.412 0.0000000000
179879  -41.978  28.940  -2.648 0.0000000000
177877  -39.652  27.489  -1.592 0.0000000000
176861  -38.753  26.605  1.005 0.0000000000
176843  -35.959  26.940  1.730 0.0000000000
178808  -34.348  28.235  3.236 0.0000000000
157232  -41.956  13.265  10.162 0.0000000000
157255  -42.283  13.519  8.928 0.0000000000
159766  -42.036  14.673  10.391 0.0000000000
171576  -47.136  22.487  6.189 0.0000000000
171628  -44.689  22.979  3.681 0.0000000000
153544  -50.507  10.731  -2.489 0.0000000000
154652  -47.533  11.424  12.865 0.0000000000
153335  -46.370  10.789  12.517 0.0000000000
153317  -46.428  10.676  14.058 0.0000000000
154596  -38.172  12.004  16.429 0.0000000000
155863  -37.147  12.871  16.146 0.0000000000
143777  -49.174  5.383  5.275 0.0000000000
145314  -48.511  6.110  4.273 0.0000000000
159844  -46.897  14.777  3.408 0.0000000000
158579  -47.506  13.844  3.121 0.0000000000
161068  -47.830  15.502  2.627 0.0000000000
161076  -48.752  15.581  2.175 0.0000000000
163351  -47.754  16.623  2.536 0.0000000000
166835  -47.964  19.983  11.358 0.0000000000
166848  -47.539  19.923  10.101 0.0000000000
168029  -48.517  20.282  10.272 0.0000000000
175929  -50.023  26.245  1.635 0.0000000000
174962  -50.298  24.806  2.293 0.0000000000
174992  -49.867  25.467  1.023 0.0000000000
173975  -49.022  24.266  0.077 0.0000000000
175970  -48.821  26.357  -0.871 0.0000000000
175982  -46.673  26.093  -1.699 0.0000000000
177892  -47.206  27.742  -1.873 0.0000000000
179812  -38.382  29.334  1.532 0.0000000000
180804  -38.663  29.721  0.429 0.0000000000
180793  -37.819  29.761  1.182 0.0000000000
181783  -36.776  30.786  0.649 0.0000000000
180783  -36.434  30.431  1.823 0.0000000000
152114  -44.516  9.789  7.761 0.0000000000
150806  -45.274  9.381  6.578 0.0000000000
153425  -44.363  10.856  7.183 0.0000000000
158547  -43.711  13.784  6.826 0.0000000000
157277  -44.342  12.983  6.417 0.0000000000
159820  -44.685  14.115  5.815 0.0000000000
158561  -45.382  13.830  5.078 0.0000000000
161042  -44.687  15.467  5.551 0.0000000000
172716  -51.273  23.534  9.803 0.0000000000
171554  -51.522  22.746  8.724 0.0000000000
173873  -50.484  24.361  7.939 0.0000000000
173936  -48.436  24.076  3.844 0.0000000000
174919  -49.633  24.907  5.343 0.0000000000
174947  -48.807  24.798  3.349 0.0000000000
174961  -49.181  25.748  2.937 0.0000000000
173962  -48.111  25.004  2.172 0.0000000000
175944  -46.805  26.083  0.910 0.0000000000
174973  -45.955  24.987  1.753 0.0000000000
175909  -42.686  25.787  2.888 0.0000000000
176848  -42.588  26.588  2.257 0.0000000000
177816  -41.728  26.950  2.602 0.0000000000
177821  -40.303  27.881  2.675 0.0000000000
177805  -39.906  27.530  3.659 0.0000000000
158639  -48.402  14.028  -0.110 0.0000000000
163257  -40.997  16.979  13.082 0.0000000000
163258  -41.880  16.932  12.782 0.0000000000
164427  -41.455  17.630  13.249 0.0000000000
166817  -43.617  19.817  14.563 0.0000000000
165633  -43.607  18.993  13.822 0.0000000000
166822  -44.646  19.795  14.110 0.0000000000
166827  -45.759  19.369  13.314 0.0000000000
168002  -45.830  20.378  14.165 0.0000000000
170262  -47.637  22.364  15.969 0.0000000000
169127  -48.427  21.307  14.146 0.0000000000
170278  -50.173  21.905  14.185 0.0000000000
170300  -51.229  22.153  12.621 0.0000000000
171465  -51.438  22.652  13.640 0.0000000000
143751  -51.707  5.212  6.762 0.0000000000
146659  -51.295  6.810  7.673 0.0000000000
150750  -50.056  9.377  9.118 0.0000000000
150748  -48.904  8.828  9.611 0.0000000000
148017  -49.152  7.250  8.961 0.0000000000
149404  -47.581  8.152  9.585 0.0000000000
148000  -47.115  7.581  9.176 0.0000000000
149387  -46.499  8.769  9.786 0.0000000000
152050  -44.061  10.115  12.068 0.0000000000
153357  -44.348  10.345  10.607 0.0000000000
153341  -43.131  10.411  11.289 0.0000000000
155827  -42.477  12.239  18.837 0.0000000000
155852  -43.092  12.656  17.187 0.0000000000
155871  -43.391  12.006  16.802 0.0000000000
154604  -44.494  11.390  16.366 0.0000000000
153283  -44.082  10.873  16.022 0.0000000000
152003  -44.154  10.229  15.051 0.0000000000
153292  -42.756  10.435  15.178 0.0000000000
159736  -39.825  14.854  13.095 0.0000000000
158465  -39.334  14.155  13.401 0.0000000000
149533  -51.066  8.135  -1.015 0.0000000000
152165  -46.766  9.446  4.519 0.0000000000
149492  -47.817  8.328  3.312 0.0000000000
152179  -47.614  10.010  3.411 0.0000000000
154799  -49.248  11.900  2.349 0.0000000000
153494  -49.369  11.023  1.855 0.0000000000
153502  -50.047  11.119  1.124 0.0000000000
153511  -50.260  10.697  0.347 0.0000000000
154812  -50.927  11.829  0.808 0.0000000000
156106  -51.965  12.534  -0.473 0.0000000000
156082  -51.740  12.740  0.965 0.0000000000
162250  -51.518  16.327  1.003 0.0000000000
162274  -51.970  15.877  0.173 0.0000000000
163386  -51.286  16.705  -0.452 0.0000000000
162283  -49.816  16.757  -1.150 0.0000000000
163397  -50.162  17.612  -1.200 0.0000000000
163267  -43.693  16.898  11.390 0.0000000000
162145  -43.231  16.752  10.261 0.0000000000
163278  -43.948  17.519  10.442 0.0000000000
166877  -46.040  19.657  8.252 0.0000000000
165691  -44.866  19.075  8.005 0.0000000000
165698  -45.487  19.244  6.752 0.0000000000
165709  -45.259  18.340  5.639 0.0000000000
166911  -46.254  19.238  5.376 0.0000000000
170405  -51.273  22.025  6.711 0.0000000000
169251  -50.388  20.738  6.995 0.0000000000
169265  -50.475  21.114  5.994 0.0000000000
170464  -49.450  21.386  2.762 0.0000000000
169280  -49.214  20.627  4.423 0.0000000000
168132  -48.527  20.257  2.995 0.0000000000
166929  -47.774  19.485  3.156 0.0000000000
168140  -47.432  20.296  2.203 0.0000000000
165745  -48.656  19.074  2.242 0.0000000000
168148  -48.642  20.430  1.544 0.0000000000
170512  -48.521  22.182  -0.342 0.0000000000
169343  -49.143  20.848  -0.393 0.0000000000
169357  -48.381  20.670  -0.953 0.0000000000
166987  -48.312  19.479  -1.507 0.0000000000
168174  -47.107  20.544  -1.342 0.0000000000
168188  -46.359  20.484  -1.792 0.0000000000
169339  -46.227  21.501  -0.807 0.0000000000
175025  -44.325  25.382  -0.975 0.0000000000
173984  -44.044  24.178  -0.325 0.0000000000
178865  -43.867  28.629  -0.386 0.0000000000
179853  -43.560  29.308  -1.437 0.0000000000
179838  -42.397  29.222  -0.611 0.0000000000
179847  -38.333  29.316  -1.645 0.0000000000
178885  -39.166  28.494  -2.180 0.0000000000
177875  -38.190  27.826  -1.228 0.0000000000
176894  -38.992  27.061  -0.253 0.0000000000
177844  -37.802  27.227  -0.023 0.0000000000
176859  -37.102  26.827  1.375 0.0000000000
177842  -36.203  27.576  0.520 0.0000000000
181780  -34.501  30.529  1.225 0.0000000000
179803  -34.608  28.891  1.903 0.0000000000
180774  -34.080  29.781  2.840 0.0000000000
178802  -34.158  28.243  3.969 0.0000000000
154717  -42.971  11.778  8.487 0.0000000000
154729  -43.687  11.681  7.609 0.0000000000
155989  -42.816  12.447  8.075 0.0000000000
158539  -42.820  14.020  7.951 0.0000000000
161013  -42.957  15.586  7.877 0.0000000000
173883  -49.324  23.936  7.576 0.0000000000
172747  -48.369  23.359  7.098 0.0000000000
172774  -47.931  23.176  5.237 0.0000000000
172801  -47.293  23.118  3.816 0.0000000000
173959  -45.780  24.454  2.146 0.0000000000
172813  -45.288  23.475  2.965 0.0000000000
172811  -43.795  23.886  3.278 0.0000000000
156105  -49.989  12.350  -0.826 0.0000000000
165624  -40.108  18.551  14.831 0.0000000000
165631  -41.527  18.732  14.184 0.0000000000
165625  -41.043  19.153  14.995 0.0000000000
152063  -47.745  10.536  10.591 0.0000000000
152076  -46.683  9.813  10.387 0.0000000000
153360  -46.772  10.781  11.114 0.0000000000
153344  -45.747  10.576  11.845 0.0000000000
152042  -44.474  10.027  12.660 0.0000000000
154579  -41.522  12.127  18.457 0.0000000000
155849  -40.809  12.219  17.357 0.0000000000
155894  -39.049  12.413  14.840 0.0000000000
157183  -38.397  13.806  14.174 0.0000000000
155892  -37.960  13.229  14.928 0.0000000000
157167  -37.292  13.602  15.385 0.0000000000
156050  -46.755  12.332  3.952 0.0000000000
154790  -47.569  11.622  3.387 0.0000000000
156061  -47.741  12.401  3.170 0.0000000000
157326  -48.498  13.242  2.798 0.0000000000
157335  -49.482  13.506  2.374 0.0000000000
157338  -51.145  13.725  1.827 0.0000000000
159863  -49.821  14.806  2.068 0.0000000000
162242  -50.269  15.985  1.657 0.0000000000
163369  -50.119  17.425  1.267 0.0000000000
165647  -45.496  18.476  11.438 0.0000000000
164442  -44.795  18.287  10.402 0.0000000000
166857  -46.115  19.274  10.039 0.0000000000
166868  -46.688  19.817  8.761 0.0000000000
166879  -47.315  20.218  7.982 0.0000000000
173925  -50.759  24.633  4.375 0.0000000000
171620  -50.629  22.794  4.686 0.0000000000
172803  -50.258  23.292  3.536 0.0000000000
172816  -50.074  23.381  2.744 0.0000000000
170473  -49.553  21.935  1.649 0.0000000000
169318  -49.310  21.166  1.092 0.0000000000
171673  -49.482  22.827  0.836 0.0000000000
171687  -48.734  22.828  -0.120 0.0000000000
172852  -47.626  23.601  -0.414 0.0000000000
171684  -46.639  22.758  -0.355 0.0000000000
175014  -46.480  24.883  -0.935 0.0000000000
175980  -45.188  25.947  -1.456 0.0000000000
176918  -43.893  26.778  -2.201 0.0000000000
178848  -41.169  28.633  0.723 0.0000000000
179836  -40.584  29.349  -0.457 0.0000000000
179835  -39.783  29.440  -0.136 0.0000000000
180814  -38.484  29.997  -0.406 0.0000000000
180812  -37.266  30.022  -0.981 0.0000000000
179832  -36.053  29.039  -0.171 0.0000000000
181799  -36.079  30.384  -0.440 0.0000000000
182797  -35.405  31.362  0.299 0.0000000000
183830  -34.342  32.069  1.507 0.0000000000
146670  -46.783  6.786  6.765 0.0000000000
146693  -47.553  6.560  5.333 0.0000000000
149462  -46.313  7.971  5.890 0.0000000000
152153  -46.016  9.485  5.368 0.0000000000
152163  -45.885  10.427  5.151 0.0000000000
154742  -44.428  11.602  6.737 0.0000000000
154771  -45.411  11.613  5.451 0.0000000000
156038  -45.955  12.333  4.790 0.0000000000
157303  -46.063  13.036  4.515 0.0000000000
159836  -45.844  14.766  4.396 0.0000000000
162221  -46.139  16.322  3.836 0.0000000000
169168  -50.238  20.981  10.986 0.0000000000
169203  -50.178  20.934  9.500 0.0000000000
169222  -51.284  21.405  9.040 0.0000000000
171566  -51.472  22.675  7.895 0.0000000000
172764  -51.367  23.281  6.640 0.0000000000
173897  -49.814  24.604  6.494 0.0000000000
174899  -50.617  24.782  6.322 0.0000000000
173912  -50.896  24.438  5.216 0.0000000000
175886  -50.172  25.974  3.750 0.0000000000
175912  -49.370  26.217  2.625 0.0000000000
176868  -48.502  26.902  0.837 0.0000000000
177869  -46.814  27.996  -0.506 0.0000000000
176884  -46.782  27.067  0.296 0.0000000000
177848  -44.522  27.613  0.255 0.0000000000
177847  -43.681  27.605  0.595 0.0000000000
175925  -44.310  25.693  1.813 0.0000000000
176864  -43.551  26.759  1.383 0.0000000000
178836  -41.816  28.141  1.154 0.0000000000
178835  -41.021  28.327  1.334 0.0000000000
178833  -39.640  28.634  2.015 0.0000000000
179797  -37.894  29.179  2.904 0.0000000000
160970  -41.865  15.297  12.298 0.0000000000
160976  -42.228  15.158  10.905 0.0000000000
162137  -42.209  16.042  12.379 0.0000000000
162138  -42.812  16.176  11.927 0.0000000000
163265  -44.034  17.350  12.212 0.0000000000
164424  -42.474  18.229  13.497 0.0000000000
164430  -43.625  17.846  12.940 0.0000000000
164432  -44.959  18.172  12.457 0.0000000000
165644  -46.083  19.002  12.549 0.0000000000
166833  -46.871  19.488  12.241 0.0000000000
168015  -48.295  20.162  12.077 0.0000000000
169117  -45.732  21.057  14.983 0.0000000000
169126  -47.297  21.056  14.316 0.0000000000
169131  -48.644  20.948  13.535 0.0000000000
169149  -49.461  20.727  12.055 0.0000000000
169170  -51.249  21.589  11.640 0.0000000000
171517  -51.435  22.880  10.914 0.0000000000
173845  -50.137  24.113  10.397 0.0000000000
143762  -50.445  5.054  5.952 0.0000000000
143748  -49.394  5.254  6.586 0.0000000000
150763  -51.156  9.388  8.295 0.0000000000
148020  -51.139  7.999  8.245 0.0000000000
146658  -50.633  6.761  8.072 0.0000000000
145248  -49.469  5.899  7.932 0.0000000000
145246  -47.868  5.927  7.588 0.0000000000
146641  -46.436  7.182  8.151 0.0000000000
149420  -45.558  8.290  8.343 0.0000000000
150745  -44.653  9.596  8.979 0.0000000000
152074  -45.314  9.813  9.968 0.0000000000
152073  -44.684  10.108  9.892 0.0000000000
153387  -43.540  10.902  9.266 0.0000000000
154707  -42.854  11.442  9.294 0.0000000000
158408  -45.146  13.965  18.010 0.0000000000
157146  -42.539  12.956  18.181 0.0000000000
157148  -43.603  13.100  17.460 0.0000000000
157151  -45.596  13.032  17.228 0.0000000000
155874  -45.710  11.884  16.568 0.0000000000
154606  -46.072  11.335  15.923 0.0000000000
153308  -46.419  10.804  14.728 0.0000000000
152014  -45.249  10.360  14.694 0.0000000000
152024  -44.278  9.931  13.940 0.0000000000
152032  -43.256  9.964  13.095 0.0000000000
158475  -41.381  13.919  12.262 0.0000000000
159744  -41.192  14.699  12.505 0.0000000000
160966  -40.172  15.589  13.016 0.0000000000
163255  -39.641  16.802  13.554 0.0000000000
163246  -39.109  17.497  14.591 0.0000000000
148147  -51.850  7.832  -1.390 0.0000000000
149547  -51.401  8.720  -1.823 0.0000000000
150891  -51.547  9.327  -2.470 0.0000000000
146712  -47.826  6.947  4.160 0.0000000000
148091  -48.420  7.552  2.592 0.0000000000
152180  -48.143  10.050  2.823 0.0000000000
150851  -48.983  9.565  1.356 0.0000000000
150860  -49.186  9.206  0.877 0.0000000000
152212  -50.384  9.918  -0.574 0.0000000000
152220  -50.954  9.916  -1.254 0.0000000000
153552  -51.416  10.445  -2.362 0.0000000000
154845  -51.395  11.551  -1.579 0.0000000000
157380  -50.866  12.567  -1.119 0.0000000000
157368  -50.560  13.025  -0.801 0.0000000000
158612  -52.285  14.103  0.858 0.0000000000
159900  -51.587  14.731  -0.178 0.0000000000
159897  -49.589  14.646  -0.401 0.0000000000
161104  -49.194  15.376  -0.545 0.0000000000
162281  -48.413  16.443  -1.119 0.0000000000
164576  -47.803  17.545  -2.280 0.0000000000
160981  -42.570  15.837  10.042 0.0000000000
162158  -42.818  16.356  8.993 0.0000000000
162177  -43.237  16.387  7.710 0.0000000000
164462  -43.996  18.237  8.828 0.0000000000
164478  -43.744  17.783  7.837 0.0000000000
162186  -44.016  16.837  6.632 0.0000000000
162195  -44.688  16.797  5.734 0.0000000000
163332  -45.464  17.158  4.767 0.0000000000
163341  -46.344  17.063  3.617 0.0000000000
168060  -49.121  20.512  8.365 0.0000000000
168072  -49.031  20.510  7.675 0.0000000000
168084  -48.289  20.391  6.785 0.0000000000
170435  -50.142  21.512  4.763 0.0000000000
168107  -48.838  20.446  5.454 0.0000000000
168105  -47.388  19.847  5.251 0.0000000000
166920  -46.852  19.295  4.477 0.0000000000
165727  -46.933  18.620  3.633 0.0000000000
164522  -47.414  18.034  2.855 0.0000000000
164535  -48.343  18.159  2.306 0.0000000000
164544  -50.129  18.139  0.855 0.0000000000
168156  -49.349  20.419  0.535 0.0000000000
166962  -49.480  19.625  0.141 0.0000000000
165772  -49.770  18.950  -0.340 0.0000000000
165789  -49.058  18.954  -1.259 0.0000000000
164588  -48.226  18.560  -2.272 0.0000000000
171670  -45.334  22.398  0.166 0.0000000000
179856  -45.500  28.563  -1.536 0.0000000000
178900  -43.817  28.344  -2.798 0.0000000000
177888  -42.184  27.346  -2.729 0.0000000000
179865  -40.330  29.126  -2.024 0.0000000000
177886  -40.662  27.729  -2.394 0.0000000000
176905  -41.296  26.660  -1.493 0.0000000000
176896  -40.452  26.648  -0.684 0.0000000000
175939  -40.237  25.806  0.863 0.0000000000
174968  -39.569  25.043  2.106 0.0000000000
178844  -35.369  28.343  0.935 0.0000000000
177812  -34.939  27.422  2.368 0.0000000000
179782  -36.775  29.581  4.112 0.0000000000
180769  -35.976  30.375  3.409 0.0000000000
181768  -35.717  30.983  2.643 0.0000000000
183815  -35.013  32.681  2.774 0.0000000000
183814  -34.267  32.872  2.695 0.0000000000
158505  -41.929  13.917  10.586 0.0000000000
158519  -41.995  14.103  9.843 0.0000000000
159757  -42.011  14.489  11.054 0.0000000000
152225  -50.180  10.108  -2.802 0.0000000000
154643  -48.032  11.695  13.394 0.0000000000
154653  -48.080  11.778  12.614 0.0000000000
153327  -46.978  11.019  13.080 0.0000000000
153318  -46.939  10.934  13.819 0.0000000000
154587  -38.088  11.749  16.804 0.0000000000
143776  -48.719  5.546  5.518 0.0000000000
145305  -48.862  5.720  4.651 0.0000000000
145290  -48.229  5.922  5.434 0.0000000000
161060  -46.897  15.630  3.199 0.0000000000
159851  -47.140  15.182  3.079 0.0000000000
161067  -47.325  15.599  2.894 0.0000000000
162231  -47.968  16.172  2.425 0.0000000000
162230  -47.548  16.218  2.679 0.0000000000
168018  -48.538  20.263  11.084 0.0000000000
166839  -48.000  20.067  10.691 0.0000000000
176852  -49.717  26.788  0.939 0.0000000000
175947  -49.792  26.238  0.737 0.0000000000
175960  -49.502  26.372  0.185 0.0000000000
175959  -49.234  25.993  -0.255 0.0000000000
176899  -48.726  26.966  -0.884 0.0000000000
176908  -48.290  27.256  -1.267 0.0000000000
177871  -48.018  27.721  -1.022 0.0000000000
179805  -37.754  29.411  2.139 0.0000000000
179811  -37.908  29.539  1.644 0.0000000000
180784  -37.100  29.873  1.942 0.0000000000
152113  -44.320  10.121  7.931 0.0000000000
152127  -44.581  10.058  7.290 0.0000000000
153412  -44.086  10.879  7.693 0.0000000000
159810  -43.654  14.685  6.821 0.0000000000
159811  -43.926  14.189  6.533 0.0000000000
159819  -44.266  14.595  6.132 0.0000000000
159827  -44.552  15.039  5.759 0.0000000000
161032  -44.062  15.505  6.262 0.0000000000
173856  -50.924  24.043  9.322 0.0000000000
173863  -50.350  24.286  8.822 0.0000000000
173949  -48.238  24.573  2.780 0.0000000000
173961  -47.488  24.662  2.140 0.0000000000
174974  -46.749  25.028  1.668 0.0000000000
173960  -46.658  24.457  2.114 0.0000000000
176830  -41.834  26.138  3.309 0.0000000000
176837  -41.946  26.480  2.909 0.0000000000
176836  -41.389  26.711  3.187 0.0000000000
177815  -41.198  27.094  2.910 0.0000000000
177806  -40.581  27.016  3.581 0.0000000000
156092  -48.829  12.527  0.044 0.0000000000
157355  -48.490  12.971  0.120 0.0000000000
158623  -48.144  13.457  0.068 0.0000000000
158624  -48.668  13.485  0.042 0.0000000000
164426  -40.771  17.582  13.429 0.0000000000
167993  -43.940  20.223  14.834 0.0000000000
166818  -44.149  19.943  14.456 0.0000000000
168000  -44.770  20.107  14.326 0.0000000000
168001  -45.079  20.162  14.253 0.0000000000
167995  -45.309  20.577  14.631 0.0000000000
171451  -50.506  22.452  15.041 0.0000000000
171464  -51.223  22.370  14.131 0.0000000000
146673  -52.315  6.926  7.224 0.0000000000
146672  -51.802  6.523  7.386 0.0000000000
146660  -51.839  7.161  7.548 0.0000000000
149405  -48.431  8.372  9.572 0.0000000000
149389  -47.944  8.765  9.829 0.0000000000
149388  -47.257  8.729  9.859 0.0000000000
150735  -46.981  9.284  10.138 0.0000000000
153342  -43.867  10.252  11.383 0.0000000000
152049  -43.442  10.152  11.907 0.0000000000
153340  -42.544  10.652  11.409 0.0000000000
152048  -42.871  10.324  11.824 0.0000000000
154565  -41.925  11.749  18.781 0.0000000000
155870  -42.585  12.128  16.830 0.0000000000
154602  -42.917  11.471  16.410 0.0000000000
154603  -43.721  11.388  16.432 0.0000000000
153282  -43.262  10.857  15.983 0.0000000000
157190  -39.671  13.381  13.383 0.0000000000
157185  -39.202  13.455  13.687 0.0000000000
149521  -49.797  8.403  0.081 0.0000000000
152172  -46.656  10.425  4.390 0.0000000000
152173  -47.009  9.956  4.116 0.0000000000
156072  -50.242  12.595  1.920 0.0000000000
154805  -49.764  11.916  1.980 0.0000000000
154806  -50.159  11.880  1.558 0.0000000000
153503  -50.555  11.513  0.916 0.0000000000
156081  -51.050  12.491  1.253 0.0000000000
156093  -51.388  12.214  0.711 0.0000000000
157345  -50.997  12.972  1.589 0.0000000000
163370  -50.832  17.306  0.879 0.0000000000
163371  -51.383  16.936  0.488 0.0000000000
163377  -51.006  17.484  0.199 0.0000000000
163385  -50.872  17.348  -0.582 0.0000000000
164554  -50.481  18.078  -0.021 0.0000000000
163271  -44.076  17.347  11.071 0.0000000000
163270  -43.621  17.060  10.672 0.0000000000
164441  -44.421  17.827  10.708 0.0000000000
166887  -46.052  19.711  7.440 0.0000000000
166894  -45.554  19.402  7.109 0.0000000000
166895  -45.956  19.541  6.682 0.0000000000
166902  -46.087  19.364  5.929 0.0000000000
166896  -46.520  19.776  6.307 0.0000000000
170422  -51.259  22.388  6.250 0.0000000000
170404  -50.924  21.379  6.532 0.0000000000
170421  -50.957  22.009  5.840 0.0000000000
169298  -49.294  21.207  2.308 0.0000000000
170456  -49.419  21.263  3.186 0.0000000000
169297  -49.036  20.837  2.684 0.0000000000
168141  -48.208  20.414  2.185 0.0000000000
170511  -47.933  22.068  -0.454 0.0000000000
169342  -48.693  21.265  -0.664 0.0000000000
169341  -47.678  21.424  -0.737 0.0000000000
169356  -47.981  20.827  -0.947 0.0000000000
169355  -47.339  20.948  -1.005 0.0000000000
169354  -46.709  21.007  -1.117 0.0000000000
169340  -46.922  21.478  -0.770 0.0000000000
175978  -43.665  25.851  -1.360 0.0000000000
175024  -43.595  25.305  -0.983 0.0000000000
175023  -43.023  25.239  -0.956 0.0000000000
175976  -42.040  26.038  -1.361 0.0000000000
178864  -43.125  28.783  -0.158 0.0000000000
179839  -43.310  29.197  -0.749 0.0000000000
178874  -37.505  28.693  -1.242 0.0000000000
178875  -38.138  28.477  -1.576 0.0000000000
178862  -37.702  28.161  -1.186 0.0000000000
177863  -37.814  27.642  -0.726 0.0000000000
177862  -37.065  27.680  -0.307 0.0000000000
177843  -37.057  27.267  0.452 0.0000000000
178860  -36.431  28.318  -0.299 0.0000000000
181779  -34.203  30.582  1.682 0.0000000000
180781  -34.298  29.815  2.009 0.0000000000
155977  -42.559  12.318  8.776 0.0000000000
157244  -42.346  12.920  9.030 0.0000000000
158531  -42.141  14.083  9.200 0.0000000000
158532  -42.412  14.113  8.596 0.0000000000
159802  -42.700  14.872  8.252 0.0000000000
171578  -47.958  23.059  6.891 0.0000000000
170434  -46.599  22.317  5.079 0.0000000000
171591  -47.700  22.922  5.883 0.0000000000
171604  -47.434  22.820  5.049 0.0000000000
172787  -47.679  23.112  4.533 0.0000000000
171631  -46.772  22.830  3.894 0.0000000000
172814  -46.111  23.326  3.035 0.0000000000
171630  -46.153  22.817  3.644 0.0000000000
171627  -43.931  23.058  3.866 0.0000000000
172798  -44.143  23.399  3.532 0.0000000000
173934  -43.039  24.409  3.451 0.0000000000
153536  -49.579  10.694  -1.616 0.0000000000
153524  -49.263  11.062  -1.003 0.0000000000
154832  -49.603  11.835  -0.857 0.0000000000
165618  -39.660  18.574  15.508 0.0000000000
154682  -47.975  11.396  11.043 0.0000000000
153361  -47.507  10.989  11.019 0.0000000000
153334  -45.607  10.285  12.772 0.0000000000
153333  -44.987  10.119  12.559 0.0000000000
152043  -45.027  10.065  12.975 0.0000000000
154615  -39.481  11.965  15.483 0.0000000000
155885  -39.070  12.178  15.389 0.0000000000
155895  -39.429  12.165  14.825 0.0000000000
155893  -38.424  12.995  14.718 0.0000000000
155882  -37.272  13.214  15.690 0.0000000000
157159  -36.950  13.501  15.878 0.0000000000
157314  -46.914  13.045  3.725 0.0000000000
156051  -47.238  12.355  3.571 0.0000000000
157315  -47.388  13.109  3.354 0.0000000000
158588  -48.067  13.942  2.825 0.0000000000
157325  -47.910  13.168  3.011 0.0000000000
158589  -48.653  13.938  2.622 0.0000000000
157327  -49.058  13.335  2.585 0.0000000000
158590  -49.113  13.997  2.424 0.0000000000
158600  -49.625  14.088  2.226 0.0000000000
159862  -49.047  14.779  2.250 0.0000000000
162240  -48.848  16.330  2.010 0.0000000000
161077  -49.379  15.577  2.032 0.0000000000
162241  -49.698  16.442  1.737 0.0000000000
162248  -49.979  16.940  1.470 0.0000000000
163363  -49.537  17.414  1.561 0.0000000000
165648  -46.015  18.836  11.768 0.0000000000
165656  -45.976  18.921  10.984 0.0000000000
166846  -46.117  19.140  10.517 0.0000000000
168039  -48.007  20.183  9.382 0.0000000000
166858  -46.711  19.630  9.656 0.0000000000
166859  -47.359  19.996  9.168 0.0000000000
166869  -47.304  20.140  8.410 0.0000000000
173938  -50.644  24.776  3.589 0.0000000000
172804  -50.598  23.987  3.903 0.0000000000
173963  -50.128  24.284  1.827 0.0000000000
173950  -50.249  24.136  2.492 0.0000000000
172823  -49.961  23.459  2.014 0.0000000000
171651  -49.779  22.661  2.215 0.0000000000
171660  -49.707  22.730  1.484 0.0000000000
173990  -48.547  24.736  -0.424 0.0000000000
172838  -48.975  23.467  0.119 0.0000000000
172853  -48.411  23.735  -0.216 0.0000000000
173988  -47.077  24.272  -0.678 0.0000000000
175015  -47.245  24.990  -1.043 0.0000000000
176921  -46.050  26.982  -2.130 0.0000000000
175981  -45.937  26.001  -1.554 0.0000000000
175994  -45.262  26.404  -1.868 0.0000000000
175993  -44.523  26.370  -1.813 0.0000000000
176919  -44.608  26.837  -2.137 0.0000000000
179825  -40.401  29.055  0.402 0.0000000000
179824  -39.471  29.288  0.619 0.0000000000
180803  -37.636  30.267  0.240 0.0000000000
180813  -37.807  30.270  -0.652 0.0000000000
181801  -37.241  30.499  -0.498 0.0000000000
181800  -36.715  30.639  -0.630 0.0000000000
181792  -36.916  30.778  0.104 0.0000000000
181782  -36.173  31.207  0.978 0.0000000000
182789  -35.737  31.511  0.518 0.0000000000
182788  -35.168  31.850  1.035 0.0000000000
146669  -46.442  7.121  7.048 0.0000000000
148041  -46.418  7.280  6.581 0.0000000000
148040  -46.107  7.653  6.862 0.0000000000
152140  -45.360  9.605  6.228 0.0000000000
150818  -45.925  9.046  5.737 0.0000000000
152152  -45.578  9.964  5.657 0.0000000000
153459  -45.276  10.887  5.707 0.0000000000
155990  -43.261  12.453  7.555 0.0000000000
154741  -44.033  11.898  7.092 0.0000000000
156001  -44.178  12.391  6.758 0.0000000000
157287  -44.983  12.971  5.843 0.0000000000
156013  -44.883  12.322  6.046 0.0000000000
156025  -45.223  12.318  5.657 0.0000000000
154772  -45.807  11.622  5.040 0.0000000000
156026  -45.583  12.331  5.222 0.0000000000
157296  -45.692  13.029  4.951 0.0000000000
159835  -45.382  14.721  4.870 0.0000000000
158569  -45.696  14.154  4.634 0.0000000000
161052  -45.970  15.542  4.098 0.0000000000
162213  -45.680  16.317  4.350 0.0000000000
169187  -50.777  21.232  10.492 0.0000000000
169204  -50.740  21.171  9.654 0.0000000000
169205  -51.310  21.543  9.943 0.0000000000
172738  -51.365  23.394  8.189 0.0000000000
172749  -51.362  23.327  7.393 0.0000000000
171579  -51.436  22.650  7.112 0.0000000000
173886  -51.208  23.900  6.893 0.0000000000
173896  -49.191  24.122  6.586 0.0000000000
173884  -49.892  24.426  7.242 0.0000000000
174908  -50.103  24.992  5.995 0.0000000000
174920  -50.173  25.340  5.189 0.0000000000
174909  -50.707  24.984  5.664 0.0000000000
174921  -50.734  25.245  4.856 0.0000000000
174934  -50.225  25.714  4.448 0.0000000000
175911  -48.852  25.836  2.420 0.0000000000
175927  -48.728  26.224  1.864 0.0000000000
176850  -48.847  26.615  1.440 0.0000000000
175946  -48.287  26.469  1.194 0.0000000000
175958  -47.330  26.728  0.530 0.0000000000
175945  -47.555  26.303  0.897 0.0000000000
175955  -45.509  26.384  0.816 0.0000000000
175956  -46.076  26.465  0.662 0.0000000000
176866  -44.962  26.599  0.847 0.0000000000
176880  -43.879  27.074  0.949 0.0000000000
173958  -44.972  24.509  2.272 0.0000000000
174972  -45.078  25.120  1.867 0.0000000000
174971  -44.243  25.110  2.172 0.0000000000
177824  -42.450  27.070  1.876 0.0000000000
176849  -43.269  26.466  1.858 0.0000000000
177834  -42.573  27.458  1.397 0.0000000000
177833  -41.921  27.750  1.591 0.0000000000
178828  -41.499  27.962  1.652 0.0000000000
178826  -40.112  28.209  2.388 0.0000000000
178825  -39.303  28.614  2.520 0.0000000000
178824  -38.854  28.777  2.718 0.0000000000
178817  -38.932  28.597  3.064 0.0000000000
159894  -47.397  14.483  -0.562 0.0000000000
161116  -47.258  15.555  -1.272 0.0000000000
162136  -41.720  15.878  12.539 0.0000000000
163263  -42.545  16.630  12.501 0.0000000000
163264  -43.451  17.023  12.309 0.0000000000
163260  -43.185  17.467  12.868 0.0000000000
164423  -41.891  18.219  13.643 0.0000000000
165632  -42.610  18.879  14.028 0.0000000000
165634  -44.395  19.170  13.717 0.0000000000
165638  -43.253  18.466  13.420 0.0000000000
165639  -44.066  18.590  13.276 0.0000000000
164431  -44.403  18.088  12.776 0.0000000000
165643  -45.536  18.458  12.230 0.0000000000
166825  -46.633  19.829  13.274 0.0000000000
166828  -46.270  19.447  13.030 0.0000000000
166829  -46.907  19.660  12.844 0.0000000000
168014  -47.691  19.913  12.349 0.0000000000
168009  -47.586  20.072  12.949 0.0000000000
169112  -45.911  21.601  15.625 0.0000000000
169118  -46.662  21.524  15.140 0.0000000000
169125  -46.372  20.877  14.451 0.0000000000
169119  -47.624  21.621  14.816 0.0000000000
169128  -49.376  21.517  13.998 0.0000000000
169132  -49.204  21.086  13.303 0.0000000000
168011  -49.082  20.758  12.817 0.0000000000
169140  -49.984  21.250  12.748 0.0000000000
169150  -49.971  20.989  11.829 0.0000000000
169151  -50.725  21.440  12.244 0.0000000000
171492  -51.311  22.667  12.318 0.0000000000
170313  -51.350  22.089  12.017 0.0000000000
171502  -51.335  22.757  11.673 0.0000000000
172705  -51.196  23.544  10.582 0.0000000000
173835  -50.651  24.074  11.011 0.0000000000
142279  -51.950  4.721  5.478 0.0000000000
145265  -51.351  5.843  7.294 0.0000000000
143750  -50.925  5.059  6.761 0.0000000000
143749  -50.137  5.190  6.654 0.0000000000
145263  -49.816  5.423  7.310 0.0000000000
149408  -50.340  8.830  8.860 0.0000000000
150751  -50.621  9.416  8.710 0.0000000000
149422  -50.821  8.593  8.512 0.0000000000
149423  -51.406  8.624  8.095 0.0000000000
148030  -51.077  7.388  8.085 0.0000000000
148019  -50.625  7.633  8.493 0.0000000000
148016  -48.519  7.144  8.999 0.0000000000
146645  -49.498  6.684  8.513 0.0000000000
145236  -48.927  6.173  8.269 0.0000000000
145247  -48.618  5.760  7.745 0.0000000000
145235  -48.263  6.160  8.240 0.0000000000
145233  -47.254  6.396  7.950 0.0000000000
146642  -47.105  6.696  8.266 0.0000000000
149402  -45.827  8.541  9.158 0.0000000000
147998  -45.888  8.014  8.660 0.0000000000
149401  -45.305  8.948  8.916 0.0000000000
150762  -44.941  9.245  8.665 0.0000000000
152061  -46.368  10.310  10.646 0.0000000000
152075  -45.995  9.802  10.234 0.0000000000
152060  -45.664  10.183  10.577 0.0000000000
153374  -44.123  10.464  9.656 0.0000000000
153386  -43.253  10.996  9.638 0.0000000000
153372  -43.053  11.005  10.049 0.0000000000
154608  -47.440  11.759  15.715 0.0000000000
157127  -43.818  13.163  18.745 0.0000000000
158395  -44.466  13.784  18.488 0.0000000000
155838  -41.513  12.430  17.984 0.0000000000
155839  -42.034  12.561  18.436 0.0000000000
155853  -43.848  12.551  17.081 0.0000000000
157149  -44.274  13.079  17.369 0.0000000000
155855  -45.301  12.449  16.952 0.0000000000
155873  -44.916  11.919  16.646 0.0000000000
153284  -44.812  10.949  15.947 0.0000000000
154605  -45.246  11.385  16.254 0.0000000000
153285  -45.414  11.014  15.829 0.0000000000
154619  -46.163  11.041  15.481 0.0000000000
153296  -45.754  10.863  15.424 0.0000000000
153307  -45.815  10.632  14.865 0.0000000000
152005  -45.157  10.495  15.096 0.0000000000
152002  -43.507  10.186  14.950 0.0000000000
152013  -44.561  10.116  14.572 0.0000000000
152012  -43.858  9.990  14.485 0.0000000000
152023  -43.548  9.909  13.818 0.0000000000
152022  -42.827  10.016  13.672 0.0000000000
157192  -40.703  13.090  12.800 0.0000000000
155926  -41.242  12.678  12.243 0.0000000000
157197  -41.158  13.178  12.378 0.0000000000
157198  -41.501  13.386  12.048 0.0000000000
159743  -40.783  14.439  12.645 0.0000000000
159737  -40.565  14.838  12.793 0.0000000000
158455  -38.155  14.302  14.280 0.0000000000
162121  -38.509  16.557  14.321 0.0000000000
163249  -38.786  16.832  14.213 0.0000000000
163245  -38.535  17.164  14.804 0.0000000000
164415  -39.030  17.732  14.916 0.0000000000
146788  -52.415  7.363  -1.130 0.0000000000
148136  -51.689  7.577  -0.958 0.0000000000
149539  -50.937  8.450  -1.112 0.0000000000
149540  -51.250  8.411  -1.400 0.0000000000
150885  -51.137  9.130  -1.583 0.0000000000
150890  -51.389  9.215  -1.988 0.0000000000
152226  -51.228  9.562  -1.703 0.0000000000
148076  -47.226  7.489  4.776 0.0000000000
146706  -47.709  6.804  4.666 0.0000000000
148077  -47.453  7.439  4.391 0.0000000000
149500  -48.112  8.664  2.807 0.0000000000
153485  -47.899  10.850  3.128 0.0000000000
153486  -48.630  10.907  2.567 0.0000000000
153501  -49.626  10.791  1.356 0.0000000000
152186  -48.984  10.099  1.753 0.0000000000
152199  -49.448  9.670  0.592 0.0000000000
150866  -49.513  9.151  0.295 0.0000000000
152200  -49.861  9.989  0.238 0.0000000000
153526  -50.860  10.827  -0.341 0.0000000000
152213  -50.760  10.309  -0.780 0.0000000000
153539  -51.273  10.840  -1.114 0.0000000000
152221  -51.299  10.376  -1.557 0.0000000000
153546  -51.409  10.770  -1.875 0.0000000000
154852  -51.376  11.209  -2.050 0.0000000000
156107  -52.206  13.091  -0.304 0.0000000000
156117  -51.589  12.288  -1.124 0.0000000000
157381  -51.192  12.763  -1.090 0.0000000000
157369  -51.265  13.358  -0.755 0.0000000000
159865  -51.112  14.779  1.800 0.0000000000
158603  -51.413  14.127  1.760 0.0000000000
159872  -51.651  14.757  1.545 0.0000000000
161107  -51.282  15.456  -0.358 0.0000000000
161108  -51.833  15.393  -0.067 0.0000000000
159899  -51.000  14.707  -0.380 0.0000000000
159898  -50.330  14.666  -0.481 0.0000000000
161105  -49.921  15.395  -0.571 0.0000000000
162282  -49.088  16.609  -1.174 0.0000000000
163395  -48.600  17.044  -1.498 0.0000000000
163394  -47.974  16.767  -1.489 0.0000000000
163408  -48.126  17.297  -1.902 0.0000000000
160974  -42.557  15.597  11.391 0.0000000000
160977  -42.603  15.701  10.703 0.0000000000
163276  -43.202  16.941  9.598 0.0000000000
162148  -42.890  16.478  9.720 0.0000000000
163296  -43.001  16.716  8.791 0.0000000000
162167  -42.979  16.483  8.406 0.0000000000
162168  -43.182  16.833  8.122 0.0000000000
165676  -45.186  18.935  9.377 0.0000000000
165666  -44.733  18.581  9.692 0.0000000000
165675  -44.552  18.619  9.155 0.0000000000
165696  -44.405  18.396  7.205 0.0000000000
165690  -44.412  18.573  7.679 0.0000000000
164479  -44.063  17.992  7.454 0.0000000000
163309  -43.863  17.287  7.095 0.0000000000
163314  -44.284  17.265  6.481 0.0000000000
163315  -44.647  17.238  5.991 0.0000000000
164490  -44.590  17.757  6.295 0.0000000000
165717  -45.942  18.330  4.792 0.0000000000
164497  -45.643  17.961  4.974 0.0000000000
164501  -45.964  17.880  4.410 0.0000000000
163340  -45.938  17.078  4.122 0.0000000000
164502  -46.342  18.101  4.031 0.0000000000
169221  -50.580  20.966  8.753 0.0000000000
168051  -49.686  20.745  9.330 0.0000000000
168062  -50.341  20.814  8.244 0.0000000000
169250  -49.868  20.587  6.741 0.0000000000
168086  -49.625  20.570  7.180 0.0000000000
168085  -48.945  20.475  7.002 0.0000000000
168097  -48.852  20.441  6.299 0.0000000000
170449  -50.405  22.468  4.484 0.0000000000
170448  -50.060  22.019  4.155 0.0000000000
168122  -48.671  20.239  3.862 0.0000000000
168115  -48.670  20.272  4.659 0.0000000000
168106  -47.902  20.068  5.066 0.0000000000
166913  -47.235  19.637  4.815 0.0000000000
166914  -47.621  19.719  4.432 0.0000000000
165728  -47.339  19.189  3.632 0.0000000000
165736  -47.565  18.895  3.141 0.0000000000
164511  -47.015  18.150  3.241 0.0000000000
164534  -47.847  17.856  2.500 0.0000000000
164523  -47.867  18.433  2.733 0.0000000000
165746  -49.187  18.992  1.690 0.0000000000
165755  -49.594  18.922  1.122 0.0000000000
170481  -49.466  22.003  0.921 0.0000000000
169327  -49.275  21.285  0.115 0.0000000000
168163  -49.191  20.320  -0.180 0.0000000000
166967  -49.245  19.560  -0.455 0.0000000000
164560  -49.810  18.682  -0.811 0.0000000000
166976  -48.852  19.539  -0.990 0.0000000000
166986  -47.786  19.756  -1.837 0.0000000000
167001  -48.194  19.273  -1.812 0.0000000000
165797  -48.041  19.013  -2.455 0.0000000000
164587  -47.737  18.248  -2.640 0.0000000000
166998  -46.895  19.895  -2.743 0.0000000000
172850  -46.110  23.484  -0.284 0.0000000000
171683  -45.826  22.652  -0.079 0.0000000000
172849  -45.344  23.498  -0.167 0.0000000000
172847  -43.874  23.482  -0.169 0.0000000000
171681  -44.469  22.799  0.029 0.0000000000
177868  -46.122  27.909  -0.352 0.0000000000
178868  -46.132  28.320  -0.745 0.0000000000
178877  -45.030  28.640  -0.836 0.0000000000
179868  -43.066  29.239  -2.073 0.0000000000
179869  -43.824  29.083  -2.051 0.0000000000
179880  -42.664  28.954  -2.654 0.0000000000
177899  -42.690  27.690  -2.916 0.0000000000
178898  -42.277  28.440  -3.014 0.0000000000
179850  -40.867  29.414  -1.337 0.0000000000
177884  -39.178  27.920  -1.935 0.0000000000
178886  -39.938  28.526  -2.475 0.0000000000
177878  -40.256  27.458  -1.886 0.0000000000
176904  -40.483  27.042  -1.354 0.0000000000
176897  -41.003  26.496  -1.012 0.0000000000
176903  -39.901  27.137  -1.051 0.0000000000
176877  -38.688  26.931  0.284 0.0000000000
175938  -39.600  25.996  1.200 0.0000000000
174984  -39.810  25.350  1.592 0.0000000000
175922  -39.369  25.714  1.747 0.0000000000
175936  -38.382  26.219  1.836 0.0000000000
176858  -36.363  26.975  1.423 0.0000000000
176844  -36.761  26.514  2.042 0.0000000000
176835  -36.614  26.251  2.485 0.0000000000
176834  -36.063  26.353  2.478 0.0000000000
180801  -35.603  29.630  -0.107 0.0000000000
179822  -35.612  28.926  0.236 0.0000000000
179821  -35.348  28.743  0.670 0.0000000000
178815  -34.577  28.231  2.681 0.0000000000
178816  -34.732  28.195  2.279 0.0000000000
177803  -34.639  27.456  3.020 0.0000000000
176817  -34.664  26.559  3.593 0.0000000000
181754  -35.792  30.694  4.003 0.0000000000
181762  -35.649  30.911  3.473 0.0000000000
182762  -35.604  31.421  4.225 0.0000000000
183808  -35.371  32.518  3.508 0.0000000000
155967  -42.042  12.794  9.889 0.0000000000
157243  -42.109  13.279  9.503 0.0000000000
159777  -42.128  14.921  9.731 0.0000000000
171577  -47.574  22.786  6.616 0.0000000000
170420  -46.609  22.203  5.717 0.0000000000
171616  -45.861  22.466  4.140 0.0000000000
171615  -45.152  22.491  4.151 0.0000000000
171614  -44.393  22.594  4.210 0.0000000000
171613  -43.551  22.834  4.276 0.0000000000
153537  -50.154  11.119  -1.898 0.0000000000
165616  -40.108  19.185  16.426 0.0000000000
154662  -48.111  11.848  11.907 0.0000000000
154661  -47.603  11.504  12.137 0.0000000000
153336  -47.044  11.121  12.329 0.0000000000
153326  -46.388  10.659  13.325 0.0000000000
153325  -45.907  10.364  13.701 0.0000000000
155864  -38.031  12.289  16.056 0.0000000000
143778  -49.923  5.164  5.250 0.0000000000
143795  -49.460  5.404  4.613 0.0000000000
145315  -49.068  5.857  3.918 0.0000000000
158577  -46.607  14.177  3.789 0.0000000000
158578  -47.024  13.836  3.502 0.0000000000
159845  -47.234  14.298  3.240 0.0000000000
159852  -47.529  14.733  2.942 0.0000000000
159853  -48.350  14.743  2.542 0.0000000000
159861  -48.615  15.162  2.338 0.0000000000
161069  -48.305  15.545  2.366 0.0000000000
162239  -48.374  16.125  2.212 0.0000000000
166837  -46.891  19.451  11.539 0.0000000000
166847  -46.645  19.413  10.666 0.0000000000
166838  -47.434  19.746  11.042 0.0000000000
166849  -48.042  20.126  10.249 0.0000000000
175914  -50.248  26.053  2.232 0.0000000000
173951  -50.462  24.809  2.875 0.0000000000
174978  -50.236  25.856  2.028 0.0000000000
174977  -50.172  25.253  1.771 0.0000000000
173969  -49.883  24.517  1.154 0.0000000000
172839  -49.437  23.743  0.602 0.0000000000
173976  -49.482  24.807  0.531 0.0000000000
174999  -49.151  25.159  -0.098 0.0000000000
175969  -48.376  25.915  -1.089 0.0000000000
175016  -48.041  25.285  -1.015 0.0000000000
175030  -47.895  25.941  -1.345 0.0000000000
175997  -47.183  26.946  -2.016 0.0000000000
177890  -46.061  27.547  -2.225 0.0000000000
179813  -39.329  29.026  1.535 0.0000000000
179823  -38.852  29.360  1.017 0.0000000000
180794  -38.424  29.520  1.025 0.0000000000
180802  -37.072  30.600  0.507 0.0000000000
180792  -36.903  30.441  1.065 0.0000000000
180791  -36.393  30.752  1.407 0.0000000000
181775  -36.073  30.905  1.818 0.0000000000
149449  -45.326  8.674  7.260 0.0000000000
150793  -45.357  8.938  6.829 0.0000000000
150792  -45.046  9.288  7.140 0.0000000000
152139  -45.068  10.034  6.442 0.0000000000
153426  -44.667  10.777  6.664 0.0000000000
157276  -43.921  13.072  6.781 0.0000000000
158548  -44.129  13.698  6.448 0.0000000000
158554  -44.572  13.554  6.037 0.0000000000
158555  -44.991  13.692  5.620 0.0000000000
159828  -44.886  14.617  5.494 0.0000000000
161043  -45.076  15.476  5.123 0.0000000000
171530  -51.452  23.025  10.230 0.0000000000
171542  -51.544  22.866  9.558 0.0000000000
172726  -51.369  23.480  9.009 0.0000000000
173864  -51.028  24.039  8.495 0.0000000000
173923  -48.721  23.954  5.040 0.0000000000
173911  -49.160  24.374  5.608 0.0000000000
173924  -49.151  24.560  4.713 0.0000000000
175885  -49.773  25.728  3.945 0.0000000000
174948  -49.263  25.393  3.547 0.0000000000
174960  -48.703  25.274  2.718 0.0000000000
174976  -48.294  25.577  1.867 0.0000000000
174989  -46.794  25.551  1.251 0.0000000000
174988  -46.027  25.477  1.348 0.0000000000
175942  -45.193  26.025  1.166 0.0000000000
174958  -43.356  25.063  2.839 0.0000000000
174970  -43.653  25.312  2.448 0.0000000000
175923  -42.917  26.034  2.515 0.0000000000
176847  -42.001  26.843  2.466 0.0000000000
177822  -40.737  27.672  2.485 0.0000000000
177814  -40.277  27.647  3.060 0.0000000000
177813  -39.813  27.824  3.369 0.0000000000
158638  -47.645  13.827  -0.187 0.0000000000
159895  -47.990  14.723  -0.434 0.0000000000
162134  -41.844  16.320  12.588 0.0000000000
164428  -42.206  17.717  13.163 0.0000000000
166816  -42.904  19.691  14.745 0.0000000000
166820  -43.329  19.404  14.239 0.0000000000
166821  -43.952  19.533  14.138 0.0000000000
165635  -44.896  19.358  13.693 0.0000000000
166823  -45.358  19.672  13.749 0.0000000000
166824  -46.120  19.827  13.546 0.0000000000
168003  -46.852  20.298  13.725 0.0000000000
170268  -47.950  21.998  15.245 0.0000000000
169120  -48.150  21.735  14.771 0.0000000000
170269  -48.621  21.939  14.934 0.0000000000
170277  -49.648  21.813  14.432 0.0000000000
169141  -50.467  21.590  13.043 0.0000000000
170288  -50.739  21.887  13.433 0.0000000000
143764  -52.184  4.894  6.294 0.0000000000
145266  -52.085  5.951  6.983 0.0000000000
150749  -49.338  9.255  9.473 0.0000000000
149407  -49.792  8.513  9.103 0.0000000000
148018  -49.884  7.577  8.850 0.0000000000
148003  -49.367  7.891  9.152 0.0000000000
148002  -48.772  7.749  9.248 0.0000000000
148001  -47.964  7.504  9.220 0.0000000000
146627  -47.364  7.088  8.856 0.0000000000
149403  -46.748  8.189  9.474 0.0000000000
149386  -46.083  8.896  9.652 0.0000000000
152059  -45.054  10.204  10.401 0.0000000000
153356  -43.461  10.618  10.670 0.0000000000
153355  -42.732  10.897  10.712 0.0000000000
155850  -41.392  12.404  17.378 0.0000000000
155872  -44.159  11.951  16.722 0.0000000000
153294  -44.451  10.573  15.528 0.0000000000
152004  -44.798  10.363  15.093 0.0000000000
153293  -43.703  10.477  15.485 0.0000000000
155911  -40.503  12.440  13.187 0.0000000000
158467  -40.466  13.534  12.861 0.0000000000
158473  -40.575  14.300  12.733 0.0000000000
158466  -40.167  14.010  12.961 0.0000000000
159735  -39.257  14.955  13.401 0.0000000000
148135  -51.212  7.645  -0.691 0.0000000000
149532  -50.731  8.340  -0.805 0.0000000000
150878  -50.356  9.029  -0.763 0.0000000000
150828  -46.618  8.912  4.781 0.0000000000
149485  -47.362  8.217  3.970 0.0000000000
150829  -47.008  8.949  4.263 0.0000000000
150835  -47.443  9.120  3.685 0.0000000000
150843  -47.853  9.241  3.056 0.0000000000
154798  -48.723  11.819  2.659 0.0000000000
153487  -49.017  11.400  2.392 0.0000000000
152193  -49.898  10.517  0.694 0.0000000000
153512  -50.672  11.265  0.522 0.0000000000
154833  -51.393  11.429  -0.346 0.0000000000
154834  -51.582  11.661  -0.796 0.0000000000
154821  -51.669  11.913  -0.218 0.0000000000
156094  -51.863  12.374  0.288 0.0000000000
156095  -52.298  12.945  0.077 0.0000000000
161086  -51.206  15.829  1.418 0.0000000000
161087  -51.738  15.460  1.257 0.0000000000
162273  -51.584  16.167  -0.221 0.0000000000
162272  -50.936  16.292  -0.616 0.0000000000
162271  -50.231  16.111  -0.840 0.0000000000
162284  -50.448  16.823  -0.967 0.0000000000
162142  -43.293  16.579  10.918 0.0000000000
162144  -42.897  16.259  10.471 0.0000000000
163277  -43.533  17.261  9.935 0.0000000000
164450  -43.635  17.595  9.538 0.0000000000
166876  -45.417  19.319  8.488 0.0000000000
165684  -44.970  18.975  8.740 0.0000000000
166886  -45.443  19.417  7.714 0.0000000000
165697  -44.972  18.838  6.982 0.0000000000
164491  -44.986  17.923  5.890 0.0000000000
165705  -45.525  19.095  6.267 0.0000000000
165710  -45.738  18.710  5.353 0.0000000000
165711  -46.247  19.013  5.030 0.0000000000
169252  -51.057  21.338  7.287 0.0000000000
169264  -49.928  20.650  6.234 0.0000000000
170457  -49.670  21.897  3.269 0.0000000000
169288  -49.618  21.437  3.692 0.0000000000
169287  -49.227  20.792  3.569 0.0000000000
166922  -47.621  19.559  3.852 0.0000000000
168121  -48.116  19.812  3.400 0.0000000000
168131  -47.559  20.230  2.710 0.0000000000
166937  -47.409  19.714  2.581 0.0000000000
166945  -47.896  19.765  2.219 0.0000000000
166946  -48.657  19.764  1.795 0.0000000000
166954  -48.931  19.969  1.305 0.0000000000
170494  -49.040  22.000  -0.142 0.0000000000
169326  -49.099  21.498  -0.293 0.0000000000
168162  -48.998  20.543  -0.607 0.0000000000
168177  -48.638  20.273  -0.941 0.0000000000
166975  -48.501  19.798  -1.114 0.0000000000
168176  -48.142  20.347  -1.106 0.0000000000
168191  -47.951  20.042  -1.462 0.0000000000
168190  -47.454  20.144  -1.675 0.0000000000
168199  -46.904  20.122  -2.174 0.0000000000
168173  -46.626  20.641  -1.441 0.0000000000
169353  -46.024  20.998  -1.309 0.0000000000
175012  -44.960  24.849  -0.635 0.0000000000
173985  -44.793  24.179  -0.378 0.0000000000
175011  -44.201  24.809  -0.606 0.0000000000
175010  -43.472  24.770  -0.655 0.0000000000
178852  -44.335  28.168  -0.112 0.0000000000
179841  -44.608  28.867  -0.981 0.0000000000
179852  -42.723  29.413  -1.397 0.0000000000
179867  -42.240  29.268  -2.107 0.0000000000
179848  -38.987  29.491  -1.464 0.0000000000
179864  -39.490  29.118  -1.939 0.0000000000
179863  -38.892  29.070  -1.909 0.0000000000
178876  -38.733  28.245  -1.882 0.0000000000
177876  -38.804  27.758  -1.503 0.0000000000
177865  -39.322  27.356  -1.113 0.0000000000
177864  -38.718  27.409  -0.822 0.0000000000
177845  -38.392  27.251  -0.317 0.0000000000
176860  -38.014  26.613  1.415 0.0000000000
176875  -37.425  26.952  0.969 0.0000000000
177831  -36.575  27.145  0.941 0.0000000000
177830  -35.841  27.409  1.118 0.0000000000
181789  -34.818  30.402  0.728 0.0000000000
180790  -34.649  29.710  1.355 0.0000000000
179802  -34.431  29.294  2.066 0.0000000000
179794  -34.366  28.989  2.557 0.0000000000
179787  -34.176  29.024  3.429 0.0000000000
180768  -33.940  29.804  3.684 0.0000000000
154718  -43.414  11.447  8.238 0.0000000000
153411  -43.749  11.088  8.072 0.0000000000
154728  -43.171  11.922  7.940 0.0000000000
157256  -42.572  13.215  8.412 0.0000000000
157266  -42.959  13.194  7.686 0.0000000000
158540  -43.271  13.934  7.320 0.0000000000
159803  -43.105  14.783  7.555 0.0000000000
161014  -43.387  15.565  7.239 0.0000000000
173872  -49.712  24.035  8.265 0.0000000000
173871  -49.311  23.822  8.063 0.0000000000
172748  -48.849  23.641  7.296 0.0000000000
173895  -48.726  23.764  6.381 0.0000000000
171592  -47.888  23.043  6.430 0.0000000000
172760  -48.073  23.255  5.735 0.0000000000
172775  -48.321  23.543  5.494 0.0000000000
172788  -48.207  23.516  4.698 0.0000000000
172802  -47.873  23.464  4.070 0.0000000000
173935  -47.645  23.580  3.499 0.0000000000
173947  -46.440  23.876  2.558 0.0000000000
173946  -45.564  23.897  2.541 0.0000000000
173945  -44.809  24.056  2.701 0.0000000000
171641  -45.069  23.164  3.340 0.0000000000
172812  -44.561  23.579  3.156 0.0000000000
173944  -44.025  24.323  2.831 0.0000000000
174946  -43.062  24.862  3.218 0.0000000000
175896  -42.441  25.558  3.244 0.0000000000
175894  -41.444  25.886  3.850 0.0000000000
156104  -49.340  12.323  -0.341 0.0000000000
165629  -40.262  18.284  14.323 0.0000000000
164422  -41.108  18.092  13.785 0.0000000000
165630  -40.696  18.513  14.282 0.0000000000
165626  -41.921  19.242  14.644 0.0000000000
165620  -40.889  19.396  15.620 0.0000000000
166814  -41.723  19.544  15.168 0.0000000000
166815  -42.260  19.634  14.991 0.0000000000
152078  -48.252  10.206  10.255 0.0000000000
152077  -47.436  9.898  10.440 0.0000000000
152062  -47.087  10.392  10.702 0.0000000000
153359  -46.026  10.626  11.125 0.0000000000
153345  -46.514  10.886  11.753 0.0000000000
153343  -44.806  10.197  11.854 0.0000000000
152041  -43.713  10.014  12.557 0.0000000000
154564  -41.230  11.591  18.574 0.0000000000
154578  -41.077  12.023  18.214 0.0000000000
155837  -41.040  12.254  17.786 0.0000000000
155869  -41.785  12.236  16.808 0.0000000000
155902  -39.089  12.897  14.136 0.0000000000
157184  -38.768  13.524  13.981 0.0000000000
155901  -38.679  13.187  14.281 0.0000000000
157176  -38.025  13.643  14.626 0.0000000000
157175  -37.583  13.838  14.977 0.0000000000
155883  -37.738  12.944  15.366 0.0000000000
158448  -37.264  14.280  15.170 0.0000000000
154782  -46.603  11.617  4.224 0.0000000000
153479  -47.336  10.826  3.664 0.0000000000
154789  -47.043  11.607  3.800 0.0000000000
156062  -48.318  12.480  2.875 0.0000000000
156063  -48.915  12.580  2.640 0.0000000000
156071  -49.538  12.739  2.306 0.0000000000
157337  -50.741  13.354  1.893 0.0000000000
157336  -49.999  13.388  2.167 0.0000000000
158601  -50.273  14.091  2.065 0.0000000000
159864  -50.496  14.809  1.933 0.0000000000
161078  -50.078  15.527  1.880 0.0000000000
161079  -50.737  15.531  1.694 0.0000000000
162249  -50.558  16.478  1.397 0.0000000000
164439  -44.982  18.103  11.080 0.0000000000
165655  -45.350  18.585  10.731 0.0000000000
165668  -45.729  18.942  10.360 0.0000000000
165677  -45.623  19.046  9.808 0.0000000000
166867  -45.892  19.374  9.177 0.0000000000
166878  -46.807  20.043  7.846 0.0000000000
168069  -47.179  20.231  7.154 0.0000000000
172790  -50.745  23.605  4.657 0.0000000000
171619  -50.374  22.893  4.180 0.0000000000
172817  -50.416  24.071  3.190 0.0000000000
171643  -49.863  22.619  2.977 0.0000000000
170465  -49.614  21.836  2.415 0.0000000000
169309  -49.274  21.303  1.807 0.0000000000
171672  -49.173  22.821  0.282 0.0000000000
171686  -48.106  22.849  -0.265 0.0000000000
171685  -47.398  22.802  -0.392 0.0000000000
172851  -46.873  23.525  -0.419 0.0000000000
173987  -46.320  24.220  -0.554 0.0000000000
175028  -46.601  25.539  -1.269 0.0000000000
175027  -45.851  25.466  -1.144 0.0000000000
175013  -45.723  24.855  -0.773 0.0000000000
175979  -44.428  25.913  -1.382 0.0000000000
175992  -43.772  26.326  -1.804 0.0000000000
176917  -43.150  26.706  -2.268 0.0000000000
179826  -41.251  29.013  0.053 0.0000000000
179827  -41.906  28.997  -0.158 0.0000000000
180823  -39.336  29.739  -0.806 0.0000000000
180805  -39.294  29.580  0.130 0.0000000000
180815  -39.205  29.736  -0.399 0.0000000000
180822  -39.039  29.783  -0.900 0.0000000000
180821  -38.444  29.879  -1.111 0.0000000000
180820  -37.893  29.837  -1.250 0.0000000000
179834  -37.093  29.227  -0.993 0.0000000000
179833  -36.567  29.094  -0.569 0.0000000000
180811  -36.651  29.865  -0.652 0.0000000000
180810  -36.120  29.705  -0.381 0.0000000000
181790  -35.398  30.510  0.049 0.0000000000
181791  -36.084  31.227  -0.106 0.0000000000
182796  -34.873  31.122  0.597 0.0000000000
182787  -34.349  31.282  1.240 0.0000000000
183829  -33.945  31.710  1.887 0.0000000000
146683  -47.381  6.321  6.124 0.0000000000
145289  -47.820  6.057  5.863 0.0000000000
146682  -46.979  6.700  6.230 0.0000000000
148053  -46.638  7.305  5.985 0.0000000000
149474  -46.562  8.140  5.335 0.0000000000
149461  -45.994  8.312  6.233 0.0000000000
149473  -46.181  8.478  5.670 0.0000000000
150819  -46.237  8.988  5.259 0.0000000000
152164  -46.336  9.946  4.866 0.0000000000
153471  -46.434  10.901  4.499 0.0000000000
154730  -44.125  11.383  7.259 0.0000000000
154743  -44.769  11.334  6.345 0.0000000000
156012  -44.537  12.330  6.380 0.0000000000
154757  -44.733  11.840  6.280 0.0000000000
153460  -45.638  10.901  5.281 0.0000000000
154781  -46.179  11.619  4.613 0.0000000000
156039  -46.334  12.332  4.362 0.0000000000
157304  -46.484  13.041  4.118 0.0000000000
158562  -45.781  13.584  4.665 0.0000000000
158570  -46.179  13.892  4.242 0.0000000000
159843  -46.305  14.782  3.906 0.0000000000
161059  -46.456  15.565  3.622 0.0000000000
162222  -46.605  16.334  3.382 0.0000000000
168031  -49.757  20.747  10.769 0.0000000000
168042  -49.695  20.762  10.037 0.0000000000
169186  -50.250  20.957  10.236 0.0000000000
170361  -51.631  22.091  9.325 0.0000000000
170375  -51.521  22.001  8.434 0.0000000000
169237  -51.173  21.362  8.148 0.0000000000
170389  -51.412  21.972  7.579 0.0000000000
171594  -51.366  22.649  6.528 0.0000000000
171593  -51.245  22.920  6.007 0.0000000000
173885  -50.709  24.450  7.008 0.0000000000
174907  -49.579  24.642  6.014 0.0000000000
174898  -50.234  24.759  6.649 0.0000000000
173898  -51.086  24.281  6.168 0.0000000000
172763  -51.242  23.605  6.161 0.0000000000
172776  -51.094  23.642  5.560 0.0000000000
174935  -50.707  25.526  3.976 0.0000000000
175887  -50.500  25.965  3.389 0.0000000000
175897  -49.615  25.947  3.354 0.0000000000
175898  -50.025  26.141  3.079 0.0000000000
175899  -50.429  26.034  2.797 0.0000000000
175928  -49.390  26.520  1.922 0.0000000000
176851  -49.292  26.782  1.277 0.0000000000
176886  -48.409  27.385  0.113 0.0000000000
177853  -48.030  27.725  -0.484 0.0000000000
176885  -47.614  27.149  0.337 0.0000000000
177851  -46.827  27.541  -0.058 0.0000000000
177850  -46.093  27.472  0.032 0.0000000000
175957  -46.770  26.573  0.567 0.0000000000
176883  -46.057  26.980  0.358 0.0000000000
177866  -44.861  27.909  -0.095 0.0000000000
178851  -43.743  28.198  0.115 0.0000000000
178850  -42.914  28.249  0.372 0.0000000000
174987  -45.425  25.455  1.521 0.0000000000
175941  -44.342  26.144  1.420 0.0000000000
175924  -43.508  25.886  2.174 0.0000000000
175940  -43.798  26.192  1.725 0.0000000000
177835  -43.331  27.329  1.028 0.0000000000
177846  -42.985  27.737  0.838 0.0000000000
178849  -41.986  28.547  0.411 0.0000000000
178847  -40.560  28.696  1.011 0.0000000000
178834  -40.212  28.526  1.587 0.0000000000
178827  -40.885  28.001  1.915 0.0000000000
179806  -38.670  29.022  2.307 0.0000000000
179796  -37.301  29.466  2.789 0.0000000000
160973  -42.131  14.992  11.618 0.0000000000
160971  -42.369  15.594  11.961 0.0000000000
163262  -42.119  16.486  12.553 0.0000000000
162139  -43.296  16.498  11.558 0.0000000000
163268  -44.093  17.266  11.781 0.0000000000
164429  -42.891  17.908  13.177 0.0000000000
164435  -44.491  17.673  12.171 0.0000000000
164436  -45.042  18.041  11.812 0.0000000000
165649  -46.460  19.192  11.980 0.0000000000
165641  -45.852  19.112  13.053 0.0000000000
165645  -46.468  19.283  12.345 0.0000000000
166834  -47.511  19.754  11.874 0.0000000000
169124  -45.925  20.753  14.547 0.0000000000
168004  -47.851  20.685  13.641 0.0000000000
168010  -48.535  20.594  13.058 0.0000000000
168016  -49.039  20.584  12.347 0.0000000000
168019  -49.273  20.574  11.504 0.0000000000
168020  -49.834  20.791  11.274 0.0000000000
169169  -50.727  21.271  11.334 0.0000000000
169188  -51.285  21.592  10.829 0.0000000000
170312  -51.174  21.742  12.415 0.0000000000
170329  -51.471  22.173  11.245 0.0000000000
173846  -50.801  24.031  10.129 0.0000000000
173855  -50.269  24.178  9.637 0.0000000000
143763  -51.321  4.869  5.934 0.0000000000
143779  -50.674  5.009  5.197 0.0000000000
143761  -49.678  5.176  5.937 0.0000000000
143747  -48.721  5.426  6.442 0.0000000000
145250  -50.830  6.177  7.635 0.0000000000
146646  -50.167  6.991  8.475 0.0000000000
146657  -50.032  6.425  8.208 0.0000000000
145249  -50.245  6.001  7.779 0.0000000000
145262  -49.016  5.415  7.206 0.0000000000
145261  -48.244  5.712  6.909 0.0000000000
145260  -47.514  6.087  6.863 0.0000000000
146655  -46.760  6.761  7.542 0.0000000000
146640  -46.133  7.451  7.843 0.0000000000
146626  -46.798  7.232  8.663 0.0000000000
148014  -45.975  7.706  8.198 0.0000000000
149436  -45.218  8.748  7.797 0.0000000000
150761  -44.518  9.626  8.351 0.0000000000
152099  -44.286  10.048  8.631 0.0000000000
150734  -46.251  9.288  9.957 0.0000000000
150733  -45.720  9.429  9.838 0.0000000000
152088  -44.846  9.735  9.502 0.0000000000
152087  -44.419  10.055  9.269 0.0000000000
153388  -44.019  10.503  8.953 0.0000000000
153399  -43.662  10.958  8.596 0.0000000000
154708  -43.279  11.294  8.769 0.0000000000
158490  -41.862  13.802  11.250 0.0000000000
154633  -47.363  11.227  14.414 0.0000000000
158396  -45.234  14.054  18.826 0.0000000000
158422  -45.832  13.659  17.574 0.0000000000
157136  -42.652  12.722  18.644 0.0000000000
157137  -43.069  13.142  18.438 0.0000000000
157147  -42.988  13.084  17.779 0.0000000000
157138  -43.615  13.324  18.042 0.0000000000
158407  -44.410  13.613  17.783 0.0000000000
158421  -45.079  13.480  17.499 0.0000000000
155856  -46.083  12.474  16.903 0.0000000000
155875  -46.574  11.971  16.413 0.0000000000
154607  -46.967  11.629  15.817 0.0000000000
154620  -46.614  11.146  15.334 0.0000000000
154632  -46.941  11.104  14.822 0.0000000000
153309  -46.837  10.924  14.379 0.0000000000
153316  -45.970  10.522  14.346 0.0000000000
152026  -45.527  10.281  14.152 0.0000000000
152025  -44.955  10.076  14.058 0.0000000000
152034  -44.689  9.958  13.398 0.0000000000
152033  -43.998  9.901  13.242 0.0000000000
153291  -41.700  10.905  15.403 0.0000000000
153305  -42.556  10.217  14.545 0.0000000000
153304  -41.939  10.452  14.374 0.0000000000
152010  -42.513  10.153  14.137 0.0000000000
152021  -42.210  10.222  13.630 0.0000000000
152031  -42.442  10.213  12.898 0.0000000000
152039  -42.563  10.381  12.190 0.0000000000
157206  -41.620  13.102  11.592 0.0000000000
158482  -41.729  13.835  11.823 0.0000000000
159745  -41.753  14.506  12.050 0.0000000000
160969  -41.328  15.484  12.618 0.0000000000
159738  -40.989  15.163  12.701 0.0000000000
160967  -40.815  15.610  12.814 0.0000000000
163256  -40.136  17.090  13.475 0.0000000000
158457  -38.995  13.835  13.696 0.0000000000
158464  -39.014  14.584  13.544 0.0000000000
162126  -39.367  16.559  13.589 0.0000000000
163250  -39.342  17.167  14.034 0.0000000000
164420  -39.799  17.723  14.139 0.0000000000
164416  -39.536  17.906  14.632 0.0000000000
165623  -39.643  18.302  15.037 0.0000000000
164410  -38.297  17.739  15.795 0.0000000000
164408  -39.195  18.318  15.763 0.0000000000
165615  -39.523  18.816  16.489 0.0000000000
148159  -52.016  8.078  -1.918 0.0000000000
148146  -51.399  7.901  -1.105 0.0000000000
149541  -51.664  8.333  -1.759 0.0000000000
148160  -52.258  7.984  -2.312 0.0000000000
149548  -51.700  8.566  -2.257 0.0000000000
150897  -51.423  9.475  -2.935 0.0000000000
146694  -47.975  6.333  4.908 0.0000000000
146707  -48.111  6.475  4.409 0.0000000000
146713  -48.292  6.654  3.708 0.0000000000
148084  -47.754  7.488  3.745 0.0000000000
148085  -48.136  7.490  3.175 0.0000000000
146719  -48.549  6.890  2.975 0.0000000000
150850  -48.624  9.249  1.844 0.0000000000
149513  -49.037  8.375  1.099 0.0000000000
150867  -49.932  9.154  -0.250 0.0000000000
152219  -50.580  9.466  -0.971 0.0000000000
153525  -50.288  10.398  -0.117 0.0000000000
152227  -51.388  9.957  -1.982 0.0000000000
153551  -51.211  10.484  -2.766 0.0000000000
153545  -51.275  10.930  -2.402 0.0000000000
154851  -51.002  11.323  -2.081 0.0000000000
154844  -50.793  11.725  -1.606 0.0000000000
156116  -51.087  12.216  -1.340 0.0000000000
156115  -50.572  12.255  -1.199 0.0000000000
157367  -49.740  13.063  -0.358 0.0000000000
157346  -51.430  13.336  1.519 0.0000000000
157347  -52.077  13.422  1.032 0.0000000000
158625  -52.233  14.121  0.305 0.0000000000
159883  -52.309  14.754  0.608 0.0000000000
159901  -52.054  14.744  0.128 0.0000000000
158643  -51.409  14.021  -0.390 0.0000000000
158642  -50.774  13.935  -0.519 0.0000000000
158641  -50.049  13.864  -0.406 0.0000000000
158640  -49.203  13.845  -0.170 0.0000000000
159896  -48.808  14.687  -0.324 0.0000000000
161103  -48.481  15.378  -0.596 0.0000000000
162270  -49.518  16.036  -0.863 0.0000000000
162269  -48.825  15.991  -0.798 0.0000000000
162268  -48.251  15.936  -0.809 0.0000000000
162280  -47.780  16.181  -1.160 0.0000000000
160980  -42.281  15.314  10.254 0.0000000000
159778  -42.272  15.287  9.461 0.0000000000
160992  -42.501  15.757  9.359 0.0000000000
161003  -42.706  15.740  8.566 0.0000000000
164451  -44.157  18.047  9.795 0.0000000000
164461  -43.610  17.715  9.085 0.0000000000
165683  -44.432  18.661  8.420 0.0000000000
164471  -44.024  18.190  8.091 0.0000000000
164470  -43.626  17.753  8.372 0.0000000000
163302  -43.490  17.219  7.819 0.0000000000
163308  -43.558  16.826  7.369 0.0000000000
162193  -43.919  15.951  6.456 0.0000000000
162194  -44.270  16.377  6.122 0.0000000000
162204  -44.815  16.288  5.439 0.0000000000
163331  -45.112  16.749  5.100 0.0000000000
162212  -45.232  16.255  4.855 0.0000000000
163349  -46.775  17.064  3.138 0.0000000000
168041  -49.134  20.538  9.810 0.0000000000
168050  -49.160  20.526  9.080 0.0000000000
168049  -48.541  20.363  8.871 0.0000000000
168073  -49.639  20.609  7.838 0.0000000000
168059  -48.458  20.420  8.175 0.0000000000
168058  -47.783  20.332  7.963 0.0000000000
168070  -47.767  20.371  7.283 0.0000000000
168083  -47.623  20.248  6.596 0.0000000000
170436  -50.540  22.153  4.914 0.0000000000
169273  -50.462  21.467  5.306 0.0000000000
169272  -49.745  20.843  5.247 0.0000000000
169281  -49.685  21.201  4.302 0.0000000000
168108  -49.385  20.539  5.956 0.0000000000
168096  -48.141  20.296  6.004 0.0000000000
168094  -46.892  19.873  6.081 0.0000000000
166904  -47.050  19.702  5.304 0.0000000000
166912  -46.643  19.344  4.995 0.0000000000
165720  -47.271  19.341  3.931 0.0000000000
165719  -46.973  19.127  4.041 0.0000000000
165726  -46.577  18.327  3.921 0.0000000000
164510  -46.593  17.864  3.518 0.0000000000
164521  -46.965  17.671  3.002 0.0000000000
163350  -47.382  17.065  2.708 0.0000000000
163361  -48.092  17.017  2.298 0.0000000000
164553  -50.222  18.270  0.375 0.0000000000
169317  -48.945  20.891  1.467 0.0000000000
168149  -49.081  20.431  1.134 0.0000000000
166955  -49.386  19.690  0.879 0.0000000000
165764  -49.863  18.822  0.398 0.0000000000
164561  -50.167  18.249  -0.692 0.0000000000
164567  -49.682  18.371  -1.297 0.0000000000
163410  -49.134  18.117  -1.730 0.0000000000
166988  -48.704  19.216  -1.304 0.0000000000
164578  -48.635  18.468  -2.006 0.0000000000
163409  -48.691  17.696  -1.853 0.0000000000
164577  -48.204  17.952  -2.184 0.0000000000
170509  -46.420  22.064  -0.493 0.0000000000
170508  -45.745  21.962  -0.327 0.0000000000
172848  -44.611  23.504  -0.157 0.0000000000
171669  -44.918  22.517  0.211 0.0000000000
177870  -47.456  28.044  -0.844 0.0000000000
178892  -46.572  28.068  -1.877 0.0000000000
178903  -45.548  28.020  -2.267 0.0000000000
179854  -44.267  29.080  -1.475 0.0000000000
178888  -44.560  28.529  -2.283 0.0000000000
177902  -44.809  27.697  -2.539 0.0000000000
176930  -44.040  27.225  -2.542 0.0000000000
176929  -43.329  27.159  -2.654 0.0000000000
176916  -42.257  26.812  -2.245 0.0000000000
179837  -41.464  29.289  -0.648 0.0000000000
179851  -41.819  29.384  -1.401 0.0000000000
179866  -41.326  29.130  -2.224 0.0000000000
178887  -40.739  28.585  -2.708 0.0000000000
178897  -41.516  28.552  -2.896 0.0000000000
177897  -41.183  27.979  -2.904 0.0000000000
176915  -41.380  27.045  -2.089 0.0000000000
176906  -41.862  26.561  -1.795 0.0000000000
175975  -41.485  26.107  -1.076 0.0000000000
175966  -41.230  25.879  -0.554 0.0000000000
175954  -40.999  25.715  -0.040 0.0000000000
176879  -40.185  26.561  -0.168 0.0000000000
175953  -40.450  26.002  0.310 0.0000000000
174996  -40.628  25.382  0.694 0.0000000000
174985  -40.364  25.109  1.189 0.0000000000
176845  -37.593  26.464  1.907 0.0000000000
175905  -37.391  25.748  2.924 0.0000000000
178859  -35.973  28.483  0.080 0.0000000000
178845  -35.699  28.101  0.550 0.0000000000
177829  -35.467  27.725  1.239 0.0000000000
179810  -35.017  28.778  1.184 0.0000000000
178823  -34.947  28.135  1.755 0.0000000000
176833  -35.492  26.939  2.132 0.0000000000
177791  -34.057  27.517  4.446 0.0000000000
176820  -40.512  26.374  4.285 0.0000000000
178810  -38.784  28.460  3.739 0.0000000000
178809  -38.249  28.741  4.105 0.0000000000
179790  -38.034  28.989  3.690 0.0000000000
179789  -37.151  29.433  3.523 0.0000000000
180771  -36.968  29.634  3.112 0.0000000000
180762  -36.367  29.995  4.258 0.0000000000
180770  -36.529  29.895  3.420 0.0000000000
180776  -36.281  30.259  2.636 0.0000000000
181774  -35.663  31.438  1.909 0.0000000000
182768  -35.421  31.647  3.492 0.0000000000
182774  -35.337  31.859  2.714 0.0000000000
182781  -35.240  32.005  1.962 0.0000000000
183822  -34.701  32.448  1.951 0.0000000000
143752  -52.137  5.384  6.671 0.0000000000
143759  -48.580  5.575  5.887 0.0000000000
143760  -49.034  5.348  5.934 0.0000000000
145234  -47.577  6.280  8.086 0.0000000000
145244  -46.955  6.532  7.204 0.0000000000
145245  -47.233  6.299  7.515 0.0000000000
145259  -47.104  6.390  6.985 0.0000000000
145275  -47.820  5.941  6.371 0.0000000000
145291  -48.666  5.703  5.123 0.0000000000
145304  -48.386  6.033  4.790 0.0000000000
146625  -46.504  7.370  8.542 0.0000000000
146644  -48.725  6.669  8.630 0.0000000000
146654  -46.272  7.283  7.494 0.0000000000
146656  -47.072  6.505  7.830 0.0000000000
146671  -47.127  6.419  6.585 0.0000000000
146692  -47.090  6.816  5.758 0.0000000000
146787  -51.987  7.451  -1.022 0.0000000000
147999  -46.336  7.677  8.856 0.0000000000
148015  -46.310  7.467  8.444 0.0000000000
148029  -45.927  7.747  7.501 0.0000000000
148052  -46.269  7.684  6.298 0.0000000000
148063  -47.025  7.327  5.212 0.0000000000
148064  -47.384  7.116  4.863 0.0000000000
149406  -49.115  8.430  9.377 0.0000000000
149419  -45.243  8.828  8.472 0.0000000000
149450  -45.662  8.347  6.937 0.0000000000
150747  -45.826  9.074  9.597 0.0000000000
150779  -44.489  9.690  7.985 0.0000000000
150780  -44.766  9.361  7.920 0.0000000000
150807  -45.570  9.070  6.296 0.0000000000
150859  -48.874  8.959  1.343 0.0000000000
152015  -45.651  10.443  14.520 0.0000000000
152047  -42.569  10.494  11.820 0.0000000000
152126  -44.341  10.474  7.521 0.0000000000
152230  -50.163  9.682  -3.072 0.0000000000
152231  -50.648  9.968  -3.112 0.0000000000
152232  -51.225  9.998  -3.104 0.0000000000
152233  -51.430  9.967  -2.636 0.0000000000
153297  -46.170  10.870  15.184 0.0000000000
153306  -45.429  10.599  15.114 0.0000000000
153443  -44.982  10.840  6.154 0.0000000000
153470  -46.037  10.904  4.890 0.0000000000
153493  -48.899  10.506  2.119 0.0000000000
153495  -49.849  11.473  1.645 0.0000000000
153538  -50.938  10.496  -0.892 0.0000000000
153550  -50.909  10.322  -2.913 0.0000000000
154758  -45.040  11.598  5.940 0.0000000000
154811  -50.550  11.855  1.197 0.0000000000
154820  -51.277  11.680  0.212 0.0000000000
154842  -49.520  11.348  -1.099 0.0000000000
154850  -50.502  11.355  -1.954 0.0000000000
155866  -39.193  12.038  15.719 0.0000000000
155886  -47.719  11.794  15.580 0.0000000000
156000  -43.740  12.434  7.139 0.0000000000
156073  -50.733  12.730  1.657 0.0000000000
156083  -52.172  12.949  0.607 0.0000000000
156103  -48.835  12.013  -0.073 0.0000000000
157125  -42.799  12.464  18.852 0.0000000000
157139  -43.949  13.395  17.685 0.0000000000
157150  -44.913  12.967  17.266 0.0000000000
157158  -36.633  13.412  16.244 0.0000000000
157168  -37.695  13.425  15.036 0.0000000000
157177  -38.441  13.404  14.330 0.0000000000
157286  -44.673  12.837  6.141 0.0000000000
157357  -52.327  13.505  0.478 0.0000000000
157371  -52.278  13.538  -0.067 0.0000000000
157382  -51.663  12.895  -0.885 0.0000000000
158406  -43.991  13.491  17.939 0.0000000000
158420  -44.659  13.315  17.447 0.0000000000
158456  -38.713  14.256  13.820 0.0000000000
158602  -50.882  14.141  1.929 0.0000000000
158611  -51.897  14.076  1.371 0.0000000000
158622  -47.800  13.351  0.020 0.0000000000
158644  -51.934  14.088  -0.131 0.0000000000
159790  -42.085  14.525  9.435 0.0000000000
159818  -43.919  15.081  6.448 0.0000000000
159873  -52.092  14.763  1.139 0.0000000000
160991  -42.316  15.448  9.764 0.0000000000
161033  -44.373  15.482  5.902 0.0000000000
161088  -52.183  15.375  0.885 0.0000000000
161096  -52.175  15.362  0.361 0.0000000000
162149  -43.214  16.855  9.870 0.0000000000
162176  -42.917  16.073  8.118 0.0000000000
162185  -43.714  16.360  6.887 0.0000000000
162203  -44.509  15.907  5.724 0.0000000000
162251  -51.903  15.785  0.972 0.0000000000
162259  -51.733  16.393  0.332 0.0000000000
162260  -51.984  15.885  0.632 0.0000000000
163251  -39.885  17.482  13.866 0.0000000000
163287  -43.071  16.824  9.170 0.0000000000
163288  -43.365  17.255  9.322 0.0000000000
163303  -43.755  17.592  7.531 0.0000000000
163322  -45.068  17.227  5.440 0.0000000000
163323  -45.387  17.596  5.149 0.0000000000
163360  -47.644  17.510  2.527 0.0000000000
163378  -51.440  16.916  -0.076 0.0000000000
164411  -38.751  17.857  15.423 0.0000000000
164417  -39.984  18.096  14.343 0.0000000000
164434  -44.019  17.568  12.507 0.0000000000
164452  -44.702  18.424  9.999 0.0000000000
164485  -44.784  18.249  6.385 0.0000000000
164496  -45.324  17.987  5.387 0.0000000000
164509  -46.162  17.637  3.877 0.0000000000
164568  -50.061  18.113  -1.086 0.0000000000
164579  -49.071  18.609  -1.615 0.0000000000
164589  -48.375  18.683  -2.093 0.0000000000
165637  -42.799  18.387  13.512 0.0000000000
165667  -45.159  18.698  10.060 0.0000000000
165704  -45.158  18.575  6.054 0.0000000000
165735  -47.229  18.446  3.229 0.0000000000
165765  -50.142  18.412  0.168 0.0000000000
165773  -50.096  18.514  -0.088 0.0000000000
165781  -49.447  19.046  -0.882 0.0000000000
165788  -48.689  18.972  -1.614 0.0000000000
165796  -47.806  18.981  -2.767 0.0000000000
165798  -48.314  18.996  -1.985 0.0000000000
166830  -47.325  19.754  12.460 0.0000000000
166832  -46.516  19.378  12.604 0.0000000000
166888  -46.577  19.940  6.995 0.0000000000
166903  -46.677  19.625  5.681 0.0000000000
166921  -47.248  19.447  4.247 0.0000000000
166935  -46.666  20.194  1.931 0.0000000000
166936  -46.996  20.157  2.195 0.0000000000
166943  -46.857  20.102  2.066 0.0000000000
166944  -47.175  19.973  2.066 0.0000000000
166985  -47.501  19.878  -1.978 0.0000000000
166997  -46.421  20.063  -2.855 0.0000000000
167000  -48.026  19.371  -2.005 0.0000000000
167011  -47.086  19.503  -3.252 0.0000000000
167996  -45.694  20.681  14.592 0.0000000000
168005  -48.367  20.880  13.595 0.0000000000
168028  -48.134  20.180  9.915 0.0000000000
168040  -48.582  20.347  9.556 0.0000000000
168057  -47.370  20.264  7.658 0.0000000000
168061  -49.865  20.698  8.555 0.0000000000
168071  -48.379  20.442  7.486 0.0000000000
168074  -50.168  20.708  7.822 0.0000000000
168087  -49.973  20.626  7.455 0.0000000000
168095  -47.331  19.998  5.808 0.0000000000
168129  -46.840  20.139  2.177 0.0000000000
168130  -46.972  20.248  2.458 0.0000000000
168138  -46.757  20.329  2.041 0.0000000000
168139  -47.024  20.285  2.188 0.0000000000
168175  -47.644  20.442  -1.235 0.0000000000
168189  -46.946  20.300  -1.726 0.0000000000
168192  -48.304  19.977  -1.214 0.0000000000
168200  -47.280  20.020  -2.025 0.0000000000
169129  -49.812  21.699  14.038 0.0000000000
169134  -50.411  21.710  13.442 0.0000000000
169139  -49.461  20.902  12.513 0.0000000000
169152  -51.245  21.615  12.114 0.0000000000
169220  -50.094  20.828  9.030 0.0000000000
169271  -49.144  20.518  4.944 0.0000000000
169295  -47.079  20.461  2.348 0.0000000000
169296  -47.113  20.403  2.578 0.0000000000
169306  -47.183  20.369  2.251 0.0000000000
169307  -47.279  20.453  2.446 0.0000000000
169365  -45.929  20.726  -1.675 0.0000000000
170272  -50.496  22.204  14.585 0.0000000000
170276  -49.085  21.730  14.481 0.0000000000
170279  -50.741  22.101  14.074 0.0000000000
170280  -51.096  22.177  13.699 0.0000000000
170287  -50.424  21.818  13.739 0.0000000000
170289  -51.139  22.175  13.186 0.0000000000
170299  -50.926  21.780  12.835 0.0000000000
170433  -46.098  22.060  5.195 0.0000000000
170447  -46.573  22.414  4.698 0.0000000000
170491  -44.666  22.348  0.170 0.0000000000
170492  -44.984  22.169  0.073 0.0000000000
171480  -51.370  22.645  12.911 0.0000000000
171590  -47.085  22.534  5.456 0.0000000000
171603  -46.901  22.563  4.820 0.0000000000
171618  -47.124  22.799  4.386 0.0000000000
171626  -43.574  23.143  3.944 0.0000000000
171629  -45.428  22.793  3.678 0.0000000000
171640  -44.775  23.213  3.370 0.0000000000
171642  -45.616  23.075  3.296 0.0000000000
171671  -45.607  22.229  0.001 0.0000000000
171682  -45.096  22.902  0.056 0.0000000000
172693  -51.173  23.463  11.369 0.0000000000
172761  -48.266  23.404  6.292 0.0000000000
172762  -48.686  23.656  6.731 0.0000000000
172786  -42.972  23.173  4.260 0.0000000000
172789  -50.492  23.460  4.077 0.0000000000
172799  -44.556  23.283  3.429 0.0000000000
172800  -46.678  23.056  3.464 0.0000000000
172810  -43.375  24.074  3.390 0.0000000000
172815  -46.970  23.431  3.133 0.0000000000
173899  -51.230  23.787  6.464 0.0000000000
173937  -49.083  24.824  3.984 0.0000000000
173943  -43.433  24.429  3.143 0.0000000000
173957  -44.391  24.559  2.472 0.0000000000
174945  -42.589  25.068  3.484 0.0000000000
174957  -42.825  25.272  3.129 0.0000000000
174963  -50.424  25.494  2.452 0.0000000000
174975  -47.526  25.214  1.664 0.0000000000
174990  -47.548  25.745  1.257 0.0000000000
175000  -49.542  25.679  0.349 0.0000000000
175017  -48.747  25.555  -0.669 0.0000000000
175026  -45.088  25.423  -1.043 0.0000000000
175029  -47.330  25.684  -1.388 0.0000000000
175895  -41.953  25.714  3.564 0.0000000000
175908  -42.162  25.931  3.171 0.0000000000
175910  -43.256  25.648  2.607 0.0000000000
175913  -49.961  26.333  2.411 0.0000000000
175919  -37.486  26.114  2.399 0.0000000000
175920  -38.148  26.056  2.209 0.0000000000
175926  -44.866  25.679  1.537 0.0000000000
175930  -50.169  26.095  1.986 0.0000000000
175937  -38.835  26.175  1.558 0.0000000000
175943  -46.068  25.991  1.012 0.0000000000
175952  -39.858  26.240  0.660 0.0000000000
175965  -40.666  26.172  -0.223 0.0000000000
175968  -42.509  25.495  -1.049 0.0000000000
175977  -42.885  25.765  -1.343 0.0000000000
175983  -47.437  26.360  -1.785 0.0000000000
175984  -48.214  26.508  -1.388 0.0000000000
175985  -48.569  26.762  -1.137 0.0000000000
175991  -43.012  26.261  -1.827 0.0000000000
175995  -45.990  26.483  -1.932 0.0000000000
175996  -46.680  26.663  -1.992 0.0000000000
176821  -41.108  26.094  3.978 0.0000000000
176828  -40.692  26.654  3.859 0.0000000000
176838  -42.538  26.231  2.646 0.0000000000
176842  -35.596  27.110  1.773 0.0000000000
176846  -38.030  26.350  1.843 0.0000000000
176857  -36.036  27.093  1.408 0.0000000000
176863  -42.874  26.857  1.736 0.0000000000
176867  -47.871  26.702  0.750 0.0000000000
176869  -49.134  27.011  0.593 0.0000000000
176870  -49.490  26.691  0.409 0.0000000000
176881  -44.439  27.050  0.675 0.0000000000
176882  -45.266  26.911  0.500 0.0000000000
176888  -49.385  26.647  0.162 0.0000000000
176895  -39.594  26.998  -0.557 0.0000000000
176898  -48.532  27.414  -0.620 0.0000000000
176907  -47.748  27.074  -1.822 0.0000000000
176909  -48.568  27.002  -1.110 0.0000000000
176914  -40.809  27.203  -1.842 0.0000000000
176920  -45.315  26.906  -2.133 0.0000000000
176922  -46.689  27.236  -2.130 0.0000000000
176923  -47.236  27.472  -1.992 0.0000000000
176928  -42.700  27.094  -2.636 0.0000000000
176931  -44.677  27.256  -2.411 0.0000000000
176932  -45.134  27.293  -2.337 0.0000000000
177807  -41.117  26.820  3.322 0.0000000000
177811  -34.725  27.835  2.592 0.0000000000
177819  -35.364  27.488  1.633 0.0000000000
177820  -35.668  27.224  1.554 0.0000000000
177832  -37.029  27.040  0.924 0.0000000000
177841  -35.873  27.668  0.693 0.0000000000
177849  -45.364  27.452  0.126 0.0000000000
177852  -47.535  27.678  -0.202 0.0000000000
177861  -36.534  27.725  0.049 0.0000000000
177879  -47.066  27.986  -1.753 0.0000000000
177880  -47.470  27.820  -1.560 0.0000000000
177881  -47.960  27.627  -1.292 0.0000000000
177885  -39.765  27.883  -2.160 0.0000000000
177887  -41.561  27.444  -2.586 0.0000000000
177891  -46.819  27.834  -1.953 0.0000000000
177898  -41.863  27.865  -2.986 0.0000000000
177900  -43.524  27.734  -2.851 0.0000000000
177901  -44.233  27.751  -2.712 0.0000000000
177903  -45.392  27.636  -2.344 0.0000000000
177904  -45.773  27.847  -2.244 0.0000000000
178819  -40.082  27.988  2.798 0.0000000000
178831  -35.260  28.073  1.279 0.0000000000
178832  -35.492  27.943  0.983 0.0000000000
178837  -42.453  28.036  0.834 0.0000000000
178846  -36.099  28.000  0.110 0.0000000000
178866  -44.698  28.426  -0.509 0.0000000000
178867  -45.468  28.294  -0.584 0.0000000000
178869  -46.765  28.245  -1.052 0.0000000000
178870  -47.149  28.106  -1.273 0.0000000000
178878  -45.406  28.552  -0.825 0.0000000000
178879  -46.092  28.414  -1.380 0.0000000000
178880  -46.818  28.144  -1.620 0.0000000000
178881  -47.167  28.063  -1.493 0.0000000000
178884  -38.582  28.724  -1.960 0.0000000000
178889  -44.792  28.432  -2.231 0.0000000000
178890  -45.316  28.259  -2.111 0.0000000000
178891  -46.031  28.131  -1.990 0.0000000000
178899  -43.063  28.368  -2.928 0.0000000000
178901  -44.470  28.369  -2.510 0.0000000000
178902  -44.728  28.057  -2.539 0.0000000000
178904  -45.797  28.063  -2.158 0.0000000000
179788  -36.674  29.691  3.826 0.0000000000
179791  -38.560  28.728  3.369 0.0000000000
179795  -34.566  28.586  2.353 0.0000000000
179798  -38.498  28.888  3.007 0.0000000000
179807  -39.249  28.839  2.095 0.0000000000
179840  -44.063  28.993  -0.883 0.0000000000
179846  -37.660  29.280  -1.371 0.0000000000
179855  -44.935  28.819  -1.387 0.0000000000
179857  -45.837  28.366  -1.769 0.0000000000
179870  -44.491  28.748  -2.095 0.0000000000
179871  -45.086  28.543  -1.871 0.0000000000
179872  -45.610  28.357  -1.879 0.0000000000
179873  -46.095  28.298  -2.240 0.0000000000
179881  -43.429  28.889  -2.590 0.0000000000
179882  -44.084  28.748  -2.462 0.0000000000
179883  -44.345  28.641  -2.367 0.0000000000
180761  -36.084  30.238  3.891 0.0000000000
180775  -35.867  30.595  3.036 0.0000000000
180777  -36.901  29.775  2.714 0.0000000000
180782  -34.497  29.442  1.829 0.0000000000
180785  -37.657  29.656  1.731 0.0000000000
180789  -34.412  30.177  1.557 0.0000000000
181769  -36.108  30.624  2.222 0.0000000000
181798  -35.775  30.087  -0.276 0.0000000000
182795  -34.606  30.868  0.904 0.0000000000
