#!ascii label  , from subject FS6EXPERT_subj01_ver10 vox2ras=TkReg
1585
92339  -8.637  -22.893  50.691 0.0000000000
103348  -31.438  -16.644  37.016 0.0000000000
116293  -28.089  -9.952  35.012 0.0000000000
110027  -25.086  -12.801  42.131 0.0000000000
130953  -35.887  -1.587  23.507 0.0000000000
123815  -32.179  -6.049  27.490 0.0000000000
104601  -32.843  -15.899  42.729 0.0000000000
106042  -28.354  -15.651  39.660 0.0000000000
136311  -41.990  1.401  24.626 0.0000000000
140693  -44.439  2.925  21.342 0.0000000000
145096  -46.484  6.302  19.651 0.0000000000
125141  -32.113  -4.903  35.835 0.0000000000
122330  -28.842  -6.328  31.005 0.0000000000
126684  -34.539  -4.179  31.993 0.0000000000
123776  -37.257  -5.739  29.165 0.0000000000
110009  -17.950  -12.951  42.585 0.0000000000
87647  -7.239  -24.961  53.737 0.0000000000
108779  -30.723  -13.589  37.046 0.0000000000
120777  -31.000  -7.690  40.372 0.0000000000
110103  -20.679  -13.003  38.273 0.0000000000
108808  -24.893  -14.062  35.361 0.0000000000
143655  -45.054  5.230  14.707 0.0000000000
150693  -48.232  9.344  16.744 0.0000000000
125328  -34.346  -5.397  25.829 0.0000000000
130906  -39.766  -2.135  26.796 0.0000000000
93999  -9.716  -21.820  47.320 0.0000000000
78120  -7.025  -31.876  53.715 0.0000000000
137788  -43.660  1.965  22.687 0.0000000000
126577  -33.010  -4.126  34.404 0.0000000000
106015  -15.840  -15.675  40.981 0.0000000000
87664  -7.948  -24.612  52.179 0.0000000000
104770  -31.425  -15.690  34.182 0.0000000000
106102  -31.952  -15.118  36.566 0.0000000000
111565  -23.024  -12.293  40.075 0.0000000000
110136  -22.768  -13.243  36.517 0.0000000000
110091  -24.994  -13.189  38.705 0.0000000000
103345  -29.510  -16.630  38.000 0.0000000000
104720  -27.863  -15.784  35.949 0.0000000000
103393  -29.309  -16.643  35.269 0.0000000000
111468  -24.188  -12.380  44.360 0.0000000000
111516  -21.358  -11.839  41.920 0.0000000000
137869  -40.438  1.993  17.973 0.0000000000
142167  -43.722  4.437  15.541 0.0000000000
147925  -47.255  8.083  18.490 0.0000000000
123771  -30.347  -5.587  29.113 0.0000000000
122383  -33.840  -6.310  26.475 0.0000000000
126755  -38.782  -4.195  27.600 0.0000000000
104570  -13.051  -16.422  44.435 0.0000000000
103212  -11.839  -17.024  46.407 0.0000000000
101803  -10.778  -18.207  47.936 0.0000000000
95697  -10.913  -21.265  44.899 0.0000000000
76674  -7.997  -31.443  51.790 0.0000000000
103298  -31.853  -16.553  39.266 0.0000000000
107397  -32.930  -14.603  39.811 0.0000000000
107353  -33.456  -14.446  42.254 0.0000000000
107328  -27.470  -13.930  44.160 0.0000000000
107381  -27.078  -14.213  40.565 0.0000000000
105992  -28.905  -15.155  42.772 0.0000000000
103269  -30.066  -16.308  41.200 0.0000000000
133624  -38.678  -0.386  24.340 0.0000000000
134964  -40.150  0.848  22.396 0.0000000000
139181  -41.608  2.357  20.410 0.0000000000
142126  -42.784  4.131  18.967 0.0000000000
143611  -43.868  5.288  18.323 0.0000000000
142094  -45.265  4.570  20.295 0.0000000000
122275  -29.657  -6.604  35.816 0.0000000000
120862  -28.210  -7.757  33.415 0.0000000000
125187  -30.109  -5.339  33.732 0.0000000000
126655  -31.126  -4.503  31.794 0.0000000000
125258  -32.753  -4.564  29.687 0.0000000000
123796  -34.214  -5.847  28.222 0.0000000000
125261  -35.591  -5.011  30.269 0.0000000000
109981  -15.732  -13.232  44.003 0.0000000000
104593  -14.031  -16.397  42.644 0.0000000000
147956  -49.458  7.241  12.828 0.0000000000
87645  -6.050  -25.439  53.908 0.0000000000
107486  -29.999  -14.418  34.214 0.0000000000
113162  -29.373  -12.019  36.821 0.0000000000
110079  -31.756  -12.750  39.856 0.0000000000
114710  -30.344  -11.108  38.818 0.0000000000
119294  -29.245  -8.719  37.768 0.0000000000
123629  -31.443  -6.127  38.523 0.0000000000
107426  -26.397  -14.348  37.298 0.0000000000
111464  -19.895  -11.787  44.000 0.0000000000
110058  -19.113  -13.010  40.340 0.0000000000
146547  -44.869  6.537  17.295 0.0000000000
147937  -46.015  7.312  15.348 0.0000000000
147944  -48.128  7.648  13.775 0.0000000000
150702  -49.704  9.510  14.749 0.0000000000
86285  -8.695  -25.991  47.638 0.0000000000
83568  -7.940  -27.737  49.492 0.0000000000
128289  -34.552  -3.433  24.565 0.0000000000
125308  -35.979  -5.266  27.245 0.0000000000
128265  -36.537  -3.317  26.370 0.0000000000
130924  -37.274  -1.754  25.343 0.0000000000
133609  -40.590  -0.321  25.951 0.0000000000
92389  -9.086  -22.755  48.428 0.0000000000
83547  -7.356  -27.740  51.558 0.0000000000
83535  -6.899  -28.284  52.273 0.0000000000
83509  -5.680  -28.124  52.836 0.0000000000
90812  -8.414  -23.549  51.449 0.0000000000
103395  -30.742  -16.756  34.767 0.0000000000
103379  -31.383  -16.298  35.153 0.0000000000
104708  -31.770  -16.248  36.477 0.0000000000
110059  -24.191  -12.536  41.084 0.0000000000
110090  -24.023  -12.802  38.998 0.0000000000
110061  -25.443  -13.178  40.379 0.0000000000
103347  -30.705  -16.816  37.347 0.0000000000
103375  -29.413  -16.630  36.302 0.0000000000
103376  -30.007  -16.821  35.897 0.0000000000
103394  -30.073  -16.867  34.932 0.0000000000
109999  -25.877  -13.119  43.889 0.0000000000
109973  -25.460  -12.820  45.007 0.0000000000
109997  -24.845  -12.677  43.358 0.0000000000
111519  -23.436  -12.251  42.166 0.0000000000
140765  -42.968  3.925  16.188 0.0000000000
113204  -28.128  -11.464  34.577 0.0000000000
116308  -27.788  -9.987  34.195 0.0000000000
123792  -31.077  -5.702  28.172 0.0000000000
120930  -30.996  -7.364  27.038 0.0000000000
122371  -33.112  -6.279  27.080 0.0000000000
101840  -12.390  -18.509  44.161 0.0000000000
103226  -12.427  -17.117  45.155 0.0000000000
100315  -12.042  -18.503  44.862 0.0000000000
98726  -11.300  -19.575  45.690 0.0000000000
97278  -11.412  -20.620  44.375 0.0000000000
103273  -32.409  -16.348  41.152 0.0000000000
106031  -33.166  -15.543  40.681 0.0000000000
105995  -33.454  -14.996  42.681 0.0000000000
107307  -28.588  -14.510  44.978 0.0000000000
107339  -27.935  -14.422  42.869 0.0000000000
105972  -29.433  -15.246  44.171 0.0000000000
104585  -31.966  -16.280  43.488 0.0000000000
104598  -30.741  -16.329  42.970 0.0000000000
103245  -31.533  -16.516  42.298 0.0000000000
103285  -31.193  -16.734  40.372 0.0000000000
134931  -40.447  0.305  24.217 0.0000000000
134938  -39.423  0.351  23.347 0.0000000000
136323  -41.368  0.950  23.282 0.0000000000
139172  -44.545  2.568  22.021 0.0000000000
137804  -42.863  2.007  21.876 0.0000000000
139183  -42.992  2.727  20.922 0.0000000000
140718  -42.091  3.079  19.825 0.0000000000
140720  -43.424  3.579  20.121 0.0000000000
142111  -44.375  4.613  19.603 0.0000000000
140707  -45.143  3.770  20.917 0.0000000000
123684  -30.997  -5.717  36.219 0.0000000000
123692  -29.936  -5.979  34.894 0.0000000000
125152  -30.902  -5.430  35.365 0.0000000000
126635  -33.421  -3.907  33.131 0.0000000000
126633  -31.982  -4.223  32.763 0.0000000000
126657  -32.529  -4.130  32.214 0.0000000000
126698  -31.783  -4.513  30.376 0.0000000000
126701  -33.684  -4.248  31.193 0.0000000000
125260  -34.483  -4.578  30.392 0.0000000000
125241  -35.237  -4.470  31.199 0.0000000000
111462  -18.372  -12.167  44.271 0.0000000000
111446  -17.501  -11.984  45.181 0.0000000000
110007  -16.533  -13.595  42.754 0.0000000000
106013  -14.984  -16.025  41.637 0.0000000000
149359  -50.128  8.459  13.290 0.0000000000
149361  -50.575  8.362  12.831 0.0000000000
87646  -6.603  -25.357  53.939 0.0000000000
107472  -31.128  -14.711  35.626 0.0000000000
107505  -30.899  -15.013  34.124 0.0000000000
108811  -30.115  -13.839  35.641 0.0000000000
108810  -29.689  -13.555  35.480 0.0000000000
110140  -30.137  -13.125  36.725 0.0000000000
110064  -32.789  -13.561  40.731 0.0000000000
110095  -32.183  -13.758  39.155 0.0000000000
111554  -32.105  -12.421  40.867 0.0000000000
117707  -31.022  -9.251  41.513 0.0000000000
114656  -30.782  -10.512  40.625 0.0000000000
117741  -30.124  -9.387  39.778 0.0000000000
116224  -29.890  -10.070  39.010 0.0000000000
119284  -30.103  -8.032  39.088 0.0000000000
122249  -30.342  -6.956  38.136 0.0000000000
122219  -30.973  -7.057  39.682 0.0000000000
108792  -23.913  -13.680  35.775 0.0000000000
107382  -27.596  -14.786  40.234 0.0000000000
108749  -26.562  -14.148  39.061 0.0000000000
107428  -27.248  -14.903  38.084 0.0000000000
106125  -27.258  -15.686  34.714 0.0000000000
113024  -21.274  -11.620  44.964 0.0000000000
111562  -20.867  -12.375  39.620 0.0000000000
111532  -20.326  -12.282  40.980 0.0000000000
110086  -19.920  -13.002  38.869 0.0000000000
108745  -18.674  -14.183  38.574 0.0000000000
143613  -44.968  5.687  18.894 0.0000000000
145126  -44.539  6.037  17.906 0.0000000000
145128  -45.408  6.470  18.269 0.0000000000
149338  -47.465  8.647  17.281 0.0000000000
147928  -46.523  7.921  17.156 0.0000000000
149344  -47.359  8.450  15.728 0.0000000000
147939  -47.122  7.702  14.686 0.0000000000
149345  -47.966  8.844  15.424 0.0000000000
149349  -48.736  8.823  14.627 0.0000000000
150698  -48.765  9.609  16.078 0.0000000000
122322  -28.266  -7.115  32.012 0.0000000000
119374  -27.786  -8.528  31.795 0.0000000000
125368  -34.415  -5.358  23.811 0.0000000000
126798  -34.494  -4.130  25.029 0.0000000000
123774  -35.474  -5.776  29.121 0.0000000000
123819  -35.457  -5.784  27.543 0.0000000000
123820  -36.325  -5.598  27.788 0.0000000000
128256  -38.922  -3.526  27.186 0.0000000000
126766  -37.563  -3.959  27.154 0.0000000000
128267  -38.028  -2.981  26.593 0.0000000000
129640  -36.892  -2.658  26.024 0.0000000000
130913  -38.853  -1.975  26.119 0.0000000000
132217  -39.768  -0.838  25.575 0.0000000000
132207  -40.163  -1.044  26.213 0.0000000000
97202  -10.439  -19.759  47.688 0.0000000000
97182  -9.905  -20.281  48.755 0.0000000000
97165  -9.643  -20.362  49.515 0.0000000000
93978  -9.379  -22.166  47.976 0.0000000000
90876  -9.144  -23.693  47.331 0.0000000000
90887  -9.299  -23.714  46.609 0.0000000000
81046  -8.293  -29.227  49.188 0.0000000000
83557  -7.593  -27.768  50.554 0.0000000000
81022  -7.833  -29.434  50.352 0.0000000000
76655  -7.605  -31.806  52.774 0.0000000000
81001  -7.198  -29.561  52.062 0.0000000000
80982  -6.772  -29.836  52.470 0.0000000000
83510  -6.170  -28.130  52.853 0.0000000000
80970  -6.098  -30.133  52.745 0.0000000000
104571  -30.551  -15.751  44.902 0.0000000000
137763  -43.546  2.219  24.938 0.0000000000
137772  -42.933  1.702  23.537 0.0000000000
139144  -44.462  2.497  23.810 0.0000000000
125154  -32.408  -4.581  34.895 0.0000000000
108719  -17.364  -14.531  40.267 0.0000000000
108690  -16.400  -14.548  41.603 0.0000000000
90793  -8.214  -22.978  53.889 0.0000000000
87654  -7.680  -24.947  52.684 0.0000000000
103419  -31.409  -16.192  34.212 0.0000000000
106114  -31.542  -15.107  35.762 0.0000000000
107443  -31.441  -14.285  36.855 0.0000000000
122203  -31.781  -6.539  40.685 0.0000000000
111587  -21.830  -12.356  38.864 0.0000000000
110120  -21.668  -13.018  37.598 0.0000000000
110106  -23.252  -12.773  38.222 0.0000000000
110107  -24.209  -13.029  37.972 0.0000000000
108776  -24.859  -13.547  36.496 0.0000000000
104672  -28.609  -16.168  38.663 0.0000000000
104689  -28.033  -15.793  37.628 0.0000000000
104722  -28.902  -16.411  36.743 0.0000000000
104746  -28.681  -16.400  35.230 0.0000000000
103434  -29.330  -17.027  33.083 0.0000000000
111451  -23.327  -12.031  45.092 0.0000000000
113043  -22.130  -11.777  43.725 0.0000000000
111501  -22.993  -12.074  42.773 0.0000000000
111550  -22.562  -11.926  40.582 0.0000000000
137860  -39.683  1.685  19.047 0.0000000000
143651  -44.366  5.191  15.216 0.0000000000
146528  -47.753  7.248  20.044 0.0000000000
146536  -46.965  7.172  19.343 0.0000000000
123756  -29.346  -6.123  29.685 0.0000000000
122390  -33.056  -7.196  25.801 0.0000000000
123838  -34.232  -5.971  26.274 0.0000000000
125281  -39.140  -5.106  29.033 0.0000000000
125299  -38.316  -5.136  28.251 0.0000000000
126745  -39.870  -4.145  28.543 0.0000000000
107304  -13.600  -14.819  45.006 0.0000000000
107290  -13.069  -14.920  45.926 0.0000000000
105921  -11.688  -16.068  47.659 0.0000000000
101812  -11.276  -18.021  46.932 0.0000000000
98711  -10.878  -19.503  46.796 0.0000000000
95678  -10.302  -21.486  46.087 0.0000000000
90913  -9.908  -23.615  45.294 0.0000000000
92487  -10.353  -23.178  44.560 0.0000000000
103330  -31.371  -16.743  37.917 0.0000000000
104674  -32.398  -15.816  38.407 0.0000000000
104658  -32.728  -15.850  39.425 0.0000000000
107384  -33.121  -14.383  40.557 0.0000000000
108669  -26.377  -13.339  43.425 0.0000000000
108708  -26.071  -13.405  40.884 0.0000000000
107350  -27.357  -14.108  42.457 0.0000000000
107351  -27.890  -14.638  41.961 0.0000000000
106017  -28.518  -15.377  41.118 0.0000000000
104582  -29.727  -15.790  43.210 0.0000000000
104610  -29.498  -15.895  41.801 0.0000000000
104644  -29.361  -16.169  40.543 0.0000000000
103310  -29.541  -16.581  39.546 0.0000000000
103312  -30.649  -16.891  39.010 0.0000000000
108649  -26.999  -13.520  45.379 0.0000000000
132230  -37.201  -0.821  24.111 0.0000000000
132243  -36.436  -1.019  23.066 0.0000000000
133635  -37.954  0.002  23.243 0.0000000000
134949  -38.810  0.576  22.411 0.0000000000
136341  -39.532  1.162  21.501 0.0000000000
136345  -42.093  1.402  22.528 0.0000000000
137802  -41.560  1.767  21.450 0.0000000000
137814  -40.063  1.809  20.528 0.0000000000
139213  -41.083  2.710  19.395 0.0000000000
140743  -41.349  3.103  18.613 0.0000000000
142134  -42.215  3.997  18.291 0.0000000000
142146  -42.674  4.428  17.128 0.0000000000
142127  -43.563  4.688  18.785 0.0000000000
143598  -44.752  5.327  19.158 0.0000000000
143600  -45.875  5.745  19.658 0.0000000000
142085  -46.330  4.371  21.228 0.0000000000
143584  -47.210  5.961  20.483 0.0000000000
119328  -28.546  -8.468  35.880 0.0000000000
119354  -28.106  -8.485  34.310 0.0000000000
120847  -28.645  -7.457  34.919 0.0000000000
123705  -29.170  -6.205  33.884 0.0000000000
123725  -29.222  -5.868  32.392 0.0000000000
125173  -31.617  -4.671  34.094 0.0000000000
125204  -30.556  -4.770  32.277 0.0000000000
125236  -29.528  -5.402  31.369 0.0000000000
125238  -30.649  -4.969  30.685 0.0000000000
125275  -31.740  -4.943  29.118 0.0000000000
125296  -32.153  -5.229  28.589 0.0000000000
123795  -33.429  -5.613  28.222 0.0000000000
125298  -33.494  -5.288  28.851 0.0000000000
125279  -34.952  -5.248  29.597 0.0000000000
123759  -36.864  -5.599  29.760 0.0000000000
125243  -37.309  -4.992  31.095 0.0000000000
123761  -38.376  -5.489  30.028 0.0000000000
109969  -14.963  -13.385  44.617 0.0000000000
108677  -15.797  -14.468  42.230 0.0000000000
108666  -14.926  -14.383  43.409 0.0000000000
108655  -14.260  -14.416  44.248 0.0000000000
104580  -13.399  -16.341  43.749 0.0000000000
111644  -28.694  -12.310  35.037 0.0000000000
114762  -28.522  -10.814  35.840 0.0000000000
106073  -32.426  -14.834  38.526 0.0000000000
108766  -31.717  -14.027  38.088 0.0000000000
110110  -31.161  -13.010  38.283 0.0000000000
113102  -30.882  -11.643  39.166 0.0000000000
111588  -30.623  -12.497  38.067 0.0000000000
113117  -29.849  -11.359  37.956 0.0000000000
114727  -29.092  -10.233  37.145 0.0000000000
117795  -28.700  -9.137  36.485 0.0000000000
120833  -29.403  -7.479  36.864 0.0000000000
122261  -30.296  -6.621  37.271 0.0000000000
123662  -31.717  -5.682  37.438 0.0000000000
123617  -32.200  -5.787  39.704 0.0000000000
125095  -32.395  -5.328  38.517 0.0000000000
108735  -26.081  -13.746  39.331 0.0000000000
108763  -26.114  -14.054  37.834 0.0000000000
108795  -25.748  -14.150  36.403 0.0000000000
106101  -27.421  -15.382  36.336 0.0000000000
107470  -26.401  -14.789  35.632 0.0000000000
113022  -19.809  -11.666  45.239 0.0000000000
111480  -19.387  -12.097  43.301 0.0000000000
111498  -20.809  -11.792  42.739 0.0000000000
111514  -19.499  -12.461  41.683 0.0000000000
110041  -18.220  -13.289  41.313 0.0000000000
108732  -18.166  -14.290  39.157 0.0000000000
143634  -43.530  5.324  16.842 0.0000000000
145143  -43.851  5.633  16.365 0.0000000000
145151  -44.856  6.173  15.505 0.0000000000
147923  -46.230  7.527  17.625 0.0000000000
146552  -45.395  7.075  16.110 0.0000000000
146557  -45.324  6.559  15.270 0.0000000000
146565  -46.276  6.597  14.362 0.0000000000
146574  -47.303  6.485  13.542 0.0000000000
146576  -48.478  6.758  13.150 0.0000000000
147945  -48.681  7.825  13.552 0.0000000000
149358  -49.382  8.206  13.434 0.0000000000
87699  -8.380  -25.112  48.798 0.0000000000
87687  -8.125  -25.156  49.712 0.0000000000
84874  -8.414  -26.896  48.467 0.0000000000
117835  -27.721  -9.083  33.123 0.0000000000
129672  -35.140  -2.280  24.642 0.0000000000
123817  -33.788  -5.984  27.605 0.0000000000
123830  -34.835  -5.779  26.838 0.0000000000
125319  -35.155  -5.184  26.550 0.0000000000
125310  -37.318  -4.774  27.492 0.0000000000
126764  -36.093  -4.332  26.741 0.0000000000
126772  -35.052  -4.258  26.088 0.0000000000
128274  -35.584  -3.017  25.710 0.0000000000
129652  -35.617  -2.464  25.287 0.0000000000
130923  -36.389  -1.718  24.953 0.0000000000
132232  -38.456  -0.805  24.856 0.0000000000
133616  -39.583  -0.537  25.028 0.0000000000
134921  -41.397  0.736  25.683 0.0000000000
95558  -9.051  -21.378  51.188 0.0000000000
95570  -9.132  -21.364  50.335 0.0000000000
90838  -8.671  -23.280  49.632 0.0000000000
89256  -8.714  -24.226  48.348 0.0000000000
86291  -9.184  -26.030  46.895 0.0000000000
86257  -7.723  -25.626  50.871 0.0000000000
86249  -7.640  -25.987  51.307 0.0000000000
84838  -7.374  -26.895  52.154 0.0000000000
81011  -7.575  -29.414  51.339 0.0000000000
83536  -7.081  -27.837  52.091 0.0000000000
84829  -6.941  -26.919  52.739 0.0000000000
84814  -6.438  -27.080  53.062 0.0000000000
84813  -5.800  -27.178  53.061 0.0000000000
78109  -6.526  -31.887  53.702 0.0000000000
79637  -5.881  -30.483  52.726 0.0000000000
92328  -8.654  -22.608  51.217 0.0000000000
92338  -8.552  -23.096  51.171 0.0000000000
103365  -31.215  -16.594  36.123 0.0000000000
110044  -24.728  -12.735  41.514 0.0000000000
110060  -24.709  -12.892  40.707 0.0000000000
110045  -25.400  -13.105  41.387 0.0000000000
103363  -30.036  -16.812  36.813 0.0000000000
103364  -30.677  -16.832  36.466 0.0000000000
103377  -30.661  -16.844  35.590 0.0000000000
110012  -25.251  -12.862  42.866 0.0000000000
109998  -25.347  -12.918  43.600 0.0000000000
110026  -24.619  -12.579  42.066 0.0000000000
140764  -42.509  3.644  16.558 0.0000000000
114761  -28.245  -10.541  35.277 0.0000000000
114789  -27.804  -10.874  34.150 0.0000000000
123814  -31.351  -6.141  27.594 0.0000000000
122368  -30.833  -6.777  27.365 0.0000000000
122369  -31.694  -6.861  26.994 0.0000000000
122370  -32.620  -6.453  27.007 0.0000000000
100339  -12.401  -19.025  43.698 0.0000000000
100328  -12.030  -18.952  44.472 0.0000000000
98756  -11.980  -19.462  44.042 0.0000000000
98755  -11.656  -19.857  44.425 0.0000000000
104615  -32.644  -16.091  41.823 0.0000000000
106004  -33.148  -15.520  42.275 0.0000000000
105948  -29.143  -14.813  45.316 0.0000000000
105959  -29.026  -14.898  44.563 0.0000000000
105960  -29.556  -15.168  44.914 0.0000000000
104586  -32.647  -16.085  43.378 0.0000000000
104600  -32.131  -16.313  42.524 0.0000000000
103256  -32.194  -16.447  41.527 0.0000000000
107294  -28.701  -14.469  45.871 0.0000000000
136310  -41.487  1.057  24.485 0.0000000000
134940  -40.910  0.604  23.748 0.0000000000
136318  -41.961  1.327  23.977 0.0000000000
139171  -44.116  2.614  21.566 0.0000000000
139184  -43.563  2.811  21.089 0.0000000000
140705  -43.256  3.117  20.605 0.0000000000
140706  -44.187  3.274  20.837 0.0000000000
142093  -44.603  4.021  20.343 0.0000000000
125140  -31.292  -5.387  36.006 0.0000000000
125139  -30.966  -5.522  35.727 0.0000000000
126659  -34.003  -3.950  32.551 0.0000000000
126658  -33.262  -4.027  32.394 0.0000000000
126682  -33.116  -4.179  31.688 0.0000000000
126683  -33.842  -4.145  31.841 0.0000000000
126702  -34.440  -4.310  31.235 0.0000000000
126703  -34.881  -4.320  31.607 0.0000000000
109996  -18.043  -12.667  43.016 0.0000000000
109995  -17.477  -12.769  43.330 0.0000000000
110008  -17.076  -13.401  42.549 0.0000000000
150710  -50.543  9.026  13.498 0.0000000000
150713  -50.606  8.722  13.149 0.0000000000
89191  -7.386  -23.963  54.538 0.0000000000
87637  -7.028  -24.469  54.411 0.0000000000
87636  -6.659  -24.664  54.378 0.0000000000
108812  -30.764  -14.199  35.969 0.0000000000
108796  -30.474  -13.725  36.371 0.0000000000
110149  -30.108  -13.458  36.171 0.0000000000
110063  -32.316  -12.926  40.648 0.0000000000
111538  -32.294  -12.340  41.293 0.0000000000
119258  -30.873  -8.596  40.777 0.0000000000
117720  -30.426  -9.282  40.331 0.0000000000
119257  -30.536  -8.643  40.217 0.0000000000
119272  -30.184  -8.613  39.645 0.0000000000
120776  -30.656  -8.127  40.068 0.0000000000
120796  -30.529  -7.665  39.454 0.0000000000
108761  -19.963  -13.569  37.840 0.0000000000
108775  -20.811  -13.610  37.186 0.0000000000
106041  -28.018  -15.215  39.955 0.0000000000
107411  -27.453  -14.945  38.895 0.0000000000
106055  -27.898  -15.355  39.227 0.0000000000
111575  -20.774  -12.624  38.876 0.0000000000
111561  -20.124  -12.666  39.391 0.0000000000
110087  -20.344  -12.937  38.645 0.0000000000
108760  -19.439  -13.904  38.020 0.0000000000
143656  -45.591  5.343  14.319 0.0000000000
145108  -45.607  6.094  18.952 0.0000000000
145117  -45.194  6.063  18.597 0.0000000000
145119  -46.140  6.612  18.982 0.0000000000
150692  -47.744  8.963  16.674 0.0000000000
149341  -47.346  8.580  16.601 0.0000000000
150696  -47.600  8.828  16.204 0.0000000000
150697  -48.075  9.111  15.874 0.0000000000
150700  -48.288  8.994  15.299 0.0000000000
122323  -28.725  -6.431  31.764 0.0000000000
122329  -28.433  -7.032  31.028 0.0000000000
123849  -33.931  -6.023  25.587 0.0000000000
123864  -33.869  -6.213  24.868 0.0000000000
125337  -34.072  -5.472  25.154 0.0000000000
125355  -34.227  -4.920  24.675 0.0000000000
125338  -34.352  -4.761  25.470 0.0000000000
123775  -36.399  -5.873  29.112 0.0000000000
123798  -35.923  -5.941  28.359 0.0000000000
123799  -36.793  -5.749  28.452 0.0000000000
129631  -39.259  -2.713  26.888 0.0000000000
129630  -38.529  -2.962  26.706 0.0000000000
129643  -38.797  -2.464  26.546 0.0000000000
129642  -38.190  -2.550  26.334 0.0000000000
130905  -39.246  -2.202  26.552 0.0000000000
130914  -39.622  -1.779  26.328 0.0000000000
130915  -40.127  -1.615  26.702 0.0000000000
95639  -10.027  -21.060  47.204 0.0000000000
97201  -10.152  -20.207  47.966 0.0000000000
95619  -9.913  -21.005  47.740 0.0000000000
93979  -9.621  -21.519  48.160 0.0000000000
92427  -9.311  -23.251  47.088 0.0000000000
92428  -9.524  -22.765  46.812 0.0000000000
81034  -7.974  -29.301  49.802 0.0000000000
76645  -7.425  -31.934  53.349 0.0000000000
78138  -7.233  -31.217  52.817 0.0000000000
78128  -6.962  -31.186  53.045 0.0000000000
80971  -6.487  -29.988  52.723 0.0000000000
79629  -6.598  -30.709  52.981 0.0000000000
126553  -33.834  -4.127  35.590 0.0000000000
107379  -17.022  -15.021  40.154 0.0000000000
90804  -8.322  -23.118  52.697 0.0000000000
92317  -8.479  -22.630  53.031 0.0000000000
89206  -8.088  -23.863  52.684 0.0000000000
89199  -8.042  -23.625  53.222 0.0000000000
87655  -7.903  -24.427  52.593 0.0000000000
103418  -30.926  -16.561  34.038 0.0000000000
104724  -31.819  -15.721  36.116 0.0000000000
104736  -31.599  -15.899  35.371 0.0000000000
107473  -31.360  -14.741  36.025 0.0000000000
107458  -31.570  -14.708  36.429 0.0000000000
111577  -22.211  -12.228  39.243 0.0000000000
110105  -22.203  -12.488  38.449 0.0000000000
110089  -23.011  -12.445  39.277 0.0000000000
110123  -24.393  -13.264  37.010 0.0000000000
110108  -24.998  -13.325  37.718 0.0000000000
104691  -29.030  -16.423  38.336 0.0000000000
104690  -28.533  -16.178  37.939 0.0000000000
104707  -28.985  -16.393  37.557 0.0000000000
104734  -28.822  -16.396  35.912 0.0000000000
104769  -28.767  -16.552  34.535 0.0000000000
103416  -29.499  -16.797  34.081 0.0000000000
103435  -30.051  -16.941  33.152 0.0000000000
111469  -24.635  -12.538  44.357 0.0000000000
109961  -24.981  -12.591  45.309 0.0000000000
111439  -24.443  -12.424  45.539 0.0000000000
111438  -23.841  -12.251  45.718 0.0000000000
111467  -23.565  -12.140  44.342 0.0000000000
111485  -23.245  -12.064  43.573 0.0000000000
111551  -23.121  -12.209  40.748 0.0000000000
111536  -23.263  -12.214  41.402 0.0000000000
111564  -22.334  -11.992  39.938 0.0000000000
137861  -40.081  1.930  18.602 0.0000000000
123770  -29.796  -5.976  29.167 0.0000000000
122345  -29.238  -6.671  29.095 0.0000000000
122346  -29.606  -6.375  28.773 0.0000000000
122382  -33.284  -6.519  26.616 0.0000000000
122391  -33.709  -6.503  26.025 0.0000000000
125282  -39.428  -4.560  29.609 0.0000000000
125301  -39.491  -4.732  28.714 0.0000000000
129623  -40.609  -2.417  28.112 0.0000000000
105957  -13.268  -15.618  44.838 0.0000000000
107303  -13.200  -15.150  45.382 0.0000000000
104559  -12.717  -16.468  45.145 0.0000000000
103219  -11.958  -17.357  45.947 0.0000000000
105946  -12.446  -16.072  45.946 0.0000000000
104546  -12.185  -16.551  46.092 0.0000000000
104533  -11.577  -16.777  47.250 0.0000000000
103218  -11.684  -17.558  46.458 0.0000000000
97252  -11.247  -20.033  45.388 0.0000000000
98712  -11.187  -19.306  46.233 0.0000000000
97251  -10.920  -20.409  45.750 0.0000000000
95659  -10.533  -20.951  46.161 0.0000000000
95679  -10.629  -21.244  45.572 0.0000000000
94036  -10.306  -22.066  45.632 0.0000000000
94058  -10.689  -22.010  44.731 0.0000000000
104657  -32.338  -16.150  39.035 0.0000000000
104646  -32.348  -16.277  39.740 0.0000000000
106019  -33.383  -15.105  41.452 0.0000000000
107367  -33.349  -15.165  41.089 0.0000000000
107368  -33.304  -14.612  41.337 0.0000000000
108670  -26.924  -13.630  43.776 0.0000000000
108681  -26.864  -13.683  42.945 0.0000000000
107338  -27.432  -13.995  43.321 0.0000000000
107340  -28.370  -14.810  42.465 0.0000000000
107352  -28.273  -14.875  42.028 0.0000000000
106016  -28.156  -14.981  41.423 0.0000000000
106003  -28.581  -15.158  41.908 0.0000000000
104572  -31.126  -16.072  44.590 0.0000000000
105984  -29.780  -15.553  43.815 0.0000000000
104631  -30.178  -16.299  41.781 0.0000000000
104611  -29.945  -16.166  42.080 0.0000000000
104630  -29.878  -16.189  41.395 0.0000000000
104629  -29.398  -15.944  41.154 0.0000000000
103282  -29.594  -16.344  40.516 0.0000000000
103294  -29.563  -16.455  40.221 0.0000000000
103295  -30.006  -16.669  40.058 0.0000000000
103286  -31.834  -16.616  40.059 0.0000000000
103296  -30.598  -16.824  39.825 0.0000000000
103297  -31.244  -16.793  39.546 0.0000000000
103313  -31.304  -16.781  38.736 0.0000000000
107316  -27.500  -13.874  44.980 0.0000000000
108659  -26.972  -13.565  44.584 0.0000000000
108658  -26.435  -13.298  44.216 0.0000000000
133623  -37.953  -0.360  23.945 0.0000000000
133622  -37.395  -0.396  23.602 0.0000000000
133636  -38.685  0.019  23.661 0.0000000000
134951  -40.107  0.625  22.995 0.0000000000
134950  -39.465  0.602  22.715 0.0000000000
134963  -39.487  0.886  22.104 0.0000000000
134962  -38.745  0.824  21.717 0.0000000000
136342  -40.189  1.187  21.818 0.0000000000
137778  -43.348  1.832  23.016 0.0000000000
136333  -42.290  1.401  22.884 0.0000000000
137777  -42.823  1.635  22.900 0.0000000000
137817  -41.867  2.172  20.928 0.0000000000
137816  -41.325  2.062  20.774 0.0000000000
137800  -40.469  1.834  20.797 0.0000000000
137815  -40.752  2.073  20.445 0.0000000000
139194  -40.658  2.300  19.875 0.0000000000
139195  -41.052  2.385  19.997 0.0000000000
140736  -42.464  3.660  19.375 0.0000000000
140735  -41.859  3.282  19.309 0.0000000000
142125  -42.190  3.758  18.896 0.0000000000
140744  -41.747  3.537  18.473 0.0000000000
142135  -42.807  4.540  18.070 0.0000000000
142112  -45.091  5.104  19.666 0.0000000000
143582  -45.695  5.313  19.946 0.0000000000
120839  -28.853  -7.571  35.634 0.0000000000
119341  -28.567  -8.007  35.227 0.0000000000
122282  -29.125  -6.874  35.244 0.0000000000
123706  -29.889  -5.725  34.236 0.0000000000
123691  -29.367  -6.299  34.651 0.0000000000
123715  -29.529  -5.683  33.456 0.0000000000
123714  -29.115  -6.128  33.120 0.0000000000
125174  -32.418  -4.371  34.108 0.0000000000
126656  -31.784  -4.241  31.998 0.0000000000
126632  -31.266  -4.445  32.583 0.0000000000
125219  -29.962  -5.096  31.790 0.0000000000
125220  -30.623  -4.815  31.404 0.0000000000
125237  -29.988  -5.185  30.921 0.0000000000
125221  -31.030  -4.714  31.020 0.0000000000
126714  -32.290  -4.457  30.109 0.0000000000
125256  -31.463  -4.741  29.801 0.0000000000
125257  -32.098  -4.648  29.620 0.0000000000
125276  -32.474  -4.900  29.147 0.0000000000
125297  -32.893  -5.234  28.679 0.0000000000
125277  -33.192  -4.941  29.267 0.0000000000
123758  -36.055  -5.574  29.751 0.0000000000
125262  -36.567  -5.184  30.349 0.0000000000
125244  -38.261  -5.092  31.245 0.0000000000
123745  -37.912  -5.361  30.546 0.0000000000
123762  -38.905  -5.142  30.158 0.0000000000
109982  -16.769  -12.683  44.180 0.0000000000
109970  -15.934  -12.606  44.961 0.0000000000
109960  -15.740  -12.439  45.646 0.0000000000
107363  -16.227  -15.152  41.034 0.0000000000
107349  -15.899  -14.944  41.564 0.0000000000
104594  -14.488  -16.036  42.353 0.0000000000
107347  -14.856  -15.154  42.410 0.0000000000
107336  -14.714  -15.038  42.923 0.0000000000
107326  -14.479  -14.845  43.531 0.0000000000
105981  -14.332  -15.383  43.191 0.0000000000
105980  -13.881  -15.633  43.691 0.0000000000
104581  -13.807  -16.151  43.289 0.0000000000
87644  -5.566  -25.187  53.618 0.0000000000
111627  -29.402  -12.682  36.184 0.0000000000
110147  -29.307  -12.892  35.665 0.0000000000
111626  -29.118  -12.484  35.795 0.0000000000
113185  -28.619  -11.722  35.553 0.0000000000
113161  -28.957  -11.642  36.314 0.0000000000
106057  -32.557  -15.442  38.480 0.0000000000
106072  -32.446  -15.243  38.167 0.0000000000
110080  -32.221  -13.391  39.719 0.0000000000
108750  -31.977  -13.975  38.611 0.0000000000
110094  -31.802  -13.298  39.003 0.0000000000
110111  -31.641  -13.594  38.343 0.0000000000
110093  -31.489  -12.696  39.178 0.0000000000
114688  -30.410  -10.790  39.362 0.0000000000
114689  -30.865  -11.262  39.655 0.0000000000
113119  -30.808  -12.126  38.593 0.0000000000
113118  -30.403  -11.600  38.465 0.0000000000
113139  -30.067  -12.023  37.744 0.0000000000
117777  -29.332  -9.186  38.164 0.0000000000
116244  -29.348  -9.870  38.112 0.0000000000
116243  -29.187  -9.626  37.797 0.0000000000
116269  -28.910  -9.803  36.847 0.0000000000
117786  -29.004  -9.151  37.129 0.0000000000
119315  -28.953  -8.458  36.744 0.0000000000
119305  -29.428  -7.971  37.560 0.0000000000
122250  -30.934  -6.349  38.195 0.0000000000
123644  -30.770  -6.263  37.622 0.0000000000
123661  -31.247  -5.923  37.245 0.0000000000
123645  -31.337  -6.009  37.851 0.0000000000
123608  -32.527  -5.733  40.583 0.0000000000
123607  -32.119  -6.054  40.366 0.0000000000
123618  -32.449  -5.719  40.140 0.0000000000
125096  -32.693  -4.740  38.141 0.0000000000
110135  -21.837  -13.304  36.810 0.0000000000
108790  -22.052  -14.027  35.957 0.0000000000
108709  -26.659  -13.759  41.224 0.0000000000
108722  -26.073  -13.519  40.068 0.0000000000
108736  -26.569  -13.995  39.850 0.0000000000
107427  -26.748  -14.510  37.836 0.0000000000
108764  -26.516  -14.204  38.391 0.0000000000
108778  -25.905  -14.098  37.077 0.0000000000
107440  -26.248  -14.464  36.713 0.0000000000
104705  -27.904  -15.765  36.782 0.0000000000
113029  -20.087  -11.686  44.663 0.0000000000
111463  -19.094  -11.978  44.055 0.0000000000
111483  -21.929  -11.795  43.178 0.0000000000
113042  -21.536  -11.693  43.650 0.0000000000
111499  -21.643  -11.794  42.589 0.0000000000
111531  -19.610  -12.606  40.715 0.0000000000
111515  -20.484  -12.050  41.828 0.0000000000
110025  -18.976  -12.730  41.708 0.0000000000
110042  -18.917  -12.916  41.192 0.0000000000
110057  -18.472  -13.392  40.568 0.0000000000
110071  -18.784  -13.345  39.998 0.0000000000
142136  -43.378  4.986  18.077 0.0000000000
143633  -43.084  4.869  17.039 0.0000000000
143623  -43.614  5.342  17.670 0.0000000000
146546  -44.532  6.320  17.111 0.0000000000
145135  -44.239  6.039  17.176 0.0000000000
146550  -44.525  6.347  16.843 0.0000000000
145144  -44.316  5.996  16.185 0.0000000000
146551  -44.891  6.600  16.436 0.0000000000
147919  -47.038  7.675  18.793 0.0000000000
146544  -46.251  7.352  18.026 0.0000000000
147924  -46.816  7.890  17.981 0.0000000000
147931  -46.361  7.892  16.483 0.0000000000
147930  -45.859  7.492  16.333 0.0000000000
147933  -45.823  7.366  15.792 0.0000000000
146555  -45.550  7.005  15.506 0.0000000000
145158  -45.911  6.282  14.443 0.0000000000
146559  -46.478  6.985  14.529 0.0000000000
147943  -47.406  7.511  14.184 0.0000000000
146567  -47.597  7.020  13.699 0.0000000000
146575  -47.821  6.562  13.336 0.0000000000
146568  -48.097  7.084  13.449 0.0000000000
150705  -48.989  8.894  14.530 0.0000000000
149353  -48.811  8.430  14.060 0.0000000000
150706  -49.411  9.063  14.387 0.0000000000
149354  -49.721  8.749  13.844 0.0000000000
87715  -8.462  -25.430  48.299 0.0000000000
84881  -8.489  -26.540  48.099 0.0000000000
119361  -27.963  -8.359  33.487 0.0000000000
117828  -27.817  -9.099  33.901 0.0000000000
126811  -34.479  -4.312  24.180 0.0000000000
129671  -34.842  -2.749  24.109 0.0000000000
129651  -34.880  -2.769  24.889 0.0000000000
123818  -34.565  -6.005  27.561 0.0000000000
123831  -35.443  -5.408  26.953 0.0000000000
125311  -38.141  -4.749  27.765 0.0000000000
123822  -37.716  -5.135  27.969 0.0000000000
126754  -37.896  -4.324  27.413 0.0000000000
128254  -37.140  -3.630  26.793 0.0000000000
126765  -36.878  -4.293  27.085 0.0000000000
128253  -36.520  -3.869  26.722 0.0000000000
126763  -35.747  -4.470  26.642 0.0000000000
126774  -36.040  -3.834  26.502 0.0000000000
128263  -35.176  -3.889  25.984 0.0000000000
128264  -35.687  -3.486  26.076 0.0000000000
129654  -37.170  -2.197  25.762 0.0000000000
129653  -36.558  -2.245  25.574 0.0000000000
132214  -37.211  -1.237  24.764 0.0000000000
132215  -37.946  -1.218  25.080 0.0000000000
132218  -40.223  -0.599  25.759 0.0000000000
133617  -40.390  -0.215  25.269 0.0000000000
133618  -40.915  0.185  25.627 0.0000000000
93963  -9.306  -21.849  48.828 0.0000000000
97164  -9.371  -20.779  50.075 0.0000000000
93951  -9.080  -21.988  49.797 0.0000000000
92371  -8.951  -22.674  49.277 0.0000000000
90853  -8.759  -23.503  48.860 0.0000000000
90864  -8.986  -23.560  48.044 0.0000000000
89281  -9.037  -24.444  46.943 0.0000000000
87734  -8.869  -25.186  47.261 0.0000000000
87753  -9.225  -25.274  46.528 0.0000000000
86265  -7.790  -26.052  50.060 0.0000000000
87678  -7.971  -25.061  50.558 0.0000000000
86264  -7.664  -26.512  50.316 0.0000000000
83556  -7.489  -27.676  51.019 0.0000000000
84851  -7.583  -26.960  50.747 0.0000000000
84845  -7.523  -26.870  51.482 0.0000000000
86243  -7.559  -25.987  52.052 0.0000000000
76675  -8.271  -31.713  51.403 0.0000000000
79671  -7.806  -30.178  51.105 0.0000000000
79670  -7.638  -30.177  51.592 0.0000000000
82274  -7.118  -28.795  52.002 0.0000000000
83524  -6.854  -27.706  52.482 0.0000000000
84815  -6.721  -26.533  53.217 0.0000000000
84828  -6.723  -27.441  52.724 0.0000000000
86236  -5.550  -26.426  53.140 0.0000000000
76633  -6.160  -32.080  53.606 0.0000000000
78118  -6.220  -31.371  53.283 0.0000000000
89212  -8.224  -24.124  51.831 0.0000000000
103396  -31.184  -16.446  34.727 0.0000000000
103378  -31.167  -16.534  35.372 0.0000000000
104723  -31.529  -16.249  35.815 0.0000000000
104709  -32.151  -15.707  36.824 0.0000000000
111566  -23.395  -12.373  40.461 0.0000000000
110075  -23.800  -12.546  40.113 0.0000000000
110076  -24.759  -12.992  39.735 0.0000000000
103346  -30.067  -16.760  37.670 0.0000000000
103362  -29.467  -16.640  37.180 0.0000000000
109974  -25.979  -12.977  45.378 0.0000000000
109985  -25.416  -12.902  44.309 0.0000000000
109984  -24.950  -12.708  44.025 0.0000000000
111487  -24.478  -12.506  43.831 0.0000000000
111502  -23.671  -12.284  42.952 0.0000000000
111520  -24.144  -12.409  42.328 0.0000000000
111537  -23.837  -12.375  41.599 0.0000000000
139230  -40.957  2.669  18.007 0.0000000000
142159  -43.260  4.558  16.153 0.0000000000
111661  -28.510  -12.316  34.569 0.0000000000
123791  -30.464  -5.833  28.601 0.0000000000
123812  -30.097  -6.291  28.168 0.0000000000
123813  -30.616  -6.175  27.857 0.0000000000
101834  -12.604  -17.567  44.275 0.0000000000
101833  -12.349  -18.048  44.566 0.0000000000
101827  -12.027  -18.105  45.181 0.0000000000
101819  -11.881  -17.875  45.641 0.0000000000
101818  -11.607  -18.112  46.134 0.0000000000
100314  -11.716  -18.913  45.195 0.0000000000
98741  -11.487  -19.694  45.087 0.0000000000
95698  -11.196  -20.913  44.641 0.0000000000
95715  -10.934  -21.657  44.519 0.0000000000
94081  -11.253  -21.810  43.892 0.0000000000
104632  -32.378  -16.352  40.503 0.0000000000
104647  -32.810  -15.954  40.190 0.0000000000
104633  -32.843  -16.046  40.969 0.0000000000
106018  -33.157  -15.521  41.462 0.0000000000
106005  -33.395  -15.055  41.912 0.0000000000
107317  -28.053  -14.172  44.561 0.0000000000
107329  -28.002  -14.288  43.725 0.0000000000
107318  -28.508  -14.620  44.163 0.0000000000
107330  -28.516  -14.760  43.305 0.0000000000
105982  -28.921  -15.057  43.329 0.0000000000
104584  -31.236  -16.259  43.675 0.0000000000
104599  -31.362  -16.453  42.745 0.0000000000
103254  -31.050  -16.533  42.053 0.0000000000
103270  -30.425  -16.412  41.455 0.0000000000
103284  -30.532  -16.610  40.614 0.0000000000
103271  -31.122  -16.618  41.208 0.0000000000
103272  -31.848  -16.576  40.943 0.0000000000
107306  -28.092  -14.109  45.397 0.0000000000
133638  -39.906  0.048  24.186 0.0000000000
133637  -39.376  0.032  23.957 0.0000000000
134939  -40.140  0.380  23.661 0.0000000000
134952  -40.751  0.730  23.176 0.0000000000
134965  -40.643  0.861  22.681 0.0000000000
139156  -44.097  2.206  22.379 0.0000000000
137787  -43.300  1.934  22.299 0.0000000000
139155  -43.700  2.247  21.929 0.0000000000
139169  -42.751  2.449  21.122 0.0000000000
139182  -42.338  2.633  20.590 0.0000000000
139197  -42.190  2.947  20.080 0.0000000000
140704  -42.802  2.933  20.535 0.0000000000
140719  -42.589  3.249  20.025 0.0000000000
142109  -42.956  3.757  19.610 0.0000000000
142110  -43.516  4.128  19.540 0.0000000000
140721  -44.030  3.911  20.079 0.0000000000
123673  -30.179  -6.280  36.168 0.0000000000
122283  -29.594  -6.326  35.241 0.0000000000
123682  -30.075  -6.100  35.508 0.0000000000
123693  -30.438  -5.741  35.094 0.0000000000
125172  -30.624  -5.310  34.418 0.0000000000
126606  -32.891  -4.138  33.663 0.0000000000
126605  -32.192  -4.340  33.475 0.0000000000
126634  -32.698  -4.086  32.949 0.0000000000
126680  -31.571  -4.433  31.149 0.0000000000
126681  -32.381  -4.235  31.465 0.0000000000
126700  -33.006  -4.283  30.999 0.0000000000
126715  -32.918  -4.372  30.324 0.0000000000
125259  -33.505  -4.619  29.917 0.0000000000
126716  -33.615  -4.368  30.597 0.0000000000
125240  -34.726  -4.438  30.929 0.0000000000
111434  -18.141  -11.671  45.771 0.0000000000
111461  -17.592  -12.269  44.442 0.0000000000
109983  -17.420  -12.519  43.941 0.0000000000
109994  -16.370  -13.344  43.255 0.0000000000
106014  -15.400  -15.969  41.231 0.0000000000
147950  -49.685  7.795  13.013 0.0000000000
147957  -49.918  7.348  12.643 0.0000000000
147951  -50.169  7.922  12.820 0.0000000000
147958  -50.532  7.585  12.408 0.0000000000
147959  -51.016  7.840  12.147 0.0000000000
106147  -31.239  -15.276  34.550 0.0000000000
107488  -30.931  -14.864  34.901 0.0000000000
107471  -30.596  -14.437  35.279 0.0000000000
108825  -30.144  -14.253  34.923 0.0000000000
110139  -29.817  -12.990  36.422 0.0000000000
111609  -29.664  -12.681  36.582 0.0000000000
108738  -32.779  -14.119  40.045 0.0000000000
108737  -32.508  -14.033  39.549 0.0000000000
108724  -32.594  -13.670  40.191 0.0000000000
110062  -31.947  -12.689  40.344 0.0000000000
116187  -30.863  -10.189  41.042 0.0000000000
117721  -30.742  -9.606  41.016 0.0000000000
116203  -30.296  -10.047  39.944 0.0000000000
116225  -30.139  -10.193  39.472 0.0000000000
114687  -30.068  -10.560  38.983 0.0000000000
116202  -30.046  -9.791  39.515 0.0000000000
117740  -29.897  -9.209  39.291 0.0000000000
119283  -29.847  -8.602  38.950 0.0000000000
120818  -29.828  -7.551  37.912 0.0000000000
120811  -30.266  -7.528  38.754 0.0000000000
122234  -30.636  -7.186  39.031 0.0000000000
122235  -30.965  -6.643  38.806 0.0000000000
125077  -33.329  -4.932  40.104 0.0000000000
108791  -23.097  -13.747  35.807 0.0000000000
107395  -27.111  -14.530  39.547 0.0000000000
107410  -26.936  -14.553  38.637 0.0000000000
107442  -27.085  -14.823  37.559 0.0000000000
104732  -27.831  -15.840  35.160 0.0000000000
113030  -20.644  -11.624  44.375 0.0000000000
111533  -21.156  -12.001  41.141 0.0000000000
111548  -21.003  -12.210  40.368 0.0000000000
111547  -20.260  -12.460  40.168 0.0000000000
110072  -19.267  -13.136  39.605 0.0000000000
108734  -19.150  -13.423  39.235 0.0000000000
108746  -19.163  -13.628  38.818 0.0000000000
107425  -19.056  -14.371  37.854 0.0000000000
143612  -44.538  5.678  18.506 0.0000000000
143624  -44.092  5.684  17.843 0.0000000000
145116  -44.825  6.033  18.246 0.0000000000
145127  -45.026  6.378  17.949 0.0000000000
146542  -45.165  6.625  17.717 0.0000000000
149333  -47.213  8.374  17.665 0.0000000000
149337  -47.022  8.301  17.208 0.0000000000
149340  -46.868  8.249  16.543 0.0000000000
147934  -46.435  7.776  15.727 0.0000000000
147938  -46.522  7.422  14.955 0.0000000000
147935  -46.976  7.918  15.179 0.0000000000
149347  -47.482  8.157  14.862 0.0000000000
149352  -47.898  8.090  14.342 0.0000000000
149348  -48.171  8.675  14.894 0.0000000000
150701  -48.922  9.222  15.097 0.0000000000
84888  -9.161  -26.818  47.142 0.0000000000
84882  -8.726  -26.909  47.767 0.0000000000
122313  -28.301  -7.315  32.927 0.0000000000
120870  -28.075  -7.958  32.959 0.0000000000
120879  -28.001  -7.848  32.303 0.0000000000
120887  -28.035  -7.779  31.410 0.0000000000
123797  -35.031  -5.966  28.283 0.0000000000
126767  -38.227  -3.915  27.201 0.0000000000
128255  -37.978  -3.443  26.839 0.0000000000
128266  -37.462  -2.987  26.447 0.0000000000
129641  -37.570  -2.402  26.043 0.0000000000
130912  -38.126  -2.021  25.941 0.0000000000
130925  -38.051  -1.625  25.547 0.0000000000
132205  -38.900  -1.555  25.773 0.0000000000
132206  -39.379  -1.428  25.857 0.0000000000
133602  -40.783  -0.440  26.600 0.0000000000
100272  -10.707  -18.856  47.697 0.0000000000
100258  -10.529  -18.838  48.301 0.0000000000
98674  -10.280  -19.320  48.558 0.0000000000
93964  -9.550  -21.366  48.583 0.0000000000
92407  -9.275  -22.854  47.570 0.0000000000
89292  -9.190  -24.514  46.327 0.0000000000
82309  -7.940  -28.527  49.647 0.0000000000
84860  -7.700  -27.010  50.098 0.0000000000
83563  -7.726  -27.840  50.081 0.0000000000
82299  -7.697  -28.585  50.351 0.0000000000
82286  -7.519  -28.589  51.017 0.0000000000
76664  -7.956  -31.812  52.110 0.0000000000
78155  -7.752  -30.919  51.884 0.0000000000
79648  -7.319  -30.613  52.330 0.0000000000
80991  -7.026  -29.804  52.267 0.0000000000
82263  -6.906  -28.982  52.233 0.0000000000
83523  -6.628  -28.108  52.611 0.0000000000
82253  -6.397  -29.157  52.625 0.0000000000
82241  -6.081  -29.479  52.610 0.0000000000
82252  -5.966  -29.125  52.610 0.0000000000
105961  -30.087  -15.412  45.291 0.0000000000
104574  -32.521  -16.113  44.184 0.0000000000
137762  -43.024  1.988  24.850 0.0000000000
136319  -42.475  1.593  24.082 0.0000000000
137767  -42.981  1.844  24.176 0.0000000000
137773  -43.431  1.929  23.622 0.0000000000
137774  -43.946  2.172  23.705 0.0000000000
140682  -45.239  2.846  22.248 0.0000000000
140694  -44.963  2.979  21.694 0.0000000000
140695  -45.925  3.754  21.612 0.0000000000
125126  -32.674  -4.676  36.533 0.0000000000
125142  -32.960  -4.520  35.711 0.0000000000
125155  -33.185  -4.242  35.067 0.0000000000
126607  -33.588  -3.846  33.905 0.0000000000
126685  -35.298  -4.288  32.023 0.0000000000
108692  -17.550  -13.693  41.518 0.0000000000
110022  -17.207  -13.591  42.078 0.0000000000
108706  -17.109  -14.468  40.869 0.0000000000
107364  -16.717  -14.938  40.737 0.0000000000
89198  -7.778  -24.057  53.419 0.0000000000
103397  -31.449  -16.158  34.848 0.0000000000
104747  -31.516  -15.839  34.838 0.0000000000
106148  -31.428  -15.611  34.620 0.0000000000
106113  -31.328  -14.919  35.541 0.0000000000
107457  -31.215  -14.445  36.257 0.0000000000
108797  -30.977  -14.031  36.626 0.0000000000
122202  -31.433  -7.105  40.609 0.0000000000
111585  -21.057  -12.737  38.489 0.0000000000
110119  -20.867  -13.254  37.622 0.0000000000
110121  -22.535  -12.860  37.424 0.0000000000
110122  -23.486  -13.022  37.236 0.0000000000
110137  -23.672  -13.336  36.404 0.0000000000
110138  -24.303  -13.463  36.290 0.0000000000
108793  -24.591  -13.709  35.869 0.0000000000
104655  -28.687  -16.071  39.380 0.0000000000
106071  -28.219  -15.904  38.298 0.0000000000
104706  -28.436  -16.145  37.165 0.0000000000
104721  -28.364  -16.122  36.353 0.0000000000
104733  -28.310  -16.119  35.574 0.0000000000
104745  -28.247  -16.250  34.851 0.0000000000
111450  -22.622  -11.771  45.276 0.0000000000
111466  -22.683  -11.842  44.285 0.0000000000
111484  -22.556  -11.894  43.363 0.0000000000
111500  -22.328  -11.856  42.635 0.0000000000
111518  -22.741  -11.921  41.926 0.0000000000
111534  -22.048  -11.770  41.281 0.0000000000
111549  -21.772  -11.925  40.502 0.0000000000
111576  -21.444  -12.291  39.149 0.0000000000
136402  -39.117  1.213  19.234 0.0000000000
145097  -47.033  6.594  19.902 0.0000000000
145110  -46.471  6.668  19.325 0.0000000000
147915  -47.349  7.627  19.266 0.0000000000
150694  -48.744  9.741  16.980 0.0000000000
123743  -29.364  -5.791  30.613 0.0000000000
122338  -28.806  -6.738  30.146 0.0000000000
123777  -38.086  -5.583  29.319 0.0000000000
123800  -37.703  -5.516  28.527 0.0000000000
123801  -38.545  -5.372  28.837 0.0000000000
125313  -39.148  -4.763  28.341 0.0000000000
126756  -39.313  -4.412  28.166 0.0000000000
128245  -39.691  -3.715  27.891 0.0000000000
128257  -39.609  -3.104  27.330 0.0000000000
129632  -39.944  -2.534  27.201 0.0000000000
130907  -40.304  -1.853  27.230 0.0000000000
132200  -40.534  -1.096  27.095 0.0000000000
105947  -12.796  -15.704  45.681 0.0000000000
107277  -12.810  -14.898  46.646 0.0000000000
101804  -11.015  -17.941  47.499 0.0000000000
100287  -11.243  -18.772  46.523 0.0000000000
100286  -10.932  -18.821  47.122 0.0000000000
98698  -10.663  -19.400  47.445 0.0000000000
97238  -10.232  -20.794  46.966 0.0000000000
94017  -9.963  -22.027  46.408 0.0000000000
92448  -9.868  -22.900  45.928 0.0000000000
92467  -10.238  -22.828  45.054 0.0000000000
75193  -7.531  -32.525  53.878 0.0000000000
103331  -31.983  -16.339  37.744 0.0000000000
104675  -32.596  -15.787  38.927 0.0000000000
106058  -32.779  -15.275  38.897 0.0000000000
106043  -33.074  -15.389  39.890 0.0000000000
108710  -33.080  -13.946  41.040 0.0000000000
107341  -33.633  -14.380  43.086 0.0000000000
110028  -25.667  -13.107  42.312 0.0000000000
108680  -26.279  -13.385  42.607 0.0000000000
108694  -26.763  -13.750  42.091 0.0000000000
107365  -27.263  -14.157  41.556 0.0000000000
107366  -27.671  -14.654  41.073 0.0000000000
106029  -28.051  -15.114  40.701 0.0000000000
106030  -28.442  -15.520  40.387 0.0000000000
105973  -29.978  -15.511  44.485 0.0000000000
105993  -29.306  -15.587  42.830 0.0000000000
104597  -30.130  -16.137  42.805 0.0000000000
104596  -29.597  -15.903  42.496 0.0000000000
104595  -29.147  -15.561  42.214 0.0000000000
104609  -29.011  -15.619  41.494 0.0000000000
104628  -28.933  -15.749  40.790 0.0000000000
104643  -28.798  -15.944  40.104 0.0000000000
104656  -29.154  -16.297  39.817 0.0000000000
104673  -29.085  -16.378  39.086 0.0000000000
103327  -29.532  -16.625  38.788 0.0000000000
103311  -30.042  -16.798  39.288 0.0000000000
103328  -30.069  -16.772  38.488 0.0000000000
103329  -30.685  -16.815  38.193 0.0000000000
108638  -26.512  -13.194  45.766 0.0000000000
108648  -26.486  -13.228  44.991 0.0000000000
132229  -36.496  -1.133  23.835 0.0000000000
132244  -36.880  -0.684  23.556 0.0000000000
133634  -37.117  -0.367  22.993 0.0000000000
134937  -38.765  0.328  23.023 0.0000000000
134936  -38.261  0.297  22.692 0.0000000000
134948  -38.136  0.406  22.152 0.0000000000
136325  -42.431  1.455  23.459 0.0000000000
136332  -41.795  1.212  22.824 0.0000000000
136343  -40.888  1.135  22.153 0.0000000000
137786  -42.459  1.696  22.245 0.0000000000
136344  -41.699  1.395  22.185 0.0000000000
136361  -40.846  1.456  21.559 0.0000000000
136360  -40.169  1.550  21.139 0.0000000000
136377  -39.823  1.577  20.785 0.0000000000
136387  -39.287  1.451  19.906 0.0000000000
137844  -39.685  1.754  19.590 0.0000000000
137845  -40.102  2.112  19.289 0.0000000000
139222  -40.524  2.439  19.005 0.0000000000
139214  -41.506  2.947  19.413 0.0000000000
140734  -41.343  2.976  19.094 0.0000000000
140750  -41.433  3.170  18.058 0.0000000000
140751  -41.805  3.519  17.637 0.0000000000
140752  -42.209  3.849  17.158 0.0000000000
142145  -42.275  4.130  17.647 0.0000000000
142128  -44.205  5.135  18.896 0.0000000000
143599  -45.392  5.693  19.286 0.0000000000
140708  -45.786  4.250  20.915 0.0000000000
142095  -46.201  4.925  20.637 0.0000000000
142096  -46.859  5.410  20.711 0.0000000000
143583  -46.407  5.814  20.059 0.0000000000
145098  -47.764  6.504  20.485 0.0000000000
119327  -28.378  -8.751  35.495 0.0000000000
117816  -28.041  -9.209  34.681 0.0000000000
119340  -28.333  -8.580  35.101 0.0000000000
120846  -28.384  -7.966  34.657 0.0000000000
122294  -28.437  -7.387  34.110 0.0000000000
122295  -28.724  -6.934  34.310 0.0000000000
122303  -28.406  -7.314  33.704 0.0000000000
122314  -28.718  -6.595  32.610 0.0000000000
123735  -29.185  -5.871  31.530 0.0000000000
125153  -31.485  -5.026  35.105 0.0000000000
125189  -31.550  -4.474  33.261 0.0000000000
125188  -30.755  -4.836  33.320 0.0000000000
125203  -29.777  -5.291  32.721 0.0000000000
125218  -29.466  -5.449  32.039 0.0000000000
123757  -29.761  -5.608  29.932 0.0000000000
125273  -30.250  -5.365  29.567 0.0000000000
125239  -31.226  -4.764  30.512 0.0000000000
125255  -30.770  -5.020  29.987 0.0000000000
125274  -30.894  -5.215  29.140 0.0000000000
125294  -30.953  -5.488  28.608 0.0000000000
123793  -31.788  -5.596  28.032 0.0000000000
123794  -32.586  -5.580  28.067 0.0000000000
123772  -33.949  -5.500  28.703 0.0000000000
125278  -34.021  -5.121  29.371 0.0000000000
123773  -34.597  -5.616  28.886 0.0000000000
125223  -35.877  -4.444  31.753 0.0000000000
125242  -36.256  -4.743  31.120 0.0000000000
125225  -37.959  -4.749  32.010 0.0000000000
125263  -37.263  -5.348  30.307 0.0000000000
123760  -37.632  -5.578  29.856 0.0000000000
123778  -38.879  -5.288  29.552 0.0000000000
108679  -16.964  -13.695  42.174 0.0000000000
108668  -16.224  -13.712  42.854 0.0000000000
109993  -15.736  -13.552  43.483 0.0000000000
107348  -15.384  -15.033  41.948 0.0000000000
107337  -15.184  -14.683  42.599 0.0000000000
108657  -15.370  -13.686  43.694 0.0000000000
109980  -15.176  -13.582  44.043 0.0000000000
108647  -14.575  -13.842  44.488 0.0000000000
107314  -13.949  -14.804  44.405 0.0000000000
105969  -13.466  -15.871  44.145 0.0000000000
103243  -13.534  -16.978  42.836 0.0000000000
103242  -13.143  -17.196  43.347 0.0000000000
103238  -12.877  -17.096  44.045 0.0000000000
149362  -50.948  8.334  12.461 0.0000000000
108823  -29.066  -13.307  34.653 0.0000000000
110168  -28.640  -12.787  34.359 0.0000000000
113205  -28.445  -11.738  35.006 0.0000000000
113184  -28.306  -11.171  35.182 0.0000000000
116280  -28.335  -10.078  35.562 0.0000000000
103349  -32.016  -16.204  37.109 0.0000000000
106088  -32.205  -15.132  37.367 0.0000000000
107412  -32.206  -14.375  38.644 0.0000000000
107429  -32.054  -14.570  38.076 0.0000000000
107444  -31.815  -14.655  37.136 0.0000000000
108781  -31.589  -14.207  37.547 0.0000000000
108780  -31.178  -13.910  37.263 0.0000000000
110126  -31.005  -13.485  37.618 0.0000000000
111568  -31.626  -12.340  40.031 0.0000000000
113091  -31.198  -11.575  39.997 0.0000000000
111567  -31.415  -12.235  39.592 0.0000000000
111579  -31.119  -12.375  38.873 0.0000000000
110109  -30.807  -12.873  37.986 0.0000000000
110125  -30.659  -13.052  37.592 0.0000000000
111596  -30.191  -12.643  37.388 0.0000000000
113163  -29.804  -12.298  37.150 0.0000000000
113138  -29.603  -11.628  37.373 0.0000000000
114709  -29.923  -10.780  38.557 0.0000000000
114728  -29.334  -10.662  37.575 0.0000000000
114745  -29.238  -11.324  36.955 0.0000000000
114744  -28.973  -10.617  36.674 0.0000000000
116281  -28.555  -9.839  36.157 0.0000000000
117806  -28.480  -9.162  36.026 0.0000000000
120832  -29.125  -7.619  36.435 0.0000000000
122267  -29.368  -7.226  36.394 0.0000000000
122260  -29.934  -7.093  37.525 0.0000000000
122269  -30.340  -6.406  36.700 0.0000000000
123660  -30.779  -6.158  36.977 0.0000000000
123675  -31.278  -5.741  36.622 0.0000000000
125125  -31.907  -5.318  36.760 0.0000000000
123606  -31.638  -6.430  40.070 0.0000000000
123616  -31.503  -6.258  39.292 0.0000000000
123630  -31.995  -5.774  38.906 0.0000000000
125085  -32.480  -5.408  39.282 0.0000000000
123646  -31.904  -5.755  38.135 0.0000000000
125109  -32.156  -5.224  37.728 0.0000000000
110077  -25.538  -13.311  39.506 0.0000000000
110092  -25.676  -13.531  38.865 0.0000000000
108748  -26.081  -13.901  38.615 0.0000000000
108747  -25.573  -13.619  38.194 0.0000000000
108762  -25.503  -13.753  37.446 0.0000000000
108794  -25.199  -13.888  36.096 0.0000000000
108809  -25.579  -14.214  35.723 0.0000000000
106070  -27.744  -15.461  38.338 0.0000000000
106087  -27.431  -15.170  37.261 0.0000000000
106086  -27.138  -14.957  36.986 0.0000000000
106112  -27.314  -15.481  35.497 0.0000000000
106111  -26.914  -15.073  35.891 0.0000000000
107456  -26.596  -14.770  36.335 0.0000000000
107455  -26.097  -14.482  36.038 0.0000000000
107468  -25.420  -14.408  35.085 0.0000000000
113021  -19.253  -11.674  45.543 0.0000000000
111448  -19.000  -11.840  44.867 0.0000000000
111479  -18.432  -12.390  43.388 0.0000000000
111495  -18.346  -12.626  42.788 0.0000000000
113025  -21.971  -11.669  44.747 0.0000000000
113031  -21.381  -11.632  44.282 0.0000000000
111465  -20.443  -11.681  43.769 0.0000000000
111497  -19.845  -12.053  42.544 0.0000000000
111481  -20.151  -11.810  43.283 0.0000000000
111496  -18.932  -12.504  42.520 0.0000000000
110024  -18.517  -12.910  41.966 0.0000000000
110056  -18.001  -13.645  40.910 0.0000000000
108720  -17.910  -14.075  40.176 0.0000000000
108744  -18.243  -14.466  38.703 0.0000000000
142147  -43.049  4.717  16.722 0.0000000000
143635  -43.849  5.617  17.391 0.0000000000
145134  -43.931  5.804  16.636 0.0000000000
143645  -43.800  5.263  15.859 0.0000000000
143646  -44.181  5.600  15.654 0.0000000000
145150  -44.461  5.767  15.507 0.0000000000
145156  -44.781  5.704  15.108 0.0000000000
146540  -46.321  7.081  18.607 0.0000000000
146543  -45.648  6.917  17.869 0.0000000000
146548  -45.384  7.081  16.859 0.0000000000
147927  -45.965  7.512  17.063 0.0000000000
146554  -45.113  6.649  15.794 0.0000000000
145157  -45.362  6.021  14.776 0.0000000000
145163  -45.828  5.828  14.298 0.0000000000
145164  -46.340  6.039  14.055 0.0000000000
147942  -46.859  7.301  14.453 0.0000000000
146566  -46.872  6.765  14.025 0.0000000000
145165  -46.937  6.000  13.640 0.0000000000
146577  -49.094  6.753  12.855 0.0000000000
147949  -49.028  7.514  13.187 0.0000000000
149357  -48.973  8.023  13.521 0.0000000000
149355  -50.183  8.921  13.700 0.0000000000
90837  -8.464  -23.779  49.954 0.0000000000
89226  -8.259  -24.372  50.253 0.0000000000
89239  -8.377  -24.414  49.506 0.0000000000
86270  -8.135  -26.006  49.094 0.0000000000
84867  -8.005  -26.898  49.330 0.0000000000
84875  -8.650  -27.354  48.036 0.0000000000
83575  -8.292  -27.697  48.855 0.0000000000
82318  -8.232  -28.434  49.061 0.0000000000
117827  -27.664  -9.654  33.515 0.0000000000
120896  -28.520  -7.448  30.065 0.0000000000
130941  -35.331  -2.044  23.995 0.0000000000
123816  -33.033  -5.998  27.513 0.0000000000
123828  -33.452  -6.153  27.142 0.0000000000
123829  -34.008  -6.111  26.931 0.0000000000
123839  -34.731  -5.458  26.284 0.0000000000
123821  -37.092  -5.366  27.908 0.0000000000
125309  -36.637  -5.103  27.445 0.0000000000
126753  -37.399  -4.330  27.300 0.0000000000
125321  -36.354  -4.786  27.046 0.0000000000
125320  -35.686  -4.814  26.756 0.0000000000
125330  -35.270  -4.747  26.496 0.0000000000
125329  -34.851  -4.760  26.149 0.0000000000
126780  -34.777  -4.167  25.728 0.0000000000
128273  -35.032  -3.381  25.456 0.0000000000
129639  -36.117  -2.829  25.891 0.0000000000
130922  -35.635  -1.923  24.679 0.0000000000
130942  -36.005  -1.526  24.265 0.0000000000
132213  -36.643  -1.258  24.411 0.0000000000
132231  -37.897  -0.790  24.534 0.0000000000
132216  -38.850  -1.163  25.349 0.0000000000
133615  -38.994  -0.627  24.822 0.0000000000
133625  -39.440  -0.282  24.488 0.0000000000
133626  -40.081  -0.104  24.635 0.0000000000
134927  -41.044  0.564  25.033 0.0000000000
136303  -41.561  1.079  25.055 0.0000000000
93939  -8.829  -22.135  50.718 0.0000000000
90823  -8.603  -23.245  50.218 0.0000000000
90852  -8.548  -23.840  49.377 0.0000000000
87700  -8.545  -24.658  48.528 0.0000000000
87716  -8.604  -25.057  48.065 0.0000000000
89269  -8.885  -24.352  47.669 0.0000000000
90900  -9.542  -23.769  45.910 0.0000000000
89308  -9.472  -24.516  45.878 0.0000000000
89218  -8.236  -24.287  51.043 0.0000000000
87672  -7.870  -24.970  51.390 0.0000000000
84859  -7.626  -26.708  50.465 0.0000000000
86250  -7.702  -25.486  51.270 0.0000000000
87663  -7.718  -25.307  51.852 0.0000000000
86237  -7.346  -25.959  52.814 0.0000000000
79679  -7.969  -30.164  50.515 0.0000000000
81012  -7.720  -29.469  50.841 0.0000000000
81002  -7.405  -29.457  51.764 0.0000000000
82275  -7.309  -28.637  51.617 0.0000000000
86229  -6.906  -25.975  53.351 0.0000000000
86228  -6.472  -26.143  53.599 0.0000000000
86227  -5.890  -26.200  53.457 0.0000000000
86226  -5.491  -25.823  53.257 0.0000000000
76634  -7.013  -32.141  53.998 0.0000000000
76626  -6.859  -32.328  54.038 0.0000000000
78119  -6.759  -31.645  53.498 0.0000000000
79628  -6.313  -30.826  53.107 0.0000000000
80981  -5.951  -29.856  52.585 0.0000000000
75182  -7.102  -32.748  54.367 0.0000000000
75192  -7.277  -32.430  54.113 0.0000000000
76635  -7.256  -32.066  53.790 0.0000000000
76644  -5.994  -31.758  53.194 0.0000000000
78110  -6.892  -32.012  53.943 0.0000000000
78129  -7.126  -31.638  53.402 0.0000000000
78137  -7.041  -30.921  52.936 0.0000000000
78145  -7.560  -31.071  52.328 0.0000000000
78156  -7.931  -30.891  51.450 0.0000000000
79638  -6.988  -30.589  52.672 0.0000000000
79647  -7.166  -30.484  52.424 0.0000000000
79658  -7.229  -30.127  52.194 0.0000000000
79659  -7.454  -30.239  51.980 0.0000000000
82242  -6.195  -29.683  52.636 0.0000000000
82287  -7.676  -29.022  50.647 0.0000000000
82298  -7.554  -28.155  50.740 0.0000000000
83576  -8.606  -27.784  48.253 0.0000000000
84852  -7.619  -27.394  50.369 0.0000000000
86256  -7.658  -26.302  50.635 0.0000000000
86276  -8.424  -25.986  48.289 0.0000000000
86277  -8.508  -25.606  48.057 0.0000000000
86284  -8.542  -26.356  47.925 0.0000000000
87671  -7.705  -25.411  51.500 0.0000000000
87774  -9.425  -25.033  46.060 0.0000000000
89205  -7.863  -24.314  52.838 0.0000000000
89255  -8.537  -24.280  48.905 0.0000000000
90799  -8.218  -23.159  53.237 0.0000000000
90822  -8.446  -23.597  50.694 0.0000000000
90888  -9.543  -23.273  46.313 0.0000000000
90899  -9.319  -24.111  46.158 0.0000000000
92352  -8.787  -22.697  50.064 0.0000000000
92408  -9.460  -22.419  47.309 0.0000000000
92468  -10.497  -22.445  44.835 0.0000000000
93998  -9.432  -22.299  47.544 0.0000000000
94037  -10.588  -21.754  45.187 0.0000000000
94057  -10.469  -22.220  45.101 0.0000000000
94080  -10.958  -22.066  44.185 0.0000000000
95584  -9.382  -21.191  49.495 0.0000000000
95585  -9.635  -20.788  49.016 0.0000000000
95599  -9.521  -21.215  48.876 0.0000000000
95600  -9.764  -20.910  48.448 0.0000000000
95658  -10.176  -21.207  46.686 0.0000000000
95716  -11.207  -21.324  44.269 0.0000000000
97219  -10.206  -20.555  47.306 0.0000000000
97220  -10.495  -19.972  47.318 0.0000000000
97239  -10.568  -20.405  46.663 0.0000000000
97264  -10.918  -20.837  45.303 0.0000000000
97265  -11.227  -20.452  44.990 0.0000000000
98683  -10.145  -19.775  48.471 0.0000000000
98684  -10.427  -19.457  48.017 0.0000000000
98725  -10.965  -19.832  46.227 0.0000000000
100248  -10.284  -18.885  48.946 0.0000000000
100301  -11.464  -18.836  45.894 0.0000000000
100327  -11.726  -19.349  44.799 0.0000000000
101811  -10.898  -18.367  47.407 0.0000000000
101826  -11.720  -18.358  45.598 0.0000000000
103204  -10.970  -17.742  47.799 0.0000000000
103211  -11.594  -17.207  46.883 0.0000000000
103225  -12.169  -17.489  45.415 0.0000000000
103232  -12.327  -17.587  45.002 0.0000000000
103233  -12.603  -17.175  44.659 0.0000000000
103244  -31.312  -16.534  42.371 0.0000000000
103253  -30.646  -16.463  41.902 0.0000000000
103255  -31.733  -16.538  41.785 0.0000000000
103283  -29.895  -16.358  40.767 0.0000000000
103314  -31.933  -16.467  38.507 0.0000000000
103420  -31.502  -16.078  34.627 0.0000000000
104521  -11.473  -16.546  47.784 0.0000000000
104522  -11.711  -16.309  47.350 0.0000000000
104547  -12.506  -16.341  45.679 0.0000000000
104558  -12.351  -16.896  45.575 0.0000000000
104592  -13.570  -16.594  43.176 0.0000000000
104612  -30.474  -16.428  42.201 0.0000000000
104613  -30.898  -16.494  42.503 0.0000000000
104614  -32.195  -16.383  41.919 0.0000000000
104645  -29.633  -16.159  40.959 0.0000000000
104692  -32.307  -15.757  37.581 0.0000000000
104735  -31.435  -16.279  35.430 0.0000000000
104771  -31.512  -15.875  34.482 0.0000000000
105910  -11.966  -15.286  47.922 0.0000000000
105934  -12.373  -15.719  46.437 0.0000000000
105935  -12.745  -15.305  46.152 0.0000000000
105958  -13.620  -15.149  44.629 0.0000000000
105970  -13.705  -15.355  44.285 0.0000000000
105971  -28.953  -14.985  43.824 0.0000000000
105979  -13.579  -15.937  43.870 0.0000000000
105983  -29.273  -15.364  43.428 0.0000000000
105990  -14.103  -15.822  43.104 0.0000000000
105991  -14.484  -15.631  42.681 0.0000000000
106000  -14.831  -15.676  42.079 0.0000000000
106001  -15.237  -15.587  41.654 0.0000000000
106002  -28.223  -14.917  41.792 0.0000000000
106026  -15.707  -16.100  40.758 0.0000000000
106056  -28.257  -15.773  38.924 0.0000000000
106100  -27.076  -15.002  36.641 0.0000000000
106126  -31.292  -15.017  35.232 0.0000000000
106127  -31.466  -15.433  35.057 0.0000000000
107291  -13.355  -14.696  45.534 0.0000000000
107315  -14.273  -14.634  44.009 0.0000000000
107325  -14.059  -15.057  43.988 0.0000000000
107327  -14.971  -14.594  43.108 0.0000000000
107362  -15.654  -15.368  41.398 0.0000000000
107378  -16.554  -15.287  40.488 0.0000000000
107383  -33.248  -14.947  40.543 0.0000000000
107396  -27.631  -14.958  39.568 0.0000000000
107398  -32.949  -14.272  40.214 0.0000000000
107413  -32.504  -14.544  38.983 0.0000000000
107430  -32.294  -14.589  38.553 0.0000000000
107441  -26.841  -14.762  37.078 0.0000000000
107469  -25.953  -14.553  35.402 0.0000000000
108656  -14.736  -14.074  43.950 0.0000000000
108667  -15.564  -14.031  43.083 0.0000000000
108678  -16.445  -13.895  42.355 0.0000000000
108689  -15.874  -14.743  41.847 0.0000000000
108691  -17.112  -13.885  41.696 0.0000000000
108693  -26.150  -13.406  41.751 0.0000000000
108705  -16.620  -14.772  41.073 0.0000000000
108707  -17.590  -13.897  41.100 0.0000000000
108721  -18.476  -13.637  40.059 0.0000000000
108723  -26.510  -13.760  40.515 0.0000000000
108725  -32.904  -13.988  40.459 0.0000000000
108733  -18.708  -13.720  39.459 0.0000000000
108751  -32.273  -14.143  38.985 0.0000000000
108759  -18.919  -14.294  38.094 0.0000000000
108765  -31.371  -13.726  37.861 0.0000000000
108777  -25.379  -13.834  36.769 0.0000000000
108822  -24.855  -14.430  34.805 0.0000000000
109951  -24.933  -12.587  46.020 0.0000000000
109968  -14.502  -13.741  44.750 0.0000000000
109971  -16.597  -12.392  44.781 0.0000000000
109972  -25.001  -12.658  44.653 0.0000000000
109986  -25.936  -13.058  44.636 0.0000000000
110010  -18.425  -12.726  42.459 0.0000000000
110011  -24.728  -12.593  42.652 0.0000000000
110013  -25.800  -13.121  43.119 0.0000000000
110023  -17.677  -13.405  41.885 0.0000000000
110040  -17.807  -13.581  41.352 0.0000000000
110043  -24.317  -12.511  41.716 0.0000000000
110073  -19.680  -12.949  39.286 0.0000000000
110074  -23.286  -12.445  39.823 0.0000000000
110078  -31.553  -12.561  39.539 0.0000000000
110085  -19.458  -13.239  39.062 0.0000000000
110088  -22.493  -12.353  38.979 0.0000000000
110101  -19.582  -13.376  38.589 0.0000000000
110102  -20.017  -13.263  38.270 0.0000000000
110104  -21.317  -12.813  38.165 0.0000000000
110118  -20.328  -13.367  37.848 0.0000000000
110124  -25.058  -13.506  37.076 0.0000000000
110148  -29.638  -13.120  35.946 0.0000000000
110157  -29.183  -13.021  35.224 0.0000000000
110158  -29.499  -13.389  35.395 0.0000000000
111444  -16.147  -12.208  45.634 0.0000000000
111449  -19.567  -11.779  44.562 0.0000000000
111452  -23.980  -12.300  44.997 0.0000000000
111453  -24.539  -12.478  44.878 0.0000000000
111460  -17.028  -12.267  44.760 0.0000000000
111478  -17.859  -12.420  43.867 0.0000000000
111482  -20.666  -11.686  43.381 0.0000000000
111486  -23.909  -12.318  43.707 0.0000000000
111503  -24.291  -12.493  43.143 0.0000000000
111513  -18.981  -12.652  41.974 0.0000000000
111517  -22.090  -11.759  41.974 0.0000000000
111535  -22.873  -12.006  41.030 0.0000000000
111546  -19.665  -12.758  39.958 0.0000000000
111552  -23.613  -12.368  40.899 0.0000000000
111560  -19.679  -12.853  39.555 0.0000000000
111563  -21.595  -12.089  39.784 0.0000000000
111574  -20.288  -12.782  38.933 0.0000000000
111578  -22.663  -12.224  39.628 0.0000000000
111586  -21.437  -12.518  38.649 0.0000000000
111589  -30.933  -12.510  38.449 0.0000000000
111608  -29.273  -12.329  36.356 0.0000000000
111610  -29.949  -12.703  36.965 0.0000000000
111643  -28.420  -11.998  34.676 0.0000000000
111660  -28.258  -12.147  34.177 0.0000000000
113032  -21.941  -11.705  44.140 0.0000000000
113041  -20.945  -11.623  43.798 0.0000000000
113053  -21.061  -11.684  43.331 0.0000000000
113054  -21.390  -11.744  43.097 0.0000000000
113063  -22.251  -11.615  42.015 0.0000000000
113064  -22.373  -11.720  41.824 0.0000000000
113073  -22.195  -11.689  41.654 0.0000000000
113074  -22.470  -11.732  41.541 0.0000000000
113092  -31.552  -12.002  40.172 0.0000000000
113101  -30.547  -11.275  38.934 0.0000000000
114657  -31.066  -10.761  40.926 0.0000000000
114670  -30.671  -10.570  40.279 0.0000000000
114671  -30.890  -11.050  40.122 0.0000000000
114776  -28.007  -10.673  34.762 0.0000000000
116174  -31.126  -10.167  41.484 0.0000000000
116186  -30.658  -10.154  40.621 0.0000000000
116257  -29.131  -9.836  37.514 0.0000000000
116258  -29.246  -10.132  37.736 0.0000000000
116307  -27.677  -10.049  33.668 0.0000000000
117762  -29.553  -9.234  38.639 0.0000000000
117776  -29.190  -9.169  37.758 0.0000000000
117805  -28.313  -9.246  35.499 0.0000000000
119271  -29.958  -8.796  39.310 0.0000000000
119295  -29.448  -8.513  38.096 0.0000000000
119304  -29.199  -8.539  37.442 0.0000000000
120797  -30.772  -7.615  39.910 0.0000000000
120810  -29.921  -7.933  38.518 0.0000000000
120819  -30.087  -7.479  38.321 0.0000000000
120825  -29.236  -7.912  37.052 0.0000000000
120826  -29.563  -7.469  37.273 0.0000000000
120855  -28.271  -7.821  34.009 0.0000000000
120856  -28.458  -7.503  34.405 0.0000000000
122218  -30.711  -7.294  39.389 0.0000000000
122248  -30.033  -7.167  37.869 0.0000000000
122268  -29.722  -6.988  36.652 0.0000000000
122274  -29.288  -7.125  36.044 0.0000000000
122304  -28.690  -6.720  33.434 0.0000000000
122337  -28.496  -7.246  30.431 0.0000000000
123674  -30.712  -6.004  36.421 0.0000000000
123676  -31.570  -5.702  37.001 0.0000000000
123683  -30.696  -5.766  35.814 0.0000000000
123707  -30.236  -5.699  34.652 0.0000000000
123726  -29.394  -5.726  32.928 0.0000000000
123744  -29.800  -5.410  30.415 0.0000000000
123763  -39.170  -4.737  30.190 0.0000000000
123769  -29.424  -6.224  29.292 0.0000000000
123779  -39.158  -4.983  29.887 0.0000000000
123790  -29.906  -6.231  28.595 0.0000000000
125075  -32.528  -5.486  39.637 0.0000000000
125076  -32.895  -5.306  39.912 0.0000000000
125124  -31.515  -5.502  36.451 0.0000000000
125171  -30.213  -5.455  34.131 0.0000000000
125202  -29.462  -5.512  32.395 0.0000000000
125222  -35.472  -4.412  31.651 0.0000000000
125254  -30.194  -5.232  30.245 0.0000000000
125280  -35.516  -5.421  29.674 0.0000000000
125295  -31.420  -5.301  28.577 0.0000000000
125300  -38.938  -5.043  28.504 0.0000000000
125312  -38.784  -4.747  28.075 0.0000000000
125322  -36.790  -4.745  27.257 0.0000000000
126482  -33.305  -4.893  39.861 0.0000000000
126679  -31.082  -4.602  31.342 0.0000000000
126699  -32.319  -4.341  30.734 0.0000000000
126713  -31.904  -4.567  29.973 0.0000000000
126717  -34.061  -4.359  30.844 0.0000000000
126773  -35.491  -4.274  26.406 0.0000000000
128244  -39.129  -3.821  27.548 0.0000000000
129622  -40.127  -2.893  27.684 0.0000000000
130911  -37.626  -1.990  25.740 0.0000000000
130926  -38.542  -1.649  25.768 0.0000000000
133610  -41.104  0.140  26.176 0.0000000000
133663  -37.546  0.080  21.988 0.0000000000
134926  -40.586  0.262  24.709 0.0000000000
134932  -41.013  0.627  24.345 0.0000000000
136312  -42.505  1.688  24.766 0.0000000000
136317  -41.452  0.988  23.869 0.0000000000
136324  -41.917  1.204  23.382 0.0000000000
136331  -41.216  1.035  22.713 0.0000000000
136340  -39.048  1.090  21.199 0.0000000000
136359  -39.516  1.363  20.977 0.0000000000
136362  -41.271  1.428  21.833 0.0000000000
136376  -39.531  1.514  20.461 0.0000000000
137768  -43.485  2.096  24.263 0.0000000000
137779  -43.843  2.000  23.083 0.0000000000
137785  -42.043  1.754  21.844 0.0000000000
137801  -40.863  1.814  21.041 0.0000000000
137803  -42.402  2.103  21.450 0.0000000000
137813  -39.785  1.712  20.381 0.0000000000
137826  -39.755  1.765  20.141 0.0000000000
137827  -40.272  2.110  19.949 0.0000000000
137828  -40.693  2.228  20.061 0.0000000000
139170  -43.232  2.327  21.511 0.0000000000
139180  -41.202  2.210  20.397 0.0000000000
139196  -41.728  2.788  19.868 0.0000000000
139212  -40.602  2.388  19.588 0.0000000000
139223  -40.938  2.761  18.754 0.0000000000
139229  -40.546  2.403  18.447 0.0000000000
142158  -42.865  4.270  16.531 0.0000000000
143622  -43.122  4.976  17.477 0.0000000000
145109  -46.017  6.177  19.323 0.0000000000
145118  -45.780  6.526  18.628 0.0000000000
145136  -44.634  6.286  17.603 0.0000000000
145145  -44.773  6.376  15.974 0.0000000000
146527  -47.290  7.089  19.725 0.0000000000
146537  -47.413  7.381  19.601 0.0000000000
146539  -45.909  6.843  18.379 0.0000000000
146558  -45.895  6.807  14.870 0.0000000000
147948  -48.480  7.382  13.393 0.0000000000
149343  -46.736  8.123  16.109 0.0000000000
149351  -47.477  7.878  14.506 0.0000000000
150688  -47.876  9.013  17.380 0.0000000000
