#!ascii label  , from subject FS6EXPERT_subj01_ver10 vox2ras=TkReg
2150
104682  -46.415  -16.360  39.154 0.0000000000
87745  -34.373  -25.093  47.543 0.0000000000
108897  -56.776  -13.472  30.559 0.0000000000
110295  -40.848  -13.457  28.650 0.0000000000
111689  -48.315  -12.293  33.293 0.0000000000
89367  -42.758  -23.996  44.304 0.0000000000
89591  -32.918  -24.476  35.567 0.0000000000
97534  -36.936  -19.685  31.809 0.0000000000
93985  -25.547  -22.179  48.078 0.0000000000
126777  -48.435  -4.648  26.436 0.0000000000
89602  -26.904  -24.607  34.831 0.0000000000
108828  -42.803  -14.582  34.625 0.0000000000
110267  -44.387  -12.928  31.034 0.0000000000
110144  -46.434  -13.056  36.289 0.0000000000
97347  -45.696  -20.733  41.126 0.0000000000
95861  -40.118  -21.349  38.609 0.0000000000
100474  -41.590  -18.044  36.422 0.0000000000
104808  -38.546  -16.170  30.874 0.0000000000
128324  -49.546  -3.448  21.948 0.0000000000
89288  -29.770  -24.697  47.347 0.0000000000
89444  -26.057  -24.390  41.366 0.0000000000
89428  -30.518  -24.229  42.163 0.0000000000
110250  -52.325  -12.994  31.828 0.0000000000
86311  -38.449  -25.789  46.301 0.0000000000
86383  -34.509  -26.629  41.548 0.0000000000
91019  -37.242  -23.604  40.461 0.0000000000
94321  -35.232  -21.737  34.586 0.0000000000
97207  -21.164  -20.396  48.709 0.0000000000
120851  -50.679  -7.554  34.910 0.0000000000
120899  -52.844  -7.395  30.387 0.0000000000
128231  -50.560  -3.347  29.394 0.0000000000
119440  -52.669  -7.994  27.408 0.0000000000
118022  -49.056  -9.208  23.900 0.0000000000
90968  -21.983  -23.006  42.805 0.0000000000
85048  -30.146  -26.179  35.007 0.0000000000
106093  -44.142  -15.458  37.340 0.0000000000
108817  -44.725  -14.099  35.413 0.0000000000
107435  -46.558  -14.392  38.198 0.0000000000
100414  -46.496  -18.722  40.117 0.0000000000
98869  -42.984  -19.219  38.535 0.0000000000
103335  -43.867  -17.198  38.055 0.0000000000
104740  -41.829  -16.328  35.509 0.0000000000
111845  -56.230  -12.557  27.457 0.0000000000
113417  -57.756  -11.959  28.348 0.0000000000
87724  -32.244  -25.190  48.065 0.0000000000
89337  -30.042  -24.490  45.191 0.0000000000
89341  -32.829  -24.519  44.823 0.0000000000
111860  -42.168  -12.569  27.070 0.0000000000
110212  -47.044  -13.285  32.524 0.0000000000
111771  -46.491  -12.343  30.068 0.0000000000
110272  -48.345  -12.995  31.342 0.0000000000
113331  -50.043  -11.967  30.363 0.0000000000
110216  -49.776  -13.197  32.474 0.0000000000
87802  -40.759  -25.271  45.165 0.0000000000
86363  -38.152  -25.657  42.564 0.0000000000
89435  -39.742  -24.009  42.492 0.0000000000
97451  -38.857  -20.502  35.406 0.0000000000
95915  -37.705  -21.285  36.423 0.0000000000
95965  -36.377  -20.835  33.154 0.0000000000
107558  -39.577  -14.641  30.091 0.0000000000
120876  -51.043  -7.375  32.491 0.0000000000
122351  -51.913  -6.124  29.051 0.0000000000
120934  -49.088  -7.201  27.825 0.0000000000
117946  -50.849  -8.932  25.885 0.0000000000
122394  -47.228  -7.066  25.640 0.0000000000
125418  -47.168  -5.025  20.364 0.0000000000
95627  -23.805  -21.166  48.515 0.0000000000
95701  -21.641  -21.555  45.587 0.0000000000
94066  -24.031  -22.496  45.264 0.0000000000
91041  -27.159  -23.653  38.682 0.0000000000
91038  -24.752  -23.775  38.496 0.0000000000
89599  -24.589  -24.933  35.345 0.0000000000
86455  -33.814  -25.516  37.947 0.0000000000
85006  -31.882  -26.432  38.586 0.0000000000
86514  -31.987  -25.527  35.255 0.0000000000
108887  -41.980  -13.849  31.813 0.0000000000
110284  -42.847  -13.023  30.091 0.0000000000
110183  -43.968  -13.529  33.106 0.0000000000
110172  -45.915  -13.257  34.050 0.0000000000
113194  -47.258  -12.075  34.884 0.0000000000
92547  -44.802  -22.482  42.929 0.0000000000
92575  -41.346  -22.454  41.478 0.0000000000
95846  -42.540  -20.880  39.813 0.0000000000
97426  -40.950  -19.863  37.056 0.0000000000
98948  -39.333  -18.848  34.096 0.0000000000
100544  -37.716  -18.007  31.295 0.0000000000
103422  -39.811  -17.131  33.565 0.0000000000
107521  -40.772  -15.210  32.968 0.0000000000
126815  -48.525  -4.427  24.178 0.0000000000
129687  -51.214  -2.792  23.795 0.0000000000
90882  -27.465  -23.608  47.714 0.0000000000
90935  -25.698  -23.940  44.698 0.0000000000
89357  -27.848  -24.574  44.703 0.0000000000
89447  -28.527  -24.076  41.415 0.0000000000
89508  -28.940  -23.966  38.652 0.0000000000
111819  -44.471  -12.078  28.477 0.0000000000
113357  -52.125  -11.674  29.634 0.0000000000
110274  -54.038  -12.687  30.737 0.0000000000
86298  -36.902  -25.646  46.232 0.0000000000
87815  -34.703  -25.170  44.275 0.0000000000
86339  -36.733  -26.195  44.152 0.0000000000
86385  -36.389  -25.512  41.029 0.0000000000
91060  -34.883  -23.966  38.100 0.0000000000
92589  -38.497  -22.248  39.709 0.0000000000
94276  -36.157  -22.296  37.684 0.0000000000
92638  -33.850  -22.875  34.856 0.0000000000
107372  -47.597  -14.780  40.884 0.0000000000
87711  -35.901  -24.906  49.295 0.0000000000
90909  -39.442  -23.526  46.484 0.0000000000
94076  -40.726  -22.156  45.148 0.0000000000
110083  -48.403  -13.135  39.318 0.0000000000
113130  -48.335  -11.648  37.869 0.0000000000
116290  -48.502  -10.000  36.131 0.0000000000
119312  -49.925  -8.030  37.224 0.0000000000
116331  -49.272  -10.095  33.826 0.0000000000
114819  -51.073  -10.610  32.731 0.0000000000
114843  -52.678  -10.744  32.194 0.0000000000
114888  -55.041  -10.521  30.915 0.0000000000
126728  -53.645  -4.510  29.843 0.0000000000
120910  -54.176  -7.342  29.229 0.0000000000
116416  -55.840  -9.635  29.396 0.0000000000
116438  -55.244  -9.766  27.248 0.0000000000
123897  -46.628  -6.163  22.964 0.0000000000
94021  -19.793  -21.859  46.584 0.0000000000
87870  -20.732  -25.302  40.549 0.0000000000
90990  -23.872  -23.663  42.134 0.0000000000
89478  -21.969  -24.451  39.480 0.0000000000
87862  -32.642  -25.107  41.490 0.0000000000
87926  -30.616  -25.099  38.480 0.0000000000
86511  -28.953  -25.991  34.576 0.0000000000
82500  -29.752  -28.115  33.159 0.0000000000
106061  -45.167  -15.951  38.403 0.0000000000
107433  -45.311  -14.880  37.640 0.0000000000
106063  -46.675  -15.718  39.007 0.0000000000
103303  -46.435  -17.310  39.533 0.0000000000
101897  -44.887  -17.905  38.873 0.0000000000
104679  -44.469  -16.823  38.317 0.0000000000
106077  -43.882  -16.028  37.665 0.0000000000
111802  -55.130  -12.479  29.055 0.0000000000
108923  -56.879  -13.551  29.144 0.0000000000
108925  -57.995  -13.780  28.498 0.0000000000
110290  -57.530  -13.052  29.659 0.0000000000
87744  -33.492  -25.054  47.486 0.0000000000
89302  -32.456  -24.630  46.175 0.0000000000
87782  -33.595  -24.733  46.040 0.0000000000
108934  -40.174  -13.526  27.444 0.0000000000
110306  -41.349  -13.125  28.221 0.0000000000
110188  -47.526  -13.031  33.164 0.0000000000
110243  -47.295  -13.212  31.867 0.0000000000
110214  -48.435  -13.270  32.470 0.0000000000
110246  -49.305  -13.049  31.684 0.0000000000
111690  -49.037  -12.240  33.119 0.0000000000
87804  -41.800  -24.749  44.358 0.0000000000
87834  -40.689  -24.836  43.468 0.0000000000
89416  -41.455  -23.952  43.086 0.0000000000
97504  -37.787  -19.765  33.093 0.0000000000
95959  -37.582  -20.524  34.081 0.0000000000
97518  -36.559  -20.455  32.525 0.0000000000
95992  -35.494  -20.761  31.481 0.0000000000
108911  -39.785  -14.320  29.635 0.0000000000
107568  -38.869  -14.610  28.435 0.0000000000
108933  -39.600  -13.967  27.765 0.0000000000
123826  -48.940  -5.783  27.966 0.0000000000
123835  -48.183  -6.021  26.941 0.0000000000
120949  -48.231  -7.312  27.005 0.0000000000
125333  -47.725  -5.557  25.657 0.0000000000
95628  -24.613  -21.676  48.247 0.0000000000
95667  -23.616  -21.696  46.626 0.0000000000
94024  -24.758  -22.383  46.694 0.0000000000
91094  -26.859  -23.982  36.203 0.0000000000
91093  -26.040  -23.863  36.500 0.0000000000
89601  -26.089  -24.632  34.856 0.0000000000
86509  -25.572  -26.261  34.530 0.0000000000
85079  -26.312  -26.977  34.189 0.0000000000
87959  -33.332  -24.974  36.730 0.0000000000
86482  -33.014  -25.386  36.702 0.0000000000
89590  -32.560  -24.850  35.331 0.0000000000
108854  -42.155  -14.489  33.645 0.0000000000
108871  -42.703  -13.789  32.621 0.0000000000
108841  -43.307  -14.088  34.106 0.0000000000
110153  -45.752  -13.498  35.769 0.0000000000
110161  -45.258  -13.677  35.071 0.0000000000
110162  -45.827  -13.277  34.874 0.0000000000
110163  -46.443  -12.883  34.615 0.0000000000
111616  -46.886  -12.380  35.987 0.0000000000
94205  -45.034  -21.690  41.802 0.0000000000
94203  -43.543  -21.859  41.501 0.0000000000
95823  -43.881  -20.956  40.570 0.0000000000
100445  -42.105  -18.719  37.339 0.0000000000
98868  -42.292  -19.586  38.272 0.0000000000
100462  -41.207  -18.855  36.548 0.0000000000
98908  -40.364  -19.423  35.969 0.0000000000
100480  -40.531  -18.516  35.424 0.0000000000
100517  -39.275  -17.933  33.390 0.0000000000
101958  -40.445  -17.549  34.615 0.0000000000
106132  -42.354  -15.238  35.037 0.0000000000
106152  -41.093  -15.772  34.126 0.0000000000
107523  -41.678  -14.700  33.411 0.0000000000
107534  -41.117  -14.702  32.623 0.0000000000
89286  -28.436  -23.973  47.978 0.0000000000
89314  -27.493  -24.132  46.469 0.0000000000
89298  -29.109  -24.521  46.847 0.0000000000
89384  -30.547  -24.356  43.664 0.0000000000
89406  -29.322  -24.333  42.966 0.0000000000
89427  -29.728  -24.164  42.169 0.0000000000
91029  -28.531  -23.787  39.928 0.0000000000
89487  -29.726  -24.240  39.745 0.0000000000
110286  -43.906  -12.904  30.730 0.0000000000
111794  -43.469  -12.573  29.445 0.0000000000
111768  -44.084  -12.695  30.272 0.0000000000
111799  -47.215  -11.913  29.466 0.0000000000
113379  -46.078  -11.863  28.996 0.0000000000
113405  -46.926  -11.573  28.283 0.0000000000
111728  -51.012  -12.612  31.309 0.0000000000
113355  -50.653  -11.567  29.680 0.0000000000
111752  -51.933  -12.131  30.652 0.0000000000
111777  -52.848  -11.966  30.096 0.0000000000
110251  -53.097  -12.909  31.720 0.0000000000
86299  -37.633  -25.735  46.620 0.0000000000
86324  -36.540  -25.837  44.825 0.0000000000
86340  -37.626  -26.373  44.269 0.0000000000
87866  -37.849  -24.546  41.545 0.0000000000
86374  -37.247  -25.587  41.775 0.0000000000
87875  -36.445  -24.824  40.526 0.0000000000
87912  -35.260  -24.656  39.223 0.0000000000
91030  -35.831  -23.829  39.248 0.0000000000
94246  -40.451  -21.727  39.723 0.0000000000
94227  -39.884  -22.128  40.319 0.0000000000
94263  -39.480  -21.705  39.025 0.0000000000
95945  -36.172  -21.405  35.090 0.0000000000
94300  -36.740  -21.769  37.086 0.0000000000
94304  -35.557  -21.969  35.903 0.0000000000
92611  -35.184  -22.381  36.469 0.0000000000
103471  -37.807  -17.159  30.730 0.0000000000
92463  -40.081  -22.813  45.740 0.0000000000
97301  -42.886  -20.585  43.202 0.0000000000
108727  -48.155  -13.847  40.143 0.0000000000
114698  -48.815  -10.816  38.961 0.0000000000
114717  -49.037  -10.277  38.118 0.0000000000
114754  -48.152  -10.890  36.515 0.0000000000
116266  -49.136  -9.646  37.422 0.0000000000
120836  -50.445  -7.644  36.161 0.0000000000
119349  -49.617  -8.649  35.606 0.0000000000
117825  -49.809  -8.746  34.648 0.0000000000
116332  -49.743  -9.867  33.492 0.0000000000
117838  -50.176  -9.150  33.394 0.0000000000
120891  -51.639  -7.530  31.038 0.0000000000
117848  -51.594  -9.541  31.717 0.0000000000
116386  -52.859  -9.790  31.213 0.0000000000
114865  -54.109  -11.008  31.907 0.0000000000
117866  -53.612  -9.430  30.804 0.0000000000
128220  -52.157  -3.525  30.038 0.0000000000
120922  -52.062  -7.142  28.248 0.0000000000
123808  -53.360  -6.275  28.480 0.0000000000
120924  -53.948  -7.495  28.444 0.0000000000
119406  -55.226  -8.831  29.303 0.0000000000
119425  -54.620  -8.620  28.312 0.0000000000
117921  -55.385  -9.458  27.897 0.0000000000
117919  -53.585  -8.841  27.312 0.0000000000
117965  -50.293  -9.105  25.167 0.0000000000
117948  -52.982  -9.353  25.820 0.0000000000
117993  -51.321  -9.349  24.356 0.0000000000
126825  -49.096  -4.056  22.950 0.0000000000
125372  -47.560  -5.209  23.476 0.0000000000
125399  -47.831  -4.881  22.528 0.0000000000
92494  -22.070  -22.223  44.297 0.0000000000
92492  -20.735  -22.647  44.368 0.0000000000
90950  -21.003  -23.099  43.510 0.0000000000
87849  -20.530  -25.023  41.595 0.0000000000
89439  -21.142  -24.337  41.078 0.0000000000
89402  -25.665  -24.394  43.050 0.0000000000
90972  -25.024  -23.961  43.337 0.0000000000
89421  -24.755  -24.197  41.692 0.0000000000
89503  -23.478  -24.069  38.756 0.0000000000
83686  -23.237  -27.898  36.697 0.0000000000
86359  -34.726  -25.873  42.829 0.0000000000
87840  -33.661  -25.019  43.034 0.0000000000
86381  -33.449  -25.761  41.525 0.0000000000
85030  -31.184  -26.454  37.221 0.0000000000
86452  -31.303  -26.168  38.194 0.0000000000
86464  -30.800  -26.102  37.525 0.0000000000
87957  -29.491  -25.068  36.604 0.0000000000
85047  -29.805  -26.040  35.265 0.0000000000
81232  -29.373  -29.135  33.597 0.0000000000
107461  -43.457  -14.925  36.179 0.0000000000
108816  -43.855  -14.456  35.484 0.0000000000
107463  -44.642  -14.565  36.630 0.0000000000
108784  -45.356  -14.122  36.725 0.0000000000
108786  -46.360  -13.799  37.413 0.0000000000
98836  -46.050  -19.753  40.504 0.0000000000
97383  -44.161  -19.931  39.729 0.0000000000
100411  -44.659  -18.820  39.166 0.0000000000
100447  -43.241  -18.336  38.038 0.0000000000
101926  -42.592  -17.678  37.130 0.0000000000
103383  -41.465  -17.228  35.682 0.0000000000
104712  -42.745  -16.520  36.845 0.0000000000
106107  -43.129  -15.363  36.552 0.0000000000
114953  -57.650  -11.174  27.628 0.0000000000
87722  -30.846  -24.957  47.877 0.0000000000
87779  -30.106  -24.682  46.518 0.0000000000
89300  -31.339  -24.737  46.347 0.0000000000
89339  -31.481  -24.417  45.031 0.0000000000
89385  -31.289  -24.329  43.619 0.0000000000
110241  -45.746  -13.152  31.880 0.0000000000
111744  -45.464  -12.646  30.658 0.0000000000
110270  -46.792  -12.953  31.261 0.0000000000
111746  -47.064  -12.592  30.705 0.0000000000
111773  -48.213  -12.218  30.248 0.0000000000
113353  -49.075  -11.687  29.675 0.0000000000
111774  -48.976  -12.096  30.250 0.0000000000
111727  -50.282  -12.629  31.327 0.0000000000
110218  -51.283  -13.178  32.554 0.0000000000
87801  -40.087  -25.511  45.654 0.0000000000
86341  -38.602  -26.265  44.382 0.0000000000
86352  -39.725  -25.708  43.706 0.0000000000
87844  -39.148  -24.876  42.710 0.0000000000
90993  -38.527  -23.831  41.631 0.0000000000
95917  -39.160  -20.814  36.428 0.0000000000
95880  -38.918  -21.365  37.703 0.0000000000
95930  -37.842  -21.002  35.535 0.0000000000
95946  -37.026  -21.027  34.833 0.0000000000
95964  -35.496  -21.385  33.374 0.0000000000
94348  -34.621  -21.960  32.773 0.0000000000
95976  -35.051  -21.525  32.537 0.0000000000
106190  -38.693  -15.373  30.054 0.0000000000
107562  -38.359  -14.964  28.561 0.0000000000
122279  -51.418  -6.435  35.461 0.0000000000
120866  -50.727  -7.733  33.696 0.0000000000
122300  -51.531  -6.501  34.128 0.0000000000
123719  -51.835  -6.105  32.806 0.0000000000
123739  -52.579  -5.852  31.334 0.0000000000
126737  -50.115  -3.776  28.998 0.0000000000
125268  -51.370  -4.475  29.811 0.0000000000
123782  -49.900  -5.129  28.892 0.0000000000
122359  -50.211  -6.657  28.703 0.0000000000
120936  -50.873  -7.664  27.995 0.0000000000
119456  -52.238  -8.465  26.896 0.0000000000
119453  -50.025  -8.419  26.970 0.0000000000
119466  -48.923  -8.619  26.272 0.0000000000
117988  -47.866  -8.741  24.976 0.0000000000
128337  -49.506  -3.174  21.132 0.0000000000
126850  -48.260  -4.141  21.201 0.0000000000
126860  -48.161  -3.974  20.303 0.0000000000
95625  -22.373  -20.676  48.643 0.0000000000
95664  -21.412  -21.024  46.936 0.0000000000
95665  -22.287  -21.093  46.938 0.0000000000
95703  -22.649  -21.618  45.689 0.0000000000
94111  -22.908  -22.474  44.125 0.0000000000
89484  -26.534  -23.967  40.046 0.0000000000
89463  -25.118  -24.234  40.460 0.0000000000
91039  -25.508  -23.733  38.642 0.0000000000
89567  -24.579  -24.117  36.815 0.0000000000
87968  -23.686  -25.557  35.640 0.0000000000
85043  -23.765  -26.762  35.777 0.0000000000
85045  -24.917  -26.934  35.333 0.0000000000
84986  -34.132  -26.446  39.494 0.0000000000
84985  -33.309  -26.676  39.856 0.0000000000
85008  -33.101  -26.355  38.235 0.0000000000
85032  -32.006  -26.233  36.682 0.0000000000
86495  -30.972  -26.127  35.339 0.0000000000
108904  -41.001  -13.744  29.972 0.0000000000
110282  -41.547  -13.392  29.608 0.0000000000
108896  -41.930  -13.580  31.021 0.0000000000
110238  -43.264  -13.257  31.734 0.0000000000
110239  -44.115  -13.135  31.818 0.0000000000
108842  -44.058  -13.855  33.990 0.0000000000
108858  -44.615  -13.557  33.438 0.0000000000
110210  -45.477  -13.282  32.575 0.0000000000
110186  -46.067  -13.293  33.267 0.0000000000
110174  -47.182  -12.910  33.599 0.0000000000
111670  -47.615  -12.364  33.788 0.0000000000
90978  -43.460  -23.408  43.174 0.0000000000
92543  -41.606  -23.214  42.463 0.0000000000
94172  -42.624  -22.383  41.856 0.0000000000
94230  -42.077  -21.693  40.802 0.0000000000
95862  -41.008  -21.034  38.715 0.0000000000
97382  -43.399  -20.087  39.547 0.0000000000
97400  -41.761  -20.364  38.566 0.0000000000
97412  -40.311  -20.712  37.512 0.0000000000
97439  -40.030  -19.935  36.089 0.0000000000
98932  -39.033  -19.627  34.481 0.0000000000
98971  -37.872  -19.255  32.530 0.0000000000
100538  -37.522  -18.785  31.658 0.0000000000
100527  -38.257  -18.572  32.460 0.0000000000
101995  -38.760  -17.641  32.465 0.0000000000
104792  -38.933  -16.747  32.169 0.0000000000
103424  -40.794  -16.797  34.468 0.0000000000
104786  -39.932  -16.427  33.173 0.0000000000
106180  -39.089  -15.836  31.398 0.0000000000
107546  -39.845  -15.061  31.316 0.0000000000
108894  -40.589  -14.410  31.303 0.0000000000
126801  -48.468  -4.430  24.980 0.0000000000
128292  -49.694  -3.652  24.235 0.0000000000
128303  -50.279  -3.357  23.814 0.0000000000
128313  -50.334  -3.255  23.035 0.0000000000
129707  -50.924  -2.539  22.259 0.0000000000
130991  -51.020  -1.882  21.150 0.0000000000
92415  -26.507  -22.979  47.719 0.0000000000
92455  -25.723  -23.222  46.338 0.0000000000
90907  -26.470  -23.795  46.202 0.0000000000
89356  -26.959  -24.471  44.848 0.0000000000
89403  -26.677  -24.581  43.097 0.0000000000
89336  -29.291  -24.532  45.298 0.0000000000
89381  -28.132  -24.548  43.850 0.0000000000
89424  -27.206  -24.444  42.245 0.0000000000
91015  -27.575  -23.807  40.105 0.0000000000
91042  -28.056  -23.687  38.847 0.0000000000
89549  -27.858  -24.049  36.442 0.0000000000
110308  -42.293  -12.922  29.005 0.0000000000
111840  -42.946  -12.394  27.879 0.0000000000
111796  -45.142  -12.098  29.219 0.0000000000
111779  -54.345  -12.416  29.835 0.0000000000
110276  -55.726  -13.023  30.898 0.0000000000
87746  -35.303  -25.281  47.565 0.0000000000
87783  -34.349  -24.923  45.969 0.0000000000
87785  -35.873  -25.399  45.396 0.0000000000
86338  -35.910  -25.806  44.163 0.0000000000
84928  -35.567  -26.601  42.441 0.0000000000
86350  -37.997  -26.300  43.401 0.0000000000
84938  -36.919  -26.105  41.926 0.0000000000
84952  -35.552  -26.428  41.105 0.0000000000
86422  -34.914  -25.756  39.580 0.0000000000
89531  -34.332  -24.702  38.022 0.0000000000
91077  -34.013  -24.002  36.960 0.0000000000
92559  -40.082  -23.044  41.792 0.0000000000
92573  -39.485  -22.747  41.081 0.0000000000
92580  -37.777  -22.987  40.335 0.0000000000
94280  -38.278  -21.754  38.348 0.0000000000
94260  -37.347  -22.186  38.739 0.0000000000
92586  -36.453  -23.082  39.162 0.0000000000
92594  -35.721  -23.182  38.395 0.0000000000
91098  -34.391  -23.238  36.567 0.0000000000
100554  -36.470  -18.731  30.396 0.0000000000
104650  -47.534  -16.424  40.250 0.0000000000
106047  -47.451  -15.713  39.657 0.0000000000
97191  -22.988  -20.550  49.555 0.0000000000
93968  -26.096  -22.054  48.969 0.0000000000
92376  -27.356  -22.790  49.187 0.0000000000
90870  -28.224  -23.636  48.638 0.0000000000
89263  -31.750  -24.982  49.220 0.0000000000
87707  -32.543  -25.194  48.763 0.0000000000
87726  -33.846  -25.182  48.269 0.0000000000
87727  -34.718  -25.249  48.360 0.0000000000
87747  -36.254  -25.434  47.707 0.0000000000
87748  -37.164  -25.362  47.924 0.0000000000
87770  -38.532  -25.079  47.135 0.0000000000
89290  -38.639  -24.366  47.485 0.0000000000
87771  -39.139  -24.823  46.767 0.0000000000
89324  -40.086  -24.210  45.896 0.0000000000
89343  -40.674  -24.299  45.496 0.0000000000
90937  -41.632  -23.211  44.744 0.0000000000
92506  -42.708  -22.730  44.330 0.0000000000
94103  -44.007  -22.216  43.912 0.0000000000
95765  -44.662  -21.236  43.147 0.0000000000
101877  -47.295  -17.707  40.530 0.0000000000
107401  -47.890  -14.678  39.449 0.0000000000
108756  -47.434  -13.843  38.449 0.0000000000
110115  -47.324  -13.271  37.898 0.0000000000
113089  -48.313  -11.662  39.965 0.0000000000
111583  -48.299  -12.318  38.336 0.0000000000
111601  -47.398  -12.208  36.901 0.0000000000
113174  -47.549  -11.667  36.273 0.0000000000
114769  -47.795  -11.133  35.831 0.0000000000
114798  -47.960  -11.314  34.374 0.0000000000
117803  -49.311  -9.062  36.616 0.0000000000
116318  -48.585  -10.159  34.795 0.0000000000
114816  -48.789  -11.286  33.489 0.0000000000
113260  -49.246  -11.591  33.236 0.0000000000
111692  -50.439  -12.026  33.104 0.0000000000
111694  -51.655  -12.169  33.149 0.0000000000
117839  -50.648  -9.144  32.746 0.0000000000
114842  -51.785  -10.612  32.434 0.0000000000
111709  -52.864  -12.526  33.115 0.0000000000
111711  -54.174  -12.630  32.552 0.0000000000
111733  -55.315  -12.515  31.953 0.0000000000
113335  -55.774  -11.759  30.978 0.0000000000
126693  -53.785  -4.328  31.257 0.0000000000
123752  -53.357  -5.753  30.636 0.0000000000
125291  -53.003  -5.143  29.313 0.0000000000
122343  -54.060  -6.624  29.576 0.0000000000
120901  -53.859  -7.448  29.857 0.0000000000
117880  -54.793  -9.182  30.211 0.0000000000
116406  -55.478  -9.948  30.151 0.0000000000
113361  -56.461  -11.578  29.993 0.0000000000
114922  -56.792  -10.870  28.848 0.0000000000
116429  -56.957  -10.594  28.101 0.0000000000
116452  -56.683  -10.248  26.959 0.0000000000
117932  -53.810  -9.363  26.686 0.0000000000
116449  -54.406  -9.838  26.203 0.0000000000
116467  -55.713  -10.151  25.902 0.0000000000
125341  -47.601  -5.400  24.910 0.0000000000
122419  -46.695  -6.826  24.233 0.0000000000
119514  -46.804  -8.248  23.523 0.0000000000
125397  -46.872  -5.579  21.624 0.0000000000
121028  -46.107  -7.617  22.195 0.0000000000
118063  -48.384  -9.237  22.499 0.0000000000
94041  -20.805  -21.725  45.757 0.0000000000
92498  -24.974  -23.245  44.899 0.0000000000
92520  -23.853  -23.088  43.602 0.0000000000
90989  -23.214  -23.433  42.095 0.0000000000
89462  -24.378  -24.091  40.363 0.0000000000
91013  -22.890  -23.770  40.754 0.0000000000
91001  -22.114  -23.721  41.141 0.0000000000
89458  -21.363  -24.570  40.140 0.0000000000
89342  -33.460  -24.635  44.704 0.0000000000
89387  -32.659  -24.496  43.512 0.0000000000
89451  -31.704  -24.505  41.501 0.0000000000
86419  -32.393  -26.025  39.930 0.0000000000
87889  -31.540  -25.089  39.882 0.0000000000
89488  -30.473  -24.466  39.858 0.0000000000
89530  -29.479  -24.408  38.099 0.0000000000
89571  -28.818  -24.439  36.581 0.0000000000
87987  -28.046  -25.083  34.568 0.0000000000
86549  -31.157  -25.747  33.242 0.0000000000
85085  -30.444  -26.282  33.460 0.0000000000
85099  -29.702  -27.006  33.381 0.0000000000
83742  -29.088  -27.220  33.505 0.0000000000
85082  -28.271  -26.910  33.838 0.0000000000
85081  -27.507  -26.963  33.892 0.0000000000
104681  -45.914  -16.388  38.927 0.0000000000
106062  -45.621  -15.740  38.542 0.0000000000
104661  -46.173  -16.843  39.257 0.0000000000
103320  -45.496  -17.241  38.999 0.0000000000
104680  -45.091  -16.421  38.550 0.0000000000
110289  -56.291  -13.291  30.160 0.0000000000
110300  -56.331  -13.240  29.376 0.0000000000
108914  -56.778  -13.594  29.762 0.0000000000
108915  -57.274  -13.755  29.450 0.0000000000
108906  -57.180  -13.509  29.986 0.0000000000
87764  -33.067  -24.795  46.696 0.0000000000
87765  -33.965  -24.915  46.760 0.0000000000
110305  -40.742  -13.296  27.879 0.0000000000
111688  -47.901  -12.662  33.298 0.0000000000
110213  -47.759  -13.277  32.495 0.0000000000
110189  -48.144  -12.964  33.004 0.0000000000
110190  -48.763  -12.855  32.959 0.0000000000
89366  -42.218  -24.410  44.283 0.0000000000
87835  -41.358  -24.591  43.628 0.0000000000
89417  -41.786  -24.013  43.251 0.0000000000
97519  -37.182  -19.854  32.346 0.0000000000
97503  -37.233  -20.363  33.245 0.0000000000
108912  -40.365  -13.896  29.266 0.0000000000
108921  -39.488  -14.259  28.681 0.0000000000
108922  -40.195  -13.722  28.285 0.0000000000
125316  -48.600  -5.257  27.352 0.0000000000
125326  -48.281  -5.235  26.695 0.0000000000
125325  -47.880  -5.666  26.346 0.0000000000
125334  -48.099  -5.074  26.038 0.0000000000
93984  -25.084  -22.010  47.920 0.0000000000
94005  -24.644  -21.978  47.476 0.0000000000
94025  -25.269  -22.561  46.913 0.0000000000
89568  -27.102  -24.155  35.739 0.0000000000
91115  -26.584  -24.070  35.868 0.0000000000
87985  -26.487  -25.162  34.386 0.0000000000
88000  -26.210  -25.815  34.160 0.0000000000
89572  -33.327  -24.403  36.236 0.0000000000
87972  -32.982  -24.856  36.125 0.0000000000
108840  -42.592  -14.511  34.211 0.0000000000
108855  -42.653  -14.123  33.448 0.0000000000
110154  -46.356  -12.909  35.445 0.0000000000
111600  -46.959  -12.666  36.686 0.0000000000
95800  -45.528  -21.242  41.627 0.0000000000
95799  -44.834  -21.384  41.328 0.0000000000
95824  -44.668  -20.930  40.832 0.0000000000
100463  -41.658  -18.550  36.823 0.0000000000
100473  -41.090  -18.474  36.151 0.0000000000
100472  -40.580  -18.941  35.865 0.0000000000
100481  -40.967  -18.062  35.633 0.0000000000
101942  -40.679  -17.929  35.159 0.0000000000
101943  -41.058  -17.609  35.421 0.0000000000
107492  -42.641  -14.796  34.775 0.0000000000
107491  -42.130  -15.090  34.587 0.0000000000
107509  -42.347  -14.787  34.400 0.0000000000
89287  -29.187  -24.418  47.708 0.0000000000
89297  -28.408  -24.243  47.086 0.0000000000
89407  -30.120  -24.291  42.932 0.0000000000
89449  -30.184  -24.167  41.380 0.0000000000
89448  -29.366  -24.070  41.359 0.0000000000
111743  -44.738  -12.729  30.651 0.0000000000
113381  -47.596  -11.676  29.056 0.0000000000
113380  -46.764  -11.772  28.950 0.0000000000
111729  -51.756  -12.579  31.276 0.0000000000
111751  -51.174  -12.207  30.742 0.0000000000
111730  -52.506  -12.572  31.227 0.0000000000
86310  -37.542  -25.843  45.808 0.0000000000
86326  -38.127  -26.092  45.216 0.0000000000
89453  -37.698  -24.206  41.255 0.0000000000
87865  -37.316  -24.850  41.274 0.0000000000
89472  -36.843  -24.186  40.476 0.0000000000
89491  -36.399  -24.170  40.087 0.0000000000
91018  -36.750  -23.772  40.128 0.0000000000
95843  -40.570  -21.430  39.134 0.0000000000
94264  -40.071  -21.644  39.217 0.0000000000
95860  -39.286  -21.489  38.352 0.0000000000
95944  -35.633  -21.585  34.808 0.0000000000
94314  -35.931  -21.685  35.678 0.0000000000
94313  -35.487  -21.799  35.231 0.0000000000
94303  -35.027  -22.181  35.636 0.0000000000
94312  -34.848  -22.069  34.931 0.0000000000
104807  -38.238  -16.726  31.026 0.0000000000
104812  -37.840  -16.523  30.129 0.0000000000
114735  -49.048  -10.092  37.692 0.0000000000
120843  -50.799  -7.286  35.683 0.0000000000
120842  -50.380  -7.809  35.481 0.0000000000
119350  -49.995  -8.350  35.107 0.0000000000
119351  -50.316  -8.056  34.757 0.0000000000
119364  -50.178  -8.614  33.891 0.0000000000
119358  -50.459  -8.025  34.184 0.0000000000
120892  -52.286  -7.498  30.646 0.0000000000
119389  -51.977  -8.274  30.784 0.0000000000
117864  -52.339  -8.765  30.760 0.0000000000
119390  -52.777  -8.232  30.460 0.0000000000
129610  -50.495  -2.871  29.520 0.0000000000
129593  -50.919  -3.019  29.991 0.0000000000
129594  -51.770  -2.980  30.280 0.0000000000
128218  -50.942  -3.406  29.818 0.0000000000
120938  -52.475  -7.431  27.839 0.0000000000
122377  -53.128  -7.097  28.074 0.0000000000
120939  -53.266  -7.512  27.907 0.0000000000
119424  -54.130  -8.249  28.204 0.0000000000
120940  -53.699  -8.029  27.969 0.0000000000
119443  -54.294  -8.629  28.009 0.0000000000
119441  -53.239  -8.368  27.474 0.0000000000
117991  -49.696  -9.195  24.509 0.0000000000
117966  -51.166  -9.161  25.188 0.0000000000
117992  -50.497  -9.228  24.434 0.0000000000
118023  -49.827  -9.269  23.764 0.0000000000
128312  -49.654  -3.590  22.658 0.0000000000
126836  -48.303  -4.449  22.247 0.0000000000
97225  -20.741  -20.597  48.091 0.0000000000
92536  -21.869  -22.832  43.220 0.0000000000
92517  -21.354  -22.769  43.673 0.0000000000
90967  -21.342  -23.214  42.922 0.0000000000
90987  -21.317  -23.780  41.845 0.0000000000
89423  -26.296  -24.516  42.205 0.0000000000
89422  -25.344  -24.344  42.085 0.0000000000
83696  -22.690  -27.156  36.528 0.0000000000
86371  -34.756  -26.494  42.013 0.0000000000
86370  -34.135  -25.881  42.180 0.0000000000
86382  -34.062  -26.518  41.323 0.0000000000
86479  -30.860  -26.317  36.514 0.0000000000
86494  -30.163  -26.074  35.735 0.0000000000
107447  -43.736  -15.162  36.771 0.0000000000
107462  -44.136  -14.649  36.258 0.0000000000
107448  -44.414  -14.884  36.922 0.0000000000
107434  -46.009  -14.450  37.789 0.0000000000
107450  -45.587  -14.445  37.402 0.0000000000
108785  -45.909  -13.969  37.119 0.0000000000
108769  -46.233  -14.002  37.542 0.0000000000
100398  -46.192  -19.165  40.173 0.0000000000
98852  -45.298  -19.315  39.754 0.0000000000
100412  -45.217  -18.692  39.377 0.0000000000
101896  -44.114  -17.808  38.449 0.0000000000
101911  -43.701  -17.704  38.123 0.0000000000
101909  -42.767  -17.975  37.440 0.0000000000
101927  -42.909  -17.649  37.416 0.0000000000
103353  -42.412  -17.238  36.756 0.0000000000
103354  -42.996  -17.149  37.316 0.0000000000
106092  -43.271  -15.950  37.144 0.0000000000
111824  -55.992  -12.530  28.030 0.0000000000
110302  -57.960  -13.191  28.999 0.0000000000
113441  -57.591  -11.535  28.147 0.0000000000
87723  -31.543  -25.069  47.960 0.0000000000
87741  -31.253  -24.970  47.332 0.0000000000
87762  -31.591  -24.870  46.820 0.0000000000
89321  -32.620  -24.488  45.513 0.0000000000
89320  -31.969  -24.481  45.641 0.0000000000
89340  -32.174  -24.427  44.930 0.0000000000
89362  -31.724  -24.363  44.294 0.0000000000
89363  -32.412  -24.418  44.212 0.0000000000
110330  -41.643  -12.778  27.278 0.0000000000
110242  -46.531  -13.166  31.882 0.0000000000
110269  -46.003  -12.934  31.255 0.0000000000
110271  -47.582  -12.994  31.269 0.0000000000
111747  -47.917  -12.607  30.774 0.0000000000
111772  -47.330  -12.225  30.073 0.0000000000
111748  -48.919  -12.634  31.017 0.0000000000
111726  -49.602  -12.726  31.328 0.0000000000
110247  -50.063  -13.053  31.833 0.0000000000
110248  -50.795  -13.028  31.870 0.0000000000
110217  -50.521  -13.184  32.549 0.0000000000
86328  -40.044  -25.860  45.052 0.0000000000
86343  -40.269  -25.739  44.369 0.0000000000
89414  -40.179  -24.181  42.783 0.0000000000
87845  -39.981  -24.655  43.005 0.0000000000
89413  -39.643  -24.379  42.675 0.0000000000
89433  -38.651  -24.237  41.964 0.0000000000
90994  -39.015  -23.745  41.857 0.0000000000
97437  -38.932  -20.760  35.978 0.0000000000
95916  -38.536  -21.021  36.305 0.0000000000
95931  -38.500  -20.818  35.681 0.0000000000
95958  -37.082  -20.717  33.893 0.0000000000
95957  -36.300  -21.132  34.110 0.0000000000
95977  -35.732  -20.985  32.373 0.0000000000
107552  -39.112  -15.037  30.298 0.0000000000
106194  -38.508  -15.234  29.531 0.0000000000
107563  -38.723  -14.883  29.081 0.0000000000
123689  -51.697  -5.874  35.445 0.0000000000
122288  -51.528  -6.444  34.913 0.0000000000
125197  -52.551  -4.923  33.407 0.0000000000
123711  -52.256  -5.407  33.896 0.0000000000
125212  -52.636  -5.061  32.628 0.0000000000
123731  -52.283  -5.653  32.314 0.0000000000
125231  -52.643  -5.250  31.979 0.0000000000
128250  -49.163  -3.616  27.733 0.0000000000
126750  -49.732  -4.179  28.606 0.0000000000
125287  -50.060  -4.597  29.021 0.0000000000
125305  -49.701  -4.629  28.659 0.0000000000
122375  -48.955  -6.539  27.965 0.0000000000
122358  -49.432  -6.512  28.393 0.0000000000
120919  -49.754  -7.070  28.312 0.0000000000
120920  -50.534  -7.194  28.415 0.0000000000
120935  -50.027  -7.592  27.977 0.0000000000
119437  -50.423  -8.082  27.528 0.0000000000
119436  -49.589  -8.013  27.482 0.0000000000
120959  -47.572  -7.393  26.098 0.0000000000
119451  -48.561  -8.160  26.679 0.0000000000
119464  -47.773  -8.159  25.885 0.0000000000
117962  -48.197  -8.715  25.424 0.0000000000
120972  -47.413  -7.930  25.585 0.0000000000
129714  -49.751  -2.718  20.568 0.0000000000
128336  -48.804  -3.592  20.736 0.0000000000
95626  -22.967  -20.824  48.802 0.0000000000
95646  -23.018  -21.101  47.749 0.0000000000
94044  -23.911  -22.053  46.123 0.0000000000
94043  -23.436  -21.864  45.972 0.0000000000
94065  -23.205  -21.957  45.410 0.0000000000
94086  -22.589  -22.152  44.551 0.0000000000
94087  -23.422  -22.461  44.556 0.0000000000
91026  -26.496  -23.739  39.321 0.0000000000
91025  -25.903  -23.777  39.142 0.0000000000
91040  -26.343  -23.695  38.587 0.0000000000
91113  -25.626  -23.989  36.048 0.0000000000
91092  -25.267  -23.912  36.606 0.0000000000
89585  -24.834  -24.316  35.903 0.0000000000
89566  -23.957  -24.480  36.542 0.0000000000
87982  -24.254  -25.493  35.352 0.0000000000
86492  -24.001  -26.111  35.500 0.0000000000
86507  -24.554  -26.047  35.165 0.0000000000
82471  -26.169  -28.252  35.088 0.0000000000
83715  -25.758  -27.747  35.315 0.0000000000
86439  -34.202  -25.886  38.804 0.0000000000
85001  -33.872  -26.300  38.910 0.0000000000
86454  -33.431  -26.066  38.130 0.0000000000
86497  -32.245  -25.496  35.628 0.0000000000
86481  -32.489  -25.774  36.479 0.0000000000
86496  -31.847  -25.818  35.599 0.0000000000
86480  -31.638  -26.152  36.248 0.0000000000
108895  -41.192  -13.929  30.977 0.0000000000
110263  -41.669  -13.480  30.354 0.0000000000
108872  -43.256  -13.552  32.717 0.0000000000
108888  -42.705  -13.537  31.974 0.0000000000
110207  -43.124  -13.467  32.337 0.0000000000
110208  -43.776  -13.379  32.590 0.0000000000
108800  -44.403  -14.348  35.866 0.0000000000
108830  -43.964  -14.115  34.747 0.0000000000
110171  -45.249  -13.514  34.297 0.0000000000
108843  -44.672  -13.667  33.845 0.0000000000
110185  -45.141  -13.432  33.385 0.0000000000
111635  -46.830  -12.416  35.128 0.0000000000
110173  -46.685  -13.009  33.865 0.0000000000
111651  -47.058  -12.442  34.347 0.0000000000
111669  -47.141  -12.696  33.900 0.0000000000
113214  -47.340  -12.141  34.499 0.0000000000
92546  -44.194  -22.734  42.883 0.0000000000
92545  -43.204  -23.012  42.677 0.0000000000
92563  -43.561  -22.555  42.341 0.0000000000
95822  -43.022  -21.036  40.293 0.0000000000
95796  -42.598  -21.473  40.748 0.0000000000
95821  -42.159  -21.311  40.234 0.0000000000
95820  -41.538  -21.371  39.950 0.0000000000
95845  -41.927  -20.991  39.545 0.0000000000
98850  -43.877  -19.526  39.310 0.0000000000
98849  -43.163  -19.682  39.068 0.0000000000
98887  -41.485  -19.611  37.406 0.0000000000
97414  -41.756  -19.835  37.924 0.0000000000
97413  -41.061  -20.329  37.685 0.0000000000
97399  -41.112  -20.672  38.261 0.0000000000
97425  -40.270  -20.350  36.841 0.0000000000
98933  -39.529  -19.209  34.664 0.0000000000
98917  -39.697  -19.575  35.185 0.0000000000
98947  -38.872  -19.296  33.924 0.0000000000
98958  -38.322  -19.320  33.268 0.0000000000
98959  -38.699  -18.958  33.396 0.0000000000
100515  -38.390  -18.909  32.969 0.0000000000
100516  -38.862  -18.428  33.155 0.0000000000
101971  -39.672  -17.554  33.715 0.0000000000
101982  -39.055  -17.734  32.971 0.0000000000
103440  -39.059  -17.324  32.692 0.0000000000
103456  -38.854  -17.084  32.265 0.0000000000
104785  -39.581  -16.706  32.920 0.0000000000
103384  -41.811  -16.811  35.749 0.0000000000
104739  -41.495  -16.687  35.292 0.0000000000
104752  -41.567  -16.266  35.134 0.0000000000
106163  -41.046  -15.357  33.488 0.0000000000
106151  -40.733  -15.884  33.791 0.0000000000
106172  -40.135  -15.630  32.628 0.0000000000
106171  -39.635  -15.961  32.328 0.0000000000
106181  -39.757  -15.489  31.844 0.0000000000
106186  -39.459  -15.380  31.194 0.0000000000
106182  -40.207  -15.228  32.159 0.0000000000
108886  -41.081  -14.400  31.962 0.0000000000
108885  -40.683  -14.538  31.682 0.0000000000
128304  -50.687  -3.058  24.004 0.0000000000
128314  -50.733  -3.041  23.550 0.0000000000
130969  -51.407  -2.260  22.480 0.0000000000
130981  -51.276  -2.125  21.895 0.0000000000
129716  -50.801  -2.417  21.667 0.0000000000
130992  -51.609  -1.732  21.596 0.0000000000
90868  -27.021  -23.211  48.029 0.0000000000
90893  -26.537  -23.508  46.819 0.0000000000
90894  -27.169  -23.752  47.052 0.0000000000
89334  -27.645  -24.444  45.566 0.0000000000
89380  -27.217  -24.590  43.942 0.0000000000
89318  -30.588  -24.560  45.761 0.0000000000
89317  -29.914  -24.580  45.982 0.0000000000
89426  -28.904  -24.193  42.195 0.0000000000
89405  -28.492  -24.399  43.014 0.0000000000
89425  -28.070  -24.327  42.227 0.0000000000
89404  -27.622  -24.496  43.063 0.0000000000
89446  -27.716  -24.201  41.466 0.0000000000
89466  -27.449  -24.020  40.719 0.0000000000
89467  -28.184  -23.933  40.785 0.0000000000
91043  -28.554  -23.756  39.318 0.0000000000
89507  -28.474  -23.861  38.147 0.0000000000
91076  -28.048  -23.856  37.306 0.0000000000
89528  -28.459  -23.980  37.535 0.0000000000
110283  -42.144  -13.213  29.883 0.0000000000
110297  -41.991  -13.122  29.232 0.0000000000
110298  -42.488  -12.971  29.430 0.0000000000
111818  -43.608  -12.346  28.611 0.0000000000
111770  -45.695  -12.357  30.032 0.0000000000
111797  -45.943  -12.097  29.484 0.0000000000
113428  -45.518  -11.714  27.761 0.0000000000
111775  -49.541  -11.909  30.176 0.0000000000
113354  -49.888  -11.634  29.778 0.0000000000
113356  -51.354  -11.584  29.614 0.0000000000
113387  -52.197  -11.622  28.881 0.0000000000
111754  -53.476  -12.432  30.608 0.0000000000
111778  -53.551  -12.096  29.839 0.0000000000
111755  -54.028  -12.501  30.337 0.0000000000
110287  -54.856  -12.679  29.987 0.0000000000
110275  -54.671  -12.831  30.584 0.0000000000
87767  -35.977  -25.380  46.545 0.0000000000
86297  -36.409  -25.527  45.795 0.0000000000
86323  -36.106  -25.598  44.850 0.0000000000
86348  -36.053  -26.398  43.288 0.0000000000
84921  -36.039  -26.534  43.063 0.0000000000
86351  -38.896  -25.898  43.484 0.0000000000
84953  -36.118  -26.093  41.262 0.0000000000
84937  -36.196  -26.454  41.824 0.0000000000
86384  -35.823  -25.946  40.845 0.0000000000
86401  -35.237  -25.978  40.148 0.0000000000
86402  -35.649  -25.563  40.273 0.0000000000
89511  -35.118  -24.410  38.844 0.0000000000
87911  -34.862  -25.048  39.006 0.0000000000
89532  -34.749  -24.494  38.388 0.0000000000
89553  -34.085  -24.406  37.382 0.0000000000
89554  -34.501  -24.251  37.830 0.0000000000
92561  -42.022  -22.652  41.917 0.0000000000
92560  -40.978  -23.001  42.036 0.0000000000
92574  -40.517  -22.589  41.385 0.0000000000
94226  -39.309  -22.147  40.046 0.0000000000
92581  -38.720  -22.483  40.229 0.0000000000
92572  -38.447  -23.031  40.887 0.0000000000
92588  -38.010  -22.447  39.725 0.0000000000
95898  -38.354  -21.312  37.086 0.0000000000
95879  -38.183  -21.563  37.800 0.0000000000
95897  -37.553  -21.575  37.264 0.0000000000
94289  -36.443  -22.009  37.383 0.0000000000
94278  -37.166  -22.002  38.119 0.0000000000
94277  -36.587  -22.190  37.985 0.0000000000
92596  -36.913  -22.475  38.816 0.0000000000
92595  -36.371  -22.694  38.581 0.0000000000
92601  -35.720  -22.721  37.776 0.0000000000
92610  -34.728  -22.696  36.210 0.0000000000
92605  -34.779  -23.042  36.875 0.0000000000
92622  -34.068  -22.997  35.713 0.0000000000
91097  -33.808  -23.691  36.248 0.0000000000
91117  -33.583  -23.292  35.326 0.0000000000
100543  -37.237  -18.585  31.122 0.0000000000
100542  -36.775  -18.943  30.939 0.0000000000
100555  -36.998  -18.125  30.502 0.0000000000
97190  -22.317  -20.391  49.564 0.0000000000
92357  -27.018  -22.458  49.384 0.0000000000
89262  -31.107  -24.784  49.056 0.0000000000
87728  -35.621  -25.267  48.461 0.0000000000
87769  -37.778  -25.508  47.323 0.0000000000
87749  -37.980  -24.913  47.950 0.0000000000
90896  -39.103  -23.713  46.953 0.0000000000
90895  -38.839  -23.911  47.321 0.0000000000
89305  -39.342  -24.254  46.635 0.0000000000
87787  -39.660  -25.016  46.257 0.0000000000
89323  -39.665  -24.091  46.243 0.0000000000
92482  -40.553  -22.803  45.292 0.0000000000
90920  -40.349  -23.513  45.555 0.0000000000
90921  -41.074  -23.476  45.136 0.0000000000
90936  -41.284  -23.007  44.875 0.0000000000
94100  -42.293  -22.053  44.130 0.0000000000
94101  -42.992  -22.177  44.067 0.0000000000
94126  -43.233  -21.744  43.724 0.0000000000
95764  -43.940  -20.932  43.109 0.0000000000
97318  -44.270  -20.417  42.785 0.0000000000
95766  -45.336  -21.116  42.805 0.0000000000
103289  -47.486  -17.068  40.630 0.0000000000
107386  -47.988  -14.741  40.199 0.0000000000
106064  -47.355  -15.048  39.119 0.0000000000
110068  -48.289  -13.136  39.932 0.0000000000
107420  -47.990  -14.195  39.141 0.0000000000
108741  -48.192  -13.742  39.137 0.0000000000
110098  -47.593  -13.445  38.313 0.0000000000
110099  -47.973  -13.201  38.592 0.0000000000
114716  -48.844  -10.941  38.270 0.0000000000
113112  -48.650  -11.648  38.619 0.0000000000
111594  -48.083  -12.219  37.975 0.0000000000
113129  -48.001  -11.738  37.446 0.0000000000
113149  -47.767  -11.744  37.058 0.0000000000
113150  -48.146  -11.340  37.211 0.0000000000
114770  -48.159  -10.592  35.640 0.0000000000
114782  -47.888  -11.058  34.947 0.0000000000
114783  -48.275  -10.512  34.973 0.0000000000
117793  -49.356  -9.049  37.194 0.0000000000
119323  -49.685  -8.578  36.901 0.0000000000
117824  -49.417  -9.094  34.895 0.0000000000
116304  -48.871  -9.653  35.174 0.0000000000
116319  -49.039  -9.903  34.375 0.0000000000
114799  -48.447  -10.810  34.135 0.0000000000
114800  -48.987  -10.369  33.920 0.0000000000
114817  -49.288  -10.733  33.469 0.0000000000
114818  -50.198  -10.636  33.122 0.0000000000
113262  -50.721  -11.325  33.046 0.0000000000
111693  -51.079  -11.905  33.117 0.0000000000
113263  -51.540  -11.380  32.892 0.0000000000
120875  -50.830  -7.698  33.001 0.0000000000
119372  -50.768  -8.437  32.499 0.0000000000
116366  -52.497  -9.985  31.599 0.0000000000
116349  -51.543  -9.926  32.084 0.0000000000
113289  -52.171  -11.236  32.659 0.0000000000
113290  -52.993  -11.721  32.829 0.0000000000
111710  -53.548  -12.562  32.884 0.0000000000
114844  -53.544  -11.188  32.325 0.0000000000
116369  -54.279  -10.452  31.336 0.0000000000
113313  -54.699  -11.803  32.132 0.0000000000
113314  -55.339  -11.813  31.541 0.0000000000
111756  -55.744  -12.449  31.380 0.0000000000
114867  -55.359  -11.363  31.153 0.0000000000
129597  -53.653  -3.161  30.273 0.0000000000
129567  -53.958  -3.329  31.041 0.0000000000
126710  -53.945  -4.381  30.434 0.0000000000
125251  -53.720  -5.005  30.730 0.0000000000
125270  -53.797  -5.038  30.108 0.0000000000
123784  -51.115  -5.558  29.428 0.0000000000
125289  -51.677  -4.943  29.678 0.0000000000
123785  -51.934  -5.671  29.291 0.0000000000
122352  -54.005  -6.807  28.875 0.0000000000
123788  -53.836  -6.058  29.047 0.0000000000
119404  -54.196  -8.444  30.087 0.0000000000
120902  -54.363  -7.897  29.573 0.0000000000
117893  -55.482  -9.092  29.050 0.0000000000
117881  -55.354  -9.133  29.656 0.0000000000
116407  -56.020  -10.251  29.665 0.0000000000
114907  -55.947  -10.802  30.079 0.0000000000
114908  -56.388  -10.815  29.517 0.0000000000
113390  -56.713  -11.317  29.381 0.0000000000
116417  -56.304  -10.193  29.074 0.0000000000
116428  -56.569  -10.277  28.336 0.0000000000
116439  -56.065  -9.979  27.635 0.0000000000
116440  -56.830  -10.362  27.676 0.0000000000
119470  -51.739  -8.598  26.643 0.0000000000
117930  -52.355  -8.749  26.649 0.0000000000
117947  -51.944  -8.921  26.182 0.0000000000
117949  -53.777  -9.707  25.898 0.0000000000
116450  -55.128  -9.971  26.461 0.0000000000
125358  -47.986  -4.823  24.559 0.0000000000
125371  -47.100  -5.627  23.234 0.0000000000
123884  -47.260  -5.593  23.839 0.0000000000
122432  -46.445  -6.731  23.438 0.0000000000
120998  -46.461  -7.527  23.626 0.0000000000
120997  -46.263  -7.436  23.213 0.0000000000
126859  -47.677  -4.543  20.703 0.0000000000
126849  -47.789  -4.609  21.570 0.0000000000
125410  -46.786  -5.504  20.816 0.0000000000
121035  -46.057  -7.621  21.460 0.0000000000
118061  -47.138  -8.872  22.340 0.0000000000
95682  -21.605  -21.337  46.083 0.0000000000
95681  -20.932  -21.332  46.354 0.0000000000
94042  -21.315  -21.681  45.531 0.0000000000
90949  -20.497  -23.454  43.676 0.0000000000
92472  -20.540  -22.390  44.961 0.0000000000
89400  -20.041  -24.589  43.067 0.0000000000
87859  -20.651  -25.076  41.084 0.0000000000
86368  -20.356  -25.667  41.652 0.0000000000
86379  -20.570  -25.789  40.880 0.0000000000
84966  -20.553  -26.489  40.401 0.0000000000
90905  -25.516  -23.453  45.525 0.0000000000
92454  -25.344  -23.120  45.929 0.0000000000
90917  -25.373  -23.553  45.054 0.0000000000
90971  -24.529  -23.741  42.990 0.0000000000
90952  -24.523  -23.508  43.591 0.0000000000
90970  -23.967  -23.519  42.744 0.0000000000
92538  -23.361  -23.191  42.962 0.0000000000
90969  -23.520  -23.439  42.496 0.0000000000
89505  -24.842  -23.852  39.163 0.0000000000
89481  -24.246  -23.970  39.700 0.0000000000
89479  -22.742  -24.145  39.508 0.0000000000
89480  -23.515  -23.962  39.574 0.0000000000
89460  -22.863  -23.914  40.172 0.0000000000
91012  -22.455  -23.823  40.586 0.0000000000
89459  -22.021  -24.084  40.365 0.0000000000
83699  -24.788  -27.682  36.177 0.0000000000
82450  -24.477  -28.096  36.712 0.0000000000
87798  -34.576  -24.999  45.130 0.0000000000
87797  -33.886  -24.775  45.306 0.0000000000
87814  -34.054  -24.882  44.518 0.0000000000
87851  -33.393  -25.239  42.198 0.0000000000
89388  -33.314  -24.732  43.423 0.0000000000
89431  -32.561  -24.706  42.237 0.0000000000
89410  -32.276  -24.474  42.884 0.0000000000
89452  -32.208  -24.683  41.763 0.0000000000
84999  -32.525  -26.460  39.182 0.0000000000
86420  -32.883  -26.485  40.068 0.0000000000
86437  -32.121  -26.168  39.332 0.0000000000
86451  -30.893  -25.507  38.402 0.0000000000
87909  -31.292  -25.289  39.236 0.0000000000
87888  -30.972  -24.726  39.707 0.0000000000
87908  -30.776  -24.929  39.073 0.0000000000
89510  -30.210  -24.477  39.266 0.0000000000
87925  -30.210  -24.802  38.307 0.0000000000
86477  -29.504  -25.290  36.202 0.0000000000
87956  -29.052  -24.885  36.083 0.0000000000
87955  -28.574  -24.684  35.600 0.0000000000
87988  -28.698  -25.369  34.884 0.0000000000
86567  -31.146  -26.088  32.690 0.0000000000
86531  -30.803  -25.966  33.663 0.0000000000
86566  -30.777  -26.385  32.815 0.0000000000
82501  -30.437  -28.084  32.961 0.0000000000
83756  -30.065  -27.468  33.046 0.0000000000
85098  -29.305  -27.105  33.471 0.0000000000
83755  -29.330  -27.584  33.321 0.0000000000
82486  -28.752  -28.723  33.576 0.0000000000
82498  -28.727  -28.192  33.451 0.0000000000
82485  -28.193  -28.419  33.733 0.0000000000
86529  -27.918  -26.307  33.991 0.0000000000
83740  -27.837  -27.647  33.792 0.0000000000
106078  -44.834  -15.739  38.011 0.0000000000
106094  -44.756  -15.077  37.408 0.0000000000
106079  -45.602  -15.157  38.088 0.0000000000
107417  -46.218  -14.987  38.426 0.0000000000
101887  -46.599  -18.051  39.864 0.0000000000
101885  -45.240  -18.168  39.146 0.0000000000
101898  -45.362  -17.818  39.098 0.0000000000
103319  -44.720  -17.243  38.615 0.0000000000
103318  -44.303  -17.276  38.355 0.0000000000
104696  -43.533  -16.587  37.591 0.0000000000
104697  -44.197  -16.450  38.003 0.0000000000
104698  -44.642  -16.352  38.241 0.0000000000
110299  -55.853  -12.794  28.910 0.0000000000
110309  -56.006  -12.678  28.420 0.0000000000
110310  -56.613  -13.156  28.320 0.0000000000
110311  -57.249  -13.627  28.204 0.0000000000
108924  -57.331  -13.785  28.724 0.0000000000
108916  -57.764  -13.743  29.178 0.0000000000
111804  -57.817  -12.597  28.936 0.0000000000
87743  -32.670  -25.023  47.447 0.0000000000
87763  -32.255  -24.837  46.817 0.0000000000
89303  -33.003  -24.616  45.986 0.0000000000
89322  -33.241  -24.600  45.409 0.0000000000
110318  -41.788  -12.840  27.790 0.0000000000
110244  -48.030  -13.288  31.849 0.0000000000
110273  -48.830  -12.984  31.464 0.0000000000
110245  -48.699  -13.248  31.840 0.0000000000
110215  -49.094  -13.229  32.448 0.0000000000
110191  -49.436  -12.801  32.972 0.0000000000
87803  -41.427  -24.995  44.692 0.0000000000
87818  -40.855  -25.302  44.229 0.0000000000
87819  -41.366  -24.941  44.015 0.0000000000
89390  -41.096  -24.476  43.378 0.0000000000
90974  -40.578  -23.771  42.638 0.0000000000
97489  -38.016  -20.233  34.008 0.0000000000
97469  -38.350  -20.448  34.792 0.0000000000
97488  -37.479  -20.462  33.807 0.0000000000
95978  -36.193  -20.734  32.597 0.0000000000
97532  -36.045  -20.537  31.875 0.0000000000
96007  -35.389  -20.593  31.056 0.0000000000
107564  -39.262  -14.590  29.361 0.0000000000
108932  -39.126  -14.335  28.052 0.0000000000
126760  -48.911  -4.471  27.494 0.0000000000
125304  -49.307  -4.810  28.300 0.0000000000
125317  -48.928  -5.077  27.786 0.0000000000
123825  -48.545  -5.915  27.454 0.0000000000
122374  -48.526  -6.576  27.510 0.0000000000
120933  -48.574  -7.055  27.491 0.0000000000
122386  -48.143  -6.663  27.034 0.0000000000
122385  -47.775  -6.696  26.560 0.0000000000
122395  -47.419  -6.701  25.863 0.0000000000
95647  -23.885  -21.491  47.485 0.0000000000
94004  -24.259  -21.762  47.397 0.0000000000
94023  -24.181  -21.877  46.964 0.0000000000
94045  -24.489  -22.543  45.899 0.0000000000
91058  -26.906  -23.670  37.850 0.0000000000
91057  -26.039  -23.666  37.876 0.0000000000
91074  -26.512  -23.743  37.092 0.0000000000
89586  -25.766  -24.232  35.490 0.0000000000
89600  -25.233  -24.723  35.045 0.0000000000
86508  -25.101  -26.059  34.837 0.0000000000
87984  -25.614  -25.462  34.502 0.0000000000
86526  -26.003  -26.403  34.227 0.0000000000
83725  -26.325  -27.728  34.541 0.0000000000
86468  -33.653  -25.302  37.531 0.0000000000
86467  -33.291  -25.550  37.268 0.0000000000
87971  -32.626  -25.125  35.792 0.0000000000
87990  -32.205  -25.170  35.074 0.0000000000
108870  -41.762  -14.300  32.795 0.0000000000
108856  -43.490  -13.737  33.255 0.0000000000
108818  -45.249  -13.909  35.881 0.0000000000
110152  -45.264  -13.809  35.530 0.0000000000
94175  -44.630  -22.169  42.287 0.0000000000
94174  -43.887  -22.182  42.016 0.0000000000
94204  -44.352  -21.837  41.642 0.0000000000
95798  -44.092  -21.417  41.126 0.0000000000
98889  -42.616  -19.050  38.091 0.0000000000
98888  -42.087  -19.194  37.728 0.0000000000
98900  -41.717  -19.074  37.235 0.0000000000
98899  -41.219  -19.257  36.852 0.0000000000
98898  -40.624  -19.670  36.525 0.0000000000
98909  -40.849  -19.111  36.328 0.0000000000
98918  -40.128  -19.179  35.365 0.0000000000
100495  -39.730  -18.549  34.447 0.0000000000
100505  -39.411  -18.305  33.818 0.0000000000
101957  -39.909  -17.946  34.276 0.0000000000
101972  -40.066  -17.507  34.150 0.0000000000
106118  -42.417  -15.513  35.581 0.0000000000
106131  -41.757  -15.749  34.961 0.0000000000
106153  -41.707  -15.307  34.282 0.0000000000
107507  -41.450  -15.114  33.770 0.0000000000
107522  -41.247  -14.937  33.212 0.0000000000
107533  -40.555  -15.029  32.395 0.0000000000
107535  -41.443  -14.641  33.012 0.0000000000
89285  -27.922  -23.788  47.760 0.0000000000
89296  -27.828  -23.899  47.325 0.0000000000
89315  -28.377  -24.454  46.242 0.0000000000
89335  -28.495  -24.560  45.412 0.0000000000
89360  -30.261  -24.427  44.431 0.0000000000
89383  -29.776  -24.398  43.717 0.0000000000
89468  -28.981  -23.946  40.452 0.0000000000
89486  -29.101  -23.950  39.490 0.0000000000
110285  -43.476  -12.956  30.504 0.0000000000
111766  -43.034  -12.881  29.889 0.0000000000
111767  -43.303  -12.808  29.972 0.0000000000
111795  -44.264  -12.341  29.351 0.0000000000
111798  -46.639  -12.042  29.501 0.0000000000
113404  -46.149  -11.701  28.361 0.0000000000
111750  -50.474  -12.250  30.792 0.0000000000
113332  -50.585  -11.868  30.275 0.0000000000
113333  -51.253  -11.809  30.198 0.0000000000
113334  -51.796  -11.786  30.084 0.0000000000
111753  -52.714  -12.241  30.683 0.0000000000
111731  -53.156  -12.610  31.132 0.0000000000
110252  -53.926  -12.898  31.338 0.0000000000
86309  -36.846  -25.735  45.488 0.0000000000
86325  -37.251  -26.001  44.958 0.0000000000
87854  -38.210  -24.870  42.040 0.0000000000
87853  -37.646  -25.167  41.790 0.0000000000
86386  -36.936  -25.282  41.270 0.0000000000
86403  -36.111  -25.271  40.524 0.0000000000
87874  -35.954  -25.143  40.271 0.0000000000
87893  -36.092  -24.518  40.022 0.0000000000
89512  -35.511  -24.294  39.247 0.0000000000
91045  -35.404  -23.825  38.657 0.0000000000
94228  -40.685  -21.941  40.384 0.0000000000
94199  -40.295  -22.272  40.848 0.0000000000
94245  -39.694  -21.898  39.643 0.0000000000
94244  -38.958  -22.027  39.546 0.0000000000
95929  -37.005  -21.269  35.746 0.0000000000
95914  -36.893  -21.545  36.602 0.0000000000
95913  -36.410  -21.671  36.384 0.0000000000
94299  -36.291  -21.859  36.773 0.0000000000
94298  -35.620  -22.119  36.529 0.0000000000
92606  -35.259  -22.578  36.936 0.0000000000
94297  -35.211  -22.247  36.155 0.0000000000
102010  -37.863  -17.553  31.166 0.0000000000
87729  -36.509  -25.168  48.542 0.0000000000
87712  -36.703  -24.781  49.062 0.0000000000
92445  -39.286  -22.855  47.016 0.0000000000
90910  -39.835  -23.486  45.988 0.0000000000
92462  -39.658  -22.813  46.270 0.0000000000
95743  -42.824  -21.243  43.568 0.0000000000
108713  -47.269  -14.004  41.054 0.0000000000
108714  -47.790  -13.971  40.634 0.0000000000
110052  -47.477  -13.248  40.845 0.0000000000
110067  -47.933  -13.196  40.418 0.0000000000
111557  -48.132  -12.444  40.221 0.0000000000
114699  -48.970  -10.413  38.579 0.0000000000
114734  -48.690  -10.677  37.504 0.0000000000
116265  -48.938  -10.118  37.395 0.0000000000
116277  -48.751  -10.023  36.937 0.0000000000
120829  -50.720  -6.879  36.700 0.0000000000
120828  -50.436  -7.356  36.947 0.0000000000
119324  -50.045  -8.071  36.572 0.0000000000
119336  -49.634  -8.607  36.252 0.0000000000
119337  -50.020  -8.175  35.875 0.0000000000
117831  -49.389  -9.428  34.336 0.0000000000
117832  -49.756  -9.112  34.126 0.0000000000
116333  -50.463  -9.874  32.970 0.0000000000
120885  -51.175  -7.535  31.779 0.0000000000
119379  -51.008  -8.359  31.832 0.0000000000
119380  -51.351  -8.299  31.233 0.0000000000
117855  -51.879  -9.205  31.231 0.0000000000
114863  -52.921  -10.382  31.789 0.0000000000
114864  -53.347  -10.655  31.842 0.0000000000
116368  -53.700  -10.354  31.433 0.0000000000
116388  -53.977  -9.922  31.018 0.0000000000
116389  -54.657  -10.088  30.879 0.0000000000
129595  -52.552  -3.014  30.282 0.0000000000
126727  -53.152  -4.184  29.782 0.0000000000
122361  -51.964  -6.566  28.728 0.0000000000
123807  -52.706  -6.118  28.675 0.0000000000
122362  -52.767  -6.803  28.220 0.0000000000
122364  -53.837  -6.935  28.517 0.0000000000
120911  -54.415  -7.953  29.032 0.0000000000
120925  -54.377  -8.135  28.574 0.0000000000
119416  -55.129  -8.676  28.949 0.0000000000
116427  -55.880  -9.598  28.540 0.0000000000
117906  -55.109  -8.991  28.398 0.0000000000
117920  -54.519  -9.101  27.693 0.0000000000
117967  -52.065  -9.309  25.095 0.0000000000
117968  -52.828  -9.582  24.810 0.0000000000
126816  -49.131  -4.089  23.790 0.0000000000
125373  -47.989  -4.790  23.789 0.0000000000
126824  -48.512  -4.454  23.328 0.0000000000
125384  -47.951  -4.832  23.026 0.0000000000
125383  -47.488  -5.192  22.795 0.0000000000
125417  -46.742  -5.437  20.085 0.0000000000
123925  -46.399  -5.961  20.445 0.0000000000
95662  -19.919  -21.333  47.141 0.0000000000
94085  -21.914  -22.037  44.664 0.0000000000
94084  -21.335  -22.123  44.674 0.0000000000
92493  -21.581  -22.325  44.213 0.0000000000
92516  -20.870  -22.972  43.788 0.0000000000
89401  -20.348  -24.469  42.480 0.0000000000
90966  -20.710  -23.824  42.656 0.0000000000
89419  -20.658  -24.562  41.759 0.0000000000
87860  -20.924  -24.850  40.557 0.0000000000
90954  -25.479  -23.982  44.176 0.0000000000
89378  -25.444  -24.143  43.719 0.0000000000
90992  -24.997  -24.112  42.759 0.0000000000
90991  -24.530  -23.938  42.305 0.0000000000
91054  -24.086  -24.020  37.858 0.0000000000
89504  -24.161  -23.873  39.009 0.0000000000
89502  -22.604  -24.369  38.704 0.0000000000
89501  -21.763  -24.823  38.730 0.0000000000
85015  -21.648  -26.872  37.359 0.0000000000
83685  -22.423  -27.569  36.971 0.0000000000
82436  -22.902  -28.282  37.159 0.0000000000
82437  -23.572  -28.394  37.026 0.0000000000
87830  -34.807  -25.534  43.437 0.0000000000
87829  -34.051  -25.062  43.643 0.0000000000
87841  -34.197  -25.472  42.788 0.0000000000
87852  -33.882  -25.519  42.282 0.0000000000
87863  -33.145  -25.370  41.629 0.0000000000
85018  -31.632  -26.493  37.685 0.0000000000
86465  -31.196  -26.369  37.753 0.0000000000
86463  -30.375  -25.322  37.719 0.0000000000
86478  -30.011  -25.603  36.652 0.0000000000
86493  -29.404  -25.612  35.506 0.0000000000
81233  -30.326  -29.302  33.576 0.0000000000
81248  -29.574  -28.564  33.310 0.0000000000
107477  -43.265  -14.724  35.532 0.0000000000
108829  -43.186  -14.468  34.894 0.0000000000
107478  -43.679  -14.681  35.868 0.0000000000
108801  -44.896  -14.245  36.284 0.0000000000
107449  -45.104  -14.504  37.032 0.0000000000
108802  -45.541  -13.871  36.408 0.0000000000
110143  -46.072  -13.557  36.632 0.0000000000
110131  -46.605  -13.399  37.176 0.0000000000
97364  -45.960  -20.309  40.923 0.0000000000
97363  -45.389  -20.459  40.651 0.0000000000
98835  -45.323  -19.843  40.171 0.0000000000
98851  -44.617  -19.314  39.459 0.0000000000
98871  -44.239  -19.072  39.122 0.0000000000
100428  -44.877  -18.440  39.062 0.0000000000
100427  -44.306  -18.543  38.840 0.0000000000
100426  -43.576  -18.554  38.431 0.0000000000
100446  -42.699  -18.519  37.705 0.0000000000
100464  -42.319  -18.209  37.193 0.0000000000
101925  -42.058  -17.774  36.689 0.0000000000
101935  -41.420  -17.721  36.007 0.0000000000
103352  -42.138  -17.431  36.570 0.0000000000
103371  -42.369  -16.795  36.472 0.0000000000
104728  -42.477  -16.433  36.453 0.0000000000
104713  -43.121  -16.549  37.250 0.0000000000
106091  -42.841  -16.125  36.822 0.0000000000
106106  -42.601  -15.944  36.372 0.0000000000
107476  -42.751  -15.020  35.339 0.0000000000
108935  -57.588  -13.875  28.151 0.0000000000
87721  -30.305  -24.869  47.553 0.0000000000
87739  -30.138  -24.793  47.061 0.0000000000
87740  -30.648  -24.912  47.213 0.0000000000
87780  -30.503  -24.677  46.318 0.0000000000
89301  -31.812  -24.684  46.278 0.0000000000
89319  -31.282  -24.571  45.769 0.0000000000
89338  -30.767  -24.454  45.105 0.0000000000
89361  -31.004  -24.370  44.365 0.0000000000
89408  -30.886  -24.294  42.910 0.0000000000
110268  -45.215  -12.939  31.215 0.0000000000
111745  -46.252  -12.623  30.672 0.0000000000
113351  -47.742  -11.946  29.714 0.0000000000
113352  -48.342  -11.819  29.675 0.0000000000
113382  -48.444  -11.510  28.990 0.0000000000
111749  -49.699  -12.292  30.755 0.0000000000
111725  -49.286  -12.791  31.342 0.0000000000
110249  -51.546  -13.011  31.861 0.0000000000
86327  -39.260  -25.982  45.510 0.0000000000
86342  -39.502  -26.040  44.402 0.0000000000
87832  -39.296  -25.439  43.209 0.0000000000
86353  -40.308  -25.414  43.777 0.0000000000
87843  -38.576  -25.210  42.568 0.0000000000
89454  -38.158  -24.218  41.622 0.0000000000
91005  -37.570  -23.796  40.947 0.0000000000
95881  -39.758  -21.109  37.777 0.0000000000
95899  -39.174  -21.025  37.028 0.0000000000
95947  -37.742  -20.669  34.621 0.0000000000
95956  -35.652  -21.454  34.329 0.0000000000
94334  -34.796  -21.895  33.478 0.0000000000
95963  -34.983  -21.688  33.035 0.0000000000
94362  -34.527  -21.870  31.988 0.0000000000
95991  -35.026  -21.293  31.707 0.0000000000
104813  -38.457  -15.863  30.290 0.0000000000
106189  -38.194  -15.730  29.711 0.0000000000
106193  -38.114  -15.405  28.980 0.0000000000
106198  -37.880  -15.269  28.151 0.0000000000
107567  -38.337  -14.838  28.087 0.0000000000
122278  -51.146  -6.626  35.883 0.0000000000
122287  -51.131  -6.897  35.243 0.0000000000
120859  -50.809  -7.477  34.219 0.0000000000
122299  -51.120  -6.991  34.534 0.0000000000
122308  -51.072  -7.140  33.707 0.0000000000
122309  -51.479  -6.602  33.298 0.0000000000
123698  -52.260  -5.275  34.360 0.0000000000
123710  -51.870  -5.976  33.654 0.0000000000
122319  -51.429  -6.794  32.405 0.0000000000
122326  -51.692  -6.790  31.498 0.0000000000
123738  -52.049  -6.307  31.470 0.0000000000
122334  -52.693  -6.648  30.671 0.0000000000
128230  -50.144  -3.302  28.996 0.0000000000
126724  -51.004  -3.932  29.773 0.0000000000
126738  -50.484  -4.050  29.371 0.0000000000
125288  -50.828  -4.717  29.509 0.0000000000
123804  -49.583  -5.535  28.684 0.0000000000
123805  -50.002  -6.073  28.846 0.0000000000
122349  -50.657  -6.131  29.073 0.0000000000
120921  -51.362  -7.182  28.390 0.0000000000
120937  -51.663  -7.580  27.901 0.0000000000
119439  -51.966  -7.947  27.390 0.0000000000
119438  -51.220  -8.048  27.498 0.0000000000
119454  -50.813  -8.395  26.997 0.0000000000
119468  -50.431  -8.686  26.426 0.0000000000
120950  -48.907  -7.861  27.224 0.0000000000
119452  -49.259  -8.352  26.868 0.0000000000
119467  -49.646  -8.717  26.382 0.0000000000
117944  -49.247  -8.921  25.798 0.0000000000
117963  -48.803  -8.994  25.274 0.0000000000
118021  -48.367  -9.072  24.092 0.0000000000
128323  -48.902  -3.753  21.605 0.0000000000
97226  -21.402  -20.568  48.202 0.0000000000
95645  -22.072  -20.761  47.934 0.0000000000
95683  -22.480  -21.358  46.195 0.0000000000
95666  -23.081  -21.355  46.843 0.0000000000
94064  -22.340  -21.801  45.164 0.0000000000
92518  -22.240  -22.496  43.812 0.0000000000
92537  -22.530  -22.910  43.001 0.0000000000
89464  -25.904  -24.255  40.585 0.0000000000
89483  -25.764  -24.018  39.800 0.0000000000
89506  -25.398  -23.870  39.313 0.0000000000
91073  -25.672  -23.726  37.201 0.0000000000
91056  -25.251  -23.736  37.900 0.0000000000
91055  -24.595  -23.847  37.902 0.0000000000
89547  -24.007  -24.196  37.351 0.0000000000
86491  -23.391  -26.131  35.784 0.0000000000
83713  -24.532  -27.242  35.727 0.0000000000
85061  -25.255  -26.651  34.929 0.0000000000
83714  -25.131  -27.432  35.616 0.0000000000
84968  -34.101  -26.719  40.552 0.0000000000
86400  -33.727  -26.661  40.764 0.0000000000
85000  -33.345  -26.459  38.799 0.0000000000
85007  -32.576  -26.468  38.122 0.0000000000
86466  -32.849  -26.104  37.511 0.0000000000
85019  -32.217  -26.331  37.201 0.0000000000
85031  -31.600  -26.434  36.901 0.0000000000
108913  -41.036  -13.537  29.288 0.0000000000
110264  -42.346  -13.299  30.598 0.0000000000
110237  -42.527  -13.425  31.343 0.0000000000
110265  -43.018  -13.154  30.897 0.0000000000
110266  -43.692  -13.052  31.116 0.0000000000
110240  -44.935  -13.138  31.841 0.0000000000
108831  -44.672  -13.850  34.552 0.0000000000
110184  -44.399  -13.462  33.089 0.0000000000
110209  -44.646  -13.291  32.552 0.0000000000
110211  -46.286  -13.258  32.548 0.0000000000
110187  -46.814  -13.199  33.172 0.0000000000
89394  -43.224  -23.819  43.951 0.0000000000
90955  -42.475  -23.801  43.224 0.0000000000
90977  -42.750  -23.501  42.975 0.0000000000
92544  -42.391  -23.113  42.545 0.0000000000
92576  -41.896  -22.288  41.466 0.0000000000
94173  -43.144  -22.226  41.926 0.0000000000
94202  -42.529  -21.984  41.382 0.0000000000
94201  -41.710  -22.054  41.094 0.0000000000
94247  -41.048  -21.601  40.002 0.0000000000
95844  -41.161  -21.303  39.443 0.0000000000
97362  -44.553  -20.328  40.274 0.0000000000
97361  -43.666  -20.473  40.047 0.0000000000
97381  -42.527  -20.371  39.290 0.0000000000
97401  -42.544  -19.844  38.752 0.0000000000
97380  -41.938  -20.647  39.125 0.0000000000
95863  -41.569  -20.889  39.068 0.0000000000
95882  -40.583  -20.904  38.080 0.0000000000
95900  -39.832  -20.793  37.175 0.0000000000
97438  -39.501  -20.476  36.114 0.0000000000
97452  -39.487  -20.028  35.415 0.0000000000
97470  -38.835  -20.082  34.722 0.0000000000
97490  -38.622  -19.800  34.163 0.0000000000
98970  -37.464  -19.503  32.291 0.0000000000
98983  -37.243  -19.285  31.732 0.0000000000
98984  -37.757  -18.867  32.021 0.0000000000
100539  -37.869  -18.375  31.759 0.0000000000
100528  -38.674  -18.093  32.634 0.0000000000
102005  -38.144  -17.692  31.662 0.0000000000
103467  -38.497  -17.219  31.800 0.0000000000
104802  -38.383  -16.817  31.355 0.0000000000
104803  -38.710  -16.620  31.685 0.0000000000
103400  -40.624  -17.110  34.508 0.0000000000
103423  -40.265  -16.967  33.959 0.0000000000
104751  -41.217  -16.331  34.735 0.0000000000
104774  -40.551  -16.186  33.795 0.0000000000
104794  -39.742  -16.131  32.666 0.0000000000
104804  -39.279  -16.071  31.966 0.0000000000
106185  -38.971  -15.499  30.706 0.0000000000
107553  -39.548  -14.974  30.748 0.0000000000
107547  -40.395  -14.831  31.764 0.0000000000
107554  -40.083  -14.695  31.002 0.0000000000
107559  -39.856  -14.630  30.551 0.0000000000
108903  -40.232  -14.256  30.331 0.0000000000
126784  -48.418  -4.506  25.745 0.0000000000
126785  -48.860  -3.970  25.463 0.0000000000
126802  -49.055  -4.011  24.637 0.0000000000
128302  -49.714  -3.687  23.414 0.0000000000
129698  -51.634  -2.451  23.501 0.0000000000
129697  -51.096  -2.693  23.017 0.0000000000
129696  -50.579  -2.908  22.513 0.0000000000
128325  -50.091  -3.185  22.300 0.0000000000
128338  -49.986  -3.063  21.686 0.0000000000
129715  -50.263  -2.559  21.135 0.0000000000
130990  -50.496  -2.012  20.655 0.0000000000
132279  -51.273  -1.338  20.624 0.0000000000
131004  -50.810  -1.590  20.446 0.0000000000
92394  -26.196  -22.663  47.926 0.0000000000
92413  -25.603  -22.689  47.005 0.0000000000
92435  -25.958  -23.081  46.822 0.0000000000
90892  -26.103  -23.452  46.430 0.0000000000
90919  -26.246  -23.901  45.733 0.0000000000
89313  -26.906  -23.999  46.227 0.0000000000
89333  -26.764  -24.176  45.703 0.0000000000
89355  -26.261  -24.196  45.034 0.0000000000
89379  -26.141  -24.378  44.084 0.0000000000
89299  -29.741  -24.655  46.664 0.0000000000
89316  -29.153  -24.573  46.072 0.0000000000
89358  -28.695  -24.540  44.594 0.0000000000
89359  -29.494  -24.472  44.508 0.0000000000
89445  -26.895  -24.327  41.445 0.0000000000
89465  -26.658  -24.173  40.726 0.0000000000
89485  -27.097  -23.921  40.241 0.0000000000
91027  -27.278  -23.724  39.573 0.0000000000
91016  -28.032  -23.800  40.270 0.0000000000
91028  -28.014  -23.717  39.679 0.0000000000
91075  -27.490  -23.840  36.991 0.0000000000
91095  -27.458  -24.002  36.387 0.0000000000
89569  -27.579  -24.166  35.935 0.0000000000
89615  -32.445  -24.398  34.204 0.0000000000
110296  -41.462  -13.260  28.927 0.0000000000
110307  -42.020  -12.915  28.570 0.0000000000
111839  -42.297  -12.640  28.107 0.0000000000
111817  -42.694  -12.671  28.800 0.0000000000
111861  -43.141  -12.206  26.962 0.0000000000
111769  -44.890  -12.447  30.042 0.0000000000
113378  -45.625  -11.931  29.076 0.0000000000
111820  -44.958  -11.974  28.663 0.0000000000
113358  -52.836  -11.721  29.424 0.0000000000
113359  -53.347  -11.774  29.214 0.0000000000
111801  -54.482  -12.245  29.152 0.0000000000
111780  -54.873  -12.533  29.594 0.0000000000
110288  -55.473  -12.896  29.838 0.0000000000
87766  -34.867  -25.087  46.711 0.0000000000
87784  -35.160  -25.148  45.783 0.0000000000
87799  -35.259  -25.232  44.873 0.0000000000
86308  -36.365  -25.613  45.279 0.0000000000
87800  -35.726  -25.490  44.598 0.0000000000
87816  -35.375  -25.526  44.062 0.0000000000
86347  -35.327  -25.874  43.485 0.0000000000
86360  -35.401  -26.441  42.664 0.0000000000
84935  -34.940  -26.656  41.779 0.0000000000
86349  -37.000  -26.544  43.325 0.0000000000
86362  -37.385  -26.226  42.553 0.0000000000
84930  -36.680  -26.589  42.513 0.0000000000
84929  -35.943  -26.623  42.633 0.0000000000
84936  -35.367  -26.621  41.999 0.0000000000
84951  -34.728  -26.673  41.288 0.0000000000
84969  -34.904  -26.415  40.242 0.0000000000
86421  -34.475  -26.105  39.375 0.0000000000
87910  -34.509  -25.434  38.787 0.0000000000
87891  -35.160  -25.262  39.549 0.0000000000
87927  -34.301  -25.207  38.383 0.0000000000
87960  -33.737  -24.795  37.153 0.0000000000
89573  -33.722  -24.394  36.773 0.0000000000
91096  -33.305  -24.089  35.881 0.0000000000
90975  -41.202  -23.652  42.729 0.0000000000
90997  -40.843  -23.436  42.421 0.0000000000
90996  -40.364  -23.434  42.249 0.0000000000
92558  -39.623  -23.160  41.662 0.0000000000
91008  -39.310  -23.319  41.624 0.0000000000
91007  -38.807  -23.385  41.384 0.0000000000
92571  -37.997  -23.266  40.805 0.0000000000
92579  -37.225  -23.154  40.084 0.0000000000
94262  -38.725  -21.811  38.789 0.0000000000
94261  -38.026  -21.977  38.769 0.0000000000
94291  -37.443  -21.768  37.777 0.0000000000
94279  -37.740  -21.823  38.194 0.0000000000
94242  -37.736  -22.241  39.227 0.0000000000
92587  -37.090  -22.784  39.450 0.0000000000
91032  -36.927  -23.365  39.957 0.0000000000
91046  -36.015  -23.352  38.953 0.0000000000
91061  -35.223  -23.415  37.920 0.0000000000
91079  -35.087  -23.080  37.359 0.0000000000
91078  -34.504  -23.669  37.260 0.0000000000
91116  -33.252  -23.820  35.431 0.0000000000
104817  -37.651  -16.075  29.220 0.0000000000
104662  -46.846  -16.456  39.465 0.0000000000
106046  -47.010  -15.967  39.378 0.0000000000
104663  -47.274  -16.455  39.839 0.0000000000
106034  -47.655  -15.612  40.535 0.0000000000
97209  -22.517  -20.595  49.065 0.0000000000
95607  -23.749  -20.815  49.533 0.0000000000
95629  -25.269  -21.924  48.395 0.0000000000
93967  -25.688  -22.028  48.578 0.0000000000
93986  -26.067  -22.345  48.341 0.0000000000
90869  -27.588  -23.418  48.344 0.0000000000
90856  -27.755  -23.216  48.977 0.0000000000
90883  -27.928  -23.692  48.078 0.0000000000
89273  -28.692  -23.873  48.570 0.0000000000
89274  -29.301  -24.104  48.711 0.0000000000
89261  -30.184  -24.235  49.400 0.0000000000
89275  -30.166  -24.698  48.273 0.0000000000
89276  -30.829  -24.889  48.405 0.0000000000
87705  -31.220  -24.978  48.397 0.0000000000
87706  -31.780  -25.116  48.678 0.0000000000
87725  -33.020  -25.195  48.162 0.0000000000
87768  -36.951  -25.623  47.083 0.0000000000
86300  -38.124  -25.582  46.869 0.0000000000
87786  -39.012  -25.305  46.570 0.0000000000
86312  -39.159  -25.629  46.238 0.0000000000
87788  -40.330  -24.885  45.793 0.0000000000
89344  -41.336  -24.429  45.178 0.0000000000
90922  -41.781  -23.835  44.977 0.0000000000
90938  -42.339  -23.484  44.604 0.0000000000
94077  -41.136  -22.101  44.781 0.0000000000
92504  -41.431  -22.646  44.672 0.0000000000
92505  -42.010  -22.706  44.483 0.0000000000
90939  -43.193  -23.311  44.336 0.0000000000
90940  -43.589  -22.936  44.264 0.0000000000
92508  -43.842  -22.612  44.137 0.0000000000
92526  -44.369  -22.618  43.740 0.0000000000
95744  -43.468  -21.188  43.346 0.0000000000
95745  -44.124  -21.453  43.436 0.0000000000
94129  -44.736  -21.974  43.476 0.0000000000
94153  -45.543  -21.496  42.578 0.0000000000
94177  -45.673  -21.417  42.328 0.0000000000
95801  -45.877  -20.879  41.956 0.0000000000
98793  -45.310  -19.972  42.370 0.0000000000
98794  -45.683  -20.074  42.306 0.0000000000
97348  -46.115  -20.428  41.493 0.0000000000
98820  -46.299  -19.962  40.991 0.0000000000
98837  -46.586  -19.552  40.826 0.0000000000
101876  -46.984  -18.398  40.422 0.0000000000
101888  -47.022  -17.841  40.208 0.0000000000
103304  -47.117  -17.183  40.013 0.0000000000
107418  -46.973  -14.636  38.641 0.0000000000
107387  -48.180  -14.252  39.784 0.0000000000
107419  -47.622  -14.406  38.917 0.0000000000
108755  -46.945  -14.090  38.251 0.0000000000
108771  -47.104  -13.767  38.098 0.0000000000
110114  -46.858  -13.489  37.639 0.0000000000
110132  -47.223  -12.766  37.249 0.0000000000
111558  -48.439  -12.415  39.648 0.0000000000
113099  -48.639  -11.643  39.331 0.0000000000
111572  -48.526  -12.427  38.966 0.0000000000
110116  -47.891  -12.650  38.088 0.0000000000
111617  -47.200  -12.226  36.469 0.0000000000
113173  -47.200  -12.023  35.521 0.0000000000
113175  -47.886  -11.388  36.787 0.0000000000
114753  -47.815  -11.212  36.221 0.0000000000
113195  -47.503  -11.595  35.322 0.0000000000
113215  -47.586  -11.779  34.489 0.0000000000
113235  -48.007  -11.649  33.998 0.0000000000
111671  -48.065  -11.975  33.645 0.0000000000
117783  -49.337  -9.058  37.737 0.0000000000
116278  -49.093  -9.452  36.944 0.0000000000
117802  -48.894  -9.510  36.453 0.0000000000
117814  -49.112  -9.173  35.860 0.0000000000
116291  -48.717  -9.657  35.734 0.0000000000
116303  -48.488  -10.072  35.408 0.0000000000
113236  -48.386  -11.631  33.623 0.0000000000
113259  -48.735  -11.790  33.291 0.0000000000
111691  -49.715  -12.137  33.116 0.0000000000
113261  -49.934  -11.406  33.153 0.0000000000
110192  -50.153  -12.730  33.018 0.0000000000
110193  -50.987  -12.639  33.090 0.0000000000
110219  -52.053  -13.168  32.518 0.0000000000
119365  -50.505  -8.384  33.332 0.0000000000
116348  -51.025  -9.835  32.470 0.0000000000
117847  -51.134  -9.188  31.947 0.0000000000
114841  -51.362  -10.239  32.437 0.0000000000
114820  -51.545  -10.916  32.671 0.0000000000
113264  -52.225  -11.827  33.026 0.0000000000
111695  -52.270  -12.416  33.199 0.0000000000
110220  -52.918  -13.106  32.557 0.0000000000
110221  -53.687  -12.952  32.224 0.0000000000
110222  -54.323  -12.993  32.072 0.0000000000
113312  -54.223  -11.497  32.256 0.0000000000
111732  -54.760  -12.657  32.319 0.0000000000
110253  -54.934  -13.025  31.600 0.0000000000
110254  -55.562  -12.902  31.590 0.0000000000
111757  -56.251  -12.482  30.844 0.0000000000
125232  -53.124  -5.062  31.568 0.0000000000
123751  -52.935  -6.114  30.794 0.0000000000
122341  -53.078  -6.969  30.374 0.0000000000
126725  -51.775  -4.156  29.904 0.0000000000
126726  -52.506  -4.112  29.859 0.0000000000
126742  -53.258  -4.730  29.582 0.0000000000
123787  -53.235  -5.663  28.908 0.0000000000
125292  -53.607  -5.229  29.463 0.0000000000
123767  -53.808  -5.810  29.968 0.0000000000
122342  -53.448  -6.528  30.235 0.0000000000
119402  -53.093  -7.739  30.301 0.0000000000
119403  -53.467  -8.004  30.201 0.0000000000
119392  -54.107  -8.884  30.374 0.0000000000
117868  -54.670  -9.588  30.560 0.0000000000
119405  -54.851  -8.498  29.496 0.0000000000
116390  -55.141  -10.212  30.667 0.0000000000
113360  -55.956  -11.387  30.463 0.0000000000
113336  -56.240  -11.873  30.582 0.0000000000
111758  -56.792  -12.673  30.532 0.0000000000
111782  -56.994  -12.381  29.975 0.0000000000
113391  -57.046  -11.533  29.046 0.0000000000
114923  -57.084  -11.286  28.686 0.0000000000
114938  -56.898  -10.671  28.401 0.0000000000
114939  -57.194  -11.057  28.276 0.0000000000
116441  -57.199  -10.745  27.778 0.0000000000
116453  -57.329  -10.627  27.188 0.0000000000
117918  -53.235  -8.684  27.218 0.0000000000
117933  -54.605  -9.652  26.884 0.0000000000
116451  -55.886  -10.089  26.732 0.0000000000
125342  -47.996  -4.921  25.323 0.0000000000
123853  -47.279  -6.197  25.254 0.0000000000
125357  -47.589  -5.252  24.172 0.0000000000
123868  -47.245  -5.807  24.452 0.0000000000
122406  -46.980  -6.805  25.073 0.0000000000
120984  -46.821  -7.473  24.633 0.0000000000
119515  -47.283  -8.583  23.939 0.0000000000
118047  -47.720  -8.940  23.602 0.0000000000
126835  -47.866  -4.676  21.963 0.0000000000
125398  -47.551  -5.011  22.047 0.0000000000
125382  -46.949  -5.604  22.459 0.0000000000
123918  -46.417  -6.055  21.190 0.0000000000
123910  -46.129  -6.583  21.786 0.0000000000
122453  -46.056  -7.121  22.522 0.0000000000
119539  -46.403  -8.108  22.561 0.0000000000
119541  -47.166  -8.664  23.239 0.0000000000
118048  -48.339  -9.198  23.317 0.0000000000
95644  -21.074  -20.775  47.567 0.0000000000
95663  -20.521  -21.200  46.874 0.0000000000
94022  -20.413  -21.623  46.259 0.0000000000
94062  -20.951  -22.051  45.094 0.0000000000
84934  -20.215  -26.486  42.176 0.0000000000
87839  -20.285  -25.084  42.103 0.0000000000
92434  -25.367  -22.836  46.553 0.0000000000
92453  -24.836  -22.859  45.658 0.0000000000
92473  -24.227  -22.781  44.786 0.0000000000
90933  -24.734  -23.411  44.090 0.0000000000
92521  -24.343  -23.171  44.014 0.0000000000
92496  -23.980  -22.840  44.315 0.0000000000
92495  -23.505  -22.748  44.044 0.0000000000
92556  -22.921  -23.201  42.543 0.0000000000
90988  -22.276  -23.272  42.182 0.0000000000
89443  -25.265  -24.329  41.210 0.0000000000
89442  -24.469  -24.144  41.107 0.0000000000
89441  -23.909  -23.968  40.837 0.0000000000
89461  -23.602  -23.916  40.329 0.0000000000
91003  -23.726  -23.778  41.459 0.0000000000
91002  -22.935  -23.580  41.411 0.0000000000
91000  -21.523  -23.899  41.225 0.0000000000
87871  -20.970  -25.147  40.003 0.0000000000
87887  -21.106  -25.312  39.402 0.0000000000
86416  -20.687  -26.059  39.838 0.0000000000
83698  -23.893  -27.555  36.234 0.0000000000
89389  -33.657  -24.859  43.663 0.0000000000
89364  -33.059  -24.547  44.117 0.0000000000
89386  -31.996  -24.372  43.570 0.0000000000
89409  -31.608  -24.359  42.899 0.0000000000
89429  -31.269  -24.324  42.184 0.0000000000
86399  -33.248  -26.362  40.622 0.0000000000
86398  -32.873  -25.644  40.869 0.0000000000
86436  -31.641  -25.800  39.122 0.0000000000
87890  -32.004  -25.538  40.010 0.0000000000
87872  -31.971  -24.837  40.883 0.0000000000
89471  -31.352  -24.495  40.708 0.0000000000
89470  -30.654  -24.310  40.658 0.0000000000
89509  -29.716  -24.334  38.902 0.0000000000
87941  -29.684  -24.788  37.334 0.0000000000
89552  -29.305  -24.400  37.606 0.0000000000
89551  -28.989  -24.347  37.204 0.0000000000
89570  -28.350  -24.346  36.106 0.0000000000
89589  -28.019  -24.462  35.383 0.0000000000
89603  -27.618  -24.646  34.859 0.0000000000
88004  -32.111  -24.879  34.431 0.0000000000
87989  -31.916  -25.208  34.588 0.0000000000
86532  -31.276  -25.586  33.915 0.0000000000
86513  -31.598  -25.564  34.777 0.0000000000
86512  -30.893  -25.905  34.377 0.0000000000
85049  -30.470  -26.168  34.603 0.0000000000
85100  -30.413  -26.711  33.047 0.0000000000
85084  -29.987  -26.500  33.645 0.0000000000
85064  -29.949  -26.308  34.308 0.0000000000
85063  -29.567  -26.159  34.764 0.0000000000
85083  -29.193  -26.699  33.894 0.0000000000
83754  -28.961  -27.911  33.360 0.0000000000
83741  -28.678  -27.562  33.558 0.0000000000
86530  -28.529  -26.336  34.119 0.0000000000
86510  -28.328  -25.755  34.308 0.0000000000
88002  -27.626  -25.668  34.132 0.0000000000
87986  -27.270  -25.081  34.389 0.0000000000
85080  -26.857  -26.940  34.008 0.0000000000
83726  -26.691  -28.120  34.382 0.0000000000
81249  -30.028  -28.666  33.258 0.0000000000
82499  -29.194  -28.324  33.348 0.0000000000
83684  -21.918  -27.242  37.206 0.0000000000
83712  -24.141  -27.071  35.764 0.0000000000
83738  -26.599  -27.347  34.150 0.0000000000
84922  -36.356  -26.584  42.974 0.0000000000
84950  -34.280  -26.726  41.073 0.0000000000
84967  -33.566  -26.705  40.462 0.0000000000
84970  -35.454  -26.100  40.509 0.0000000000
84984  -32.744  -26.486  39.763 0.0000000000
84987  -34.619  -26.217  39.662 0.0000000000
84998  -32.020  -26.247  39.058 0.0000000000
85017  -31.167  -26.442  37.534 0.0000000000
85027  -22.459  -26.824  36.611 0.0000000000
85029  -23.369  -27.039  36.094 0.0000000000
85044  -24.387  -26.673  35.458 0.0000000000
85046  -25.365  -27.151  35.165 0.0000000000
85060  -24.822  -26.489  35.103 0.0000000000
85062  -25.796  -26.988  34.689 0.0000000000
85065  -30.424  -26.214  34.000 0.0000000000
86337  -35.553  -25.724  43.899 0.0000000000
86346  -34.958  -25.763  43.253 0.0000000000
86358  -34.355  -25.742  42.599 0.0000000000
86361  -35.804  -26.515  42.869 0.0000000000
86364  -38.825  -25.439  42.895 0.0000000000
86369  -33.732  -25.577  42.027 0.0000000000
86372  -35.175  -26.550  42.230 0.0000000000
86373  -36.584  -25.981  41.554 0.0000000000
86375  -37.826  -25.340  42.034 0.0000000000
86380  -33.045  -25.448  41.358 0.0000000000
86396  -20.686  -25.719  40.233 0.0000000000
86397  -20.844  -25.614  39.749 0.0000000000
86417  -20.875  -25.899  39.280 0.0000000000
86418  -31.880  -25.627  39.736 0.0000000000
86423  -35.332  -25.373  39.791 0.0000000000
86435  -31.166  -25.369  38.936 0.0000000000
86438  -33.725  -26.210  38.641 0.0000000000
86440  -34.645  -25.553  39.019 0.0000000000
86450  -30.535  -25.178  38.209 0.0000000000
86453  -32.990  -26.263  37.984 0.0000000000
86527  -26.569  -26.350  34.037 0.0000000000
86528  -27.224  -26.311  33.986 0.0000000000
86548  -30.772  -26.183  33.123 0.0000000000
87742  -31.927  -25.019  47.409 0.0000000000
87759  -29.863  -24.724  46.918 0.0000000000
87760  -30.389  -24.785  46.775 0.0000000000
87761  -30.967  -24.824  46.705 0.0000000000
87781  -31.139  -24.650  46.059 0.0000000000
87817  -35.683  -25.599  44.275 0.0000000000
87820  -41.817  -24.603  43.892 0.0000000000
87828  -33.673  -24.915  43.423 0.0000000000
87831  -35.174  -25.650  43.667 0.0000000000
87833  -39.851  -25.160  43.315 0.0000000000
87836  -41.720  -24.398  43.628 0.0000000000
87842  -34.587  -25.619  43.014 0.0000000000
87846  -40.427  -24.482  43.065 0.0000000000
87850  -32.895  -24.979  42.086 0.0000000000
87855  -38.807  -24.550  42.260 0.0000000000
87861  -32.139  -24.763  41.398 0.0000000000
87864  -36.763  -25.116  41.035 0.0000000000
87873  -32.252  -25.358  40.491 0.0000000000
87876  -36.959  -24.515  40.794 0.0000000000
87892  -35.602  -24.882  39.774 0.0000000000
87907  -30.248  -24.611  38.864 0.0000000000
87928  -34.552  -24.866  38.447 0.0000000000
87940  -29.228  -24.694  36.747 0.0000000000
87942  -33.595  -25.134  37.260 0.0000000000
87943  -33.919  -25.008  37.668 0.0000000000
87958  -32.903  -25.226  36.363 0.0000000000
87969  -28.413  -24.852  35.101 0.0000000000
87970  -28.848  -25.070  35.425 0.0000000000
87983  -24.863  -25.439  34.982 0.0000000000
87999  -25.835  -25.977  34.312 0.0000000000
88001  -26.893  -25.698  34.089 0.0000000000
88003  -31.746  -25.209  34.124 0.0000000000
89304  -38.956  -24.365  47.062 0.0000000000
89332  -26.274  -24.054  45.459 0.0000000000
89345  -41.994  -24.477  44.864 0.0000000000
89346  -42.428  -24.126  44.697 0.0000000000
89365  -33.607  -24.764  44.013 0.0000000000
89368  -43.156  -23.775  44.181 0.0000000000
89377  -20.276  -24.112  43.092 0.0000000000
89382  -28.974  -24.471  43.777 0.0000000000
89391  -41.493  -24.250  43.379 0.0000000000
89392  -42.234  -24.138  43.596 0.0000000000
89393  -42.987  -23.937  43.875 0.0000000000
89411  -32.853  -24.659  42.871 0.0000000000
89412  -33.245  -24.895  42.789 0.0000000000
89415  -40.886  -24.214  43.048 0.0000000000
89420  -20.958  -24.198  41.681 0.0000000000
89430  -31.947  -24.464  42.237 0.0000000000
89432  -32.999  -24.871  42.427 0.0000000000
89434  -39.226  -24.191  42.310 0.0000000000
89438  -20.706  -24.729  41.367 0.0000000000
89440  -21.665  -23.958  40.925 0.0000000000
89450  -30.953  -24.282  41.422 0.0000000000
89469  -29.897  -24.183  40.563 0.0000000000
89473  -37.249  -24.185  40.891 0.0000000000
89482  -24.960  -24.051  39.788 0.0000000000
89489  -31.030  -24.545  40.124 0.0000000000
89490  -35.959  -24.203  39.674 0.0000000000
89527  -23.835  -24.150  37.738 0.0000000000
89529  -28.950  -24.167  37.866 0.0000000000
89548  -24.490  -24.040  37.245 0.0000000000
89550  -28.313  -24.089  36.865 0.0000000000
89583  -23.523  -25.263  35.932 0.0000000000
89584  -23.973  -24.957  35.812 0.0000000000
89587  -26.616  -24.196  35.498 0.0000000000
89588  -27.319  -24.321  35.347 0.0000000000
89604  -28.058  -24.697  34.932 0.0000000000
90881  -26.825  -23.399  47.438 0.0000000000
90906  -25.894  -23.546  45.929 0.0000000000
90908  -26.917  -23.838  46.545 0.0000000000
90918  -25.897  -23.807  45.342 0.0000000000
90923  -42.183  -23.977  44.891 0.0000000000
90934  -25.129  -23.571  44.471 0.0000000000
90951  -24.134  -23.433  43.213 0.0000000000
90953  -25.066  -23.750  43.889 0.0000000000
90956  -42.902  -23.763  43.434 0.0000000000
90957  -43.395  -23.601  43.836 0.0000000000
90958  -43.912  -23.186  44.156 0.0000000000
90973  -40.089  -23.779  42.476 0.0000000000
90976  -41.987  -23.694  42.963 0.0000000000
90979  -43.942  -23.198  43.540 0.0000000000
90986  -20.749  -24.131  42.056 0.0000000000
90995  -39.673  -23.584  42.069 0.0000000000
91004  -24.265  -23.955  41.738 0.0000000000
91006  -38.100  -23.638  41.181 0.0000000000
91014  -23.413  -23.782  40.947 0.0000000000
91017  -28.435  -23.828  40.358 0.0000000000
91020  -37.724  -23.451  40.758 0.0000000000
91031  -36.410  -23.559  39.598 0.0000000000
91036  -23.777  -24.049  38.184 0.0000000000
91037  -24.134  -23.874  38.361 0.0000000000
91044  -35.022  -24.170  38.504 0.0000000000
91053  -23.778  -24.117  37.947 0.0000000000
91059  -27.819  -23.736  37.899 0.0000000000
91071  -24.423  -23.981  37.525 0.0000000000
91072  -24.899  -23.871  37.303 0.0000000000
91114  -26.255  -24.024  35.917 0.0000000000
92396  -27.208  -22.989  48.615 0.0000000000
92414  -25.985  -22.750  47.411 0.0000000000
92433  -24.954  -22.752  46.149 0.0000000000
92436  -26.361  -23.148  47.240 0.0000000000
92474  -24.619  -22.888  45.131 0.0000000000
92475  -25.118  -23.175  45.359 0.0000000000
92483  -41.023  -22.697  44.971 0.0000000000
92491  -20.282  -23.003  44.575 0.0000000000
92497  -24.594  -23.093  44.512 0.0000000000
92507  -43.337  -22.646  44.261 0.0000000000
92519  -23.086  -22.764  43.654 0.0000000000
92527  -44.822  -22.495  43.258 0.0000000000
92539  -23.819  -23.314  43.135 0.0000000000
92542  -41.146  -23.324  42.418 0.0000000000
92557  -23.242  -23.326  42.527 0.0000000000
92562  -42.823  -22.664  42.204 0.0000000000
92564  -44.079  -22.429  42.377 0.0000000000
92582  -39.340  -22.355  40.431 0.0000000000
92602  -36.201  -22.461  38.015 0.0000000000
92609  -34.223  -23.136  36.199 0.0000000000
93987  -26.462  -22.379  48.736 0.0000000000
94006  -25.357  -22.339  47.401 0.0000000000
94007  -25.829  -22.457  47.832 0.0000000000
94063  -21.636  -21.797  45.176 0.0000000000
94067  -24.489  -22.696  45.489 0.0000000000
94088  -23.903  -22.653  44.735 0.0000000000
94102  -43.559  -22.182  44.008 0.0000000000
94112  -23.221  -22.608  44.095 0.0000000000
94125  -42.724  -21.733  43.832 0.0000000000
94127  -43.791  -21.802  43.682 0.0000000000
94128  -44.276  -21.952  43.657 0.0000000000
94151  -44.749  -22.404  42.703 0.0000000000
94152  -45.078  -21.949  42.863 0.0000000000
94176  -45.384  -21.688  42.171 0.0000000000
94200  -40.990  -22.153  40.958 0.0000000000
94206  -45.332  -21.562  41.867 0.0000000000
94229  -41.455  -21.738  40.484 0.0000000000
94243  -38.320  -22.101  39.304 0.0000000000
94259  -36.863  -22.279  38.464 0.0000000000
94288  -35.892  -22.221  37.199 0.0000000000
94290  -36.999  -21.832  37.540 0.0000000000
94305  -36.034  -21.789  36.206 0.0000000000
94335  -35.166  -21.683  33.991 0.0000000000
95606  -23.283  -20.691  49.377 0.0000000000
95648  -24.342  -21.728  47.655 0.0000000000
95684  -23.141  -21.648  46.132 0.0000000000
95685  -23.519  -21.810  46.214 0.0000000000
95702  -22.055  -21.530  45.627 0.0000000000
95746  -44.490  -21.642  43.490 0.0000000000
95763  -43.587  -20.834  43.102 0.0000000000
95780  -45.694  -21.276  42.099 0.0000000000
95781  -45.783  -21.019  42.411 0.0000000000
95797  -43.272  -21.457  40.936 0.0000000000
95825  -45.242  -20.979  41.090 0.0000000000
95859  -38.685  -21.596  38.198 0.0000000000
95878  -37.735  -21.670  37.761 0.0000000000
95896  -37.056  -21.680  37.120 0.0000000000
95928  -36.401  -21.527  35.958 0.0000000000
95966  -36.863  -20.624  33.337 0.0000000000
97192  -23.404  -20.626  49.657 0.0000000000
97300  -42.370  -20.796  43.588 0.0000000000
97302  -43.348  -20.766  43.106 0.0000000000
97319  -44.995  -20.498  42.728 0.0000000000
97333  -45.962  -20.287  42.120 0.0000000000
97360  -43.025  -20.565  39.803 0.0000000000
97424  -39.587  -20.686  36.726 0.0000000000
97450  -38.271  -20.707  35.202 0.0000000000
97453  -39.948  -19.642  35.608 0.0000000000
97471  -39.333  -19.727  34.885 0.0000000000
97502  -36.754  -20.565  33.067 0.0000000000
97517  -36.128  -20.677  32.340 0.0000000000
97520  -37.574  -19.600  32.563 0.0000000000
97545  -35.322  -20.508  30.830 0.0000000000
98821  -46.553  -19.620  41.375 0.0000000000
98834  -44.797  -19.754  39.867 0.0000000000
98853  -45.778  -19.384  40.059 0.0000000000
98870  -43.703  -19.116  38.869 0.0000000000
98934  -40.037  -18.748  34.941 0.0000000000
98946  -38.323  -19.690  33.692 0.0000000000
98982  -36.786  -19.583  31.555 0.0000000000
100413  -45.941  -18.774  39.778 0.0000000000
100425  -43.029  -18.742  38.162 0.0000000000
100496  -40.224  -18.216  34.814 0.0000000000
100504  -39.032  -18.775  33.682 0.0000000000
101869  -47.363  -17.493  40.891 0.0000000000
101886  -45.792  -17.930  39.384 0.0000000000
101895  -43.578  -18.037  38.170 0.0000000000
101910  -43.234  -17.751  37.790 0.0000000000
101936  -41.753  -17.706  36.350 0.0000000000
101959  -40.802  -17.561  35.041 0.0000000000
101983  -39.369  -17.590  33.295 0.0000000000
101994  -38.369  -17.996  32.175 0.0000000000
102006  -38.529  -17.539  32.069 0.0000000000
103302  -45.973  -17.333  39.307 0.0000000000
103334  -43.405  -17.175  37.700 0.0000000000
103369  -41.594  -17.400  35.996 0.0000000000
103370  -41.925  -17.262  36.244 0.0000000000
103401  -41.012  -17.126  34.956 0.0000000000
103441  -39.493  -17.108  33.087 0.0000000000
103442  -39.867  -16.906  33.453 0.0000000000
103457  -39.177  -17.027  32.640 0.0000000000
103466  -38.223  -17.111  31.351 0.0000000000
104727  -42.179  -16.462  36.098 0.0000000000
104775  -40.783  -16.407  34.219 0.0000000000
104793  -39.321  -16.580  32.499 0.0000000000
106076  -43.562  -16.190  37.475 0.0000000000
106105  -42.308  -16.132  36.099 0.0000000000
106117  -42.154  -16.001  35.794 0.0000000000
106130  -41.325  -15.923  34.632 0.0000000000
106162  -40.596  -15.758  33.430 0.0000000000
107402  -48.159  -14.139  39.431 0.0000000000
107460  -42.884  -15.186  35.964 0.0000000000
107493  -42.964  -14.748  35.132 0.0000000000
107508  -42.039  -14.813  34.030 0.0000000000
107548  -40.782  -14.726  32.188 0.0000000000
107557  -38.955  -14.928  29.752 0.0000000000
107569  -39.086  -14.585  28.891 0.0000000000
108728  -48.278  -13.721  39.638 0.0000000000
108757  -47.854  -13.884  38.853 0.0000000000
108770  -46.670  -13.846  37.787 0.0000000000
108815  -43.442  -14.557  35.298 0.0000000000
108839  -42.262  -14.599  33.958 0.0000000000
108857  -44.209  -13.647  33.448 0.0000000000
108869  -41.313  -14.456  32.462 0.0000000000
108898  -56.938  -13.407  30.411 0.0000000000
108902  -39.864  -14.402  30.024 0.0000000000
108905  -56.754  -13.578  30.311 0.0000000000
108907  -57.641  -13.661  29.697 0.0000000000
108920  -39.163  -14.404  28.392 0.0000000000
110130  -46.208  -13.642  36.977 0.0000000000
110194  -51.772  -12.850  33.071 0.0000000000
110195  -52.402  -12.924  33.020 0.0000000000
110277  -56.614  -13.215  30.649 0.0000000000
110278  -57.060  -13.064  30.253 0.0000000000
110291  -57.836  -13.467  29.453 0.0000000000
110301  -57.734  -12.775  29.249 0.0000000000
111593  -47.753  -12.271  37.576 0.0000000000
111652  -47.401  -12.189  34.266 0.0000000000
111742  -44.401  -12.780  30.654 0.0000000000
111776  -52.291  -11.920  30.248 0.0000000000
111781  -56.570  -12.206  30.415 0.0000000000
111793  -42.962  -12.807  29.608 0.0000000000
111800  -53.899  -11.990  29.260 0.0000000000
111803  -57.384  -12.271  29.214 0.0000000000
111816  -42.325  -12.729  28.493 0.0000000000
111825  -57.699  -12.211  28.708 0.0000000000
111842  -44.344  -11.990  27.960 0.0000000000
113265  -52.621  -12.111  33.137 0.0000000000
113288  -51.768  -11.039  32.664 0.0000000000
113291  -53.990  -11.863  32.546 0.0000000000
113292  -54.451  -12.251  32.474 0.0000000000
113362  -56.936  -11.805  29.535 0.0000000000
113402  -44.882  -11.931  28.402 0.0000000000
113416  -57.385  -11.691  28.626 0.0000000000
114845  -53.985  -11.373  32.288 0.0000000000
114866  -54.884  -10.978  31.346 0.0000000000
114889  -55.459  -10.859  30.734 0.0000000000
116320  -49.407  -9.658  34.000 0.0000000000
116350  -52.090  -10.198  32.016 0.0000000000
116365  -51.905  -9.789  31.705 0.0000000000
116367  -53.121  -10.167  31.496 0.0000000000
116387  -53.352  -9.841  31.102 0.0000000000
116405  -54.958  -9.788  30.504 0.0000000000
117813  -48.764  -9.542  36.065 0.0000000000
117854  -51.264  -8.795  31.495 0.0000000000
117856  -52.512  -9.574  31.195 0.0000000000
117865  -52.851  -9.240  30.839 0.0000000000
117867  -54.241  -9.334  30.615 0.0000000000
117879  -54.347  -8.956  30.328 0.0000000000
117905  -54.754  -8.903  28.142 0.0000000000
117931  -52.894  -8.822  26.843 0.0000000000
117942  -48.377  -8.652  25.721 0.0000000000
117943  -48.633  -8.760  25.754 0.0000000000
117945  -50.001  -8.957  25.818 0.0000000000
117961  -47.910  -8.649  25.245 0.0000000000
117964  -49.504  -9.104  25.200 0.0000000000
117989  -48.318  -8.990  24.798 0.0000000000
117990  -48.960  -9.125  24.624 0.0000000000
118020  -47.808  -8.855  24.346 0.0000000000
118062  -47.469  -8.991  22.672 0.0000000000
118074  -47.160  -8.915  22.028 0.0000000000
119357  -50.072  -8.465  34.452 0.0000000000
119391  -53.612  -8.798  30.476 0.0000000000
119415  -54.775  -8.367  28.823 0.0000000000
119426  -54.936  -8.639  28.616 0.0000000000
119442  -53.911  -8.537  27.784 0.0000000000
119455  -51.537  -8.347  26.985 0.0000000000
119457  -52.766  -8.402  27.144 0.0000000000
119465  -48.296  -8.461  25.986 0.0000000000
119469  -51.224  -8.638  26.510 0.0000000000
119480  -47.163  -8.028  25.012 0.0000000000
119481  -47.696  -8.424  25.317 0.0000000000
119482  -47.968  -8.477  25.671 0.0000000000
119494  -46.915  -8.110  24.255 0.0000000000
119495  -47.437  -8.480  24.646 0.0000000000
119540  -46.786  -8.392  22.920 0.0000000000
119549  -46.308  -8.206  21.865 0.0000000000
119550  -46.853  -8.630  22.337 0.0000000000
119551  -47.058  -8.678  22.786 0.0000000000
120850  -50.351  -7.934  35.077 0.0000000000
120884  -50.914  -7.872  32.307 0.0000000000
120900  -53.297  -7.338  30.207 0.0000000000
120918  -49.406  -6.954  28.201 0.0000000000
120923  -53.599  -7.304  28.172 0.0000000000
120948  -47.799  -7.156  26.602 0.0000000000
120958  -47.305  -7.315  25.733 0.0000000000
120960  -48.022  -7.954  26.390 0.0000000000
120971  -47.160  -7.448  25.424 0.0000000000
121021  -46.233  -7.585  22.908 0.0000000000
121022  -46.482  -8.003  23.117 0.0000000000
122318  -51.122  -7.090  32.988 0.0000000000
122327  -52.156  -6.473  31.137 0.0000000000
122333  -52.043  -6.964  30.947 0.0000000000
122335  -53.125  -6.255  30.587 0.0000000000
122350  -51.440  -6.153  29.101 0.0000000000
122360  -51.028  -6.694  28.795 0.0000000000
122363  -53.495  -6.966  28.250 0.0000000000
122376  -52.921  -7.179  27.958 0.0000000000
122407  -47.191  -6.688  25.480 0.0000000000
122431  -46.185  -7.174  23.099 0.0000000000
122454  -46.256  -6.690  22.731 0.0000000000
122467  -46.053  -6.940  21.854 0.0000000000
122468  -46.142  -6.751  22.287 0.0000000000
123720  -52.259  -5.540  33.137 0.0000000000
123730  -51.902  -6.196  31.956 0.0000000000
123740  -53.095  -5.452  31.130 0.0000000000
123753  -53.733  -5.393  30.354 0.0000000000
123766  -53.597  -6.022  30.288 0.0000000000
123783  -50.267  -5.410  29.138 0.0000000000
123786  -52.610  -5.614  29.086 0.0000000000
123806  -52.249  -6.026  28.975 0.0000000000
123809  -53.791  -6.558  28.563 0.0000000000
123834  -47.819  -6.129  26.499 0.0000000000
123842  -47.622  -6.154  26.042 0.0000000000
123852  -47.040  -6.436  25.014 0.0000000000
123867  -46.972  -6.346  24.661 0.0000000000
123883  -46.870  -6.135  23.842 0.0000000000
123911  -46.330  -6.287  22.045 0.0000000000
123917  -46.120  -6.548  21.454 0.0000000000
123924  -46.146  -6.499  20.773 0.0000000000
123938  -46.381  -5.897  19.726 0.0000000000
125213  -52.945  -4.886  32.155 0.0000000000
125233  -53.505  -4.846  31.222 0.0000000000
125250  -53.359  -5.209  31.042 0.0000000000
125269  -51.661  -4.547  29.827 0.0000000000
125286  -49.705  -4.944  28.715 0.0000000000
125290  -52.385  -5.106  29.448 0.0000000000
125411  -47.297  -5.044  21.188 0.0000000000
126620  -52.743  -4.138  33.648 0.0000000000
126668  -52.962  -4.699  32.452 0.0000000000
126670  -53.744  -3.986  31.698 0.0000000000
126692  -53.441  -4.631  31.530 0.0000000000
126739  -51.905  -4.584  29.802 0.0000000000
126740  -52.187  -4.605  29.745 0.0000000000
126741  -52.771  -4.636  29.593 0.0000000000
126769  -48.566  -4.775  27.033 0.0000000000
126837  -49.102  -3.858  22.287 0.0000000000
128190  -53.905  -3.577  31.425 0.0000000000
128204  -53.994  -3.749  30.800 0.0000000000
128219  -51.412  -3.478  30.004 0.0000000000
128221  -52.889  -3.570  29.988 0.0000000000
128222  -53.687  -3.675  30.082 0.0000000000
129566  -53.694  -2.830  31.201 0.0000000000
129578  -53.544  -2.912  30.540 0.0000000000
129579  -53.878  -3.226  30.625 0.0000000000
129596  -53.219  -3.114  30.219 0.0000000000
129706  -50.455  -2.812  21.924 0.0000000000
131003  -50.386  -1.770  20.200 0.0000000000
