#!ascii label  , from subject FS6EXPERT_subj01_ver10 vox2ras=TkReg
947
93955  -17.697  -21.826  50.323 0.0000000000
109965  -41.812  -13.712  45.434 0.0000000000
119260  -45.017  -8.630  40.495 0.0000000000
126618  -50.321  -4.598  33.852 0.0000000000
100309  -40.256  -17.916  45.932 0.0000000000
122263  -47.701  -6.610  37.201 0.0000000000
129644  -47.405  -2.648  25.502 0.0000000000
132237  -51.119  -0.949  24.279 0.0000000000
107356  -44.193  -14.973  41.912 0.0000000000
113080  -46.874  -11.862  41.120 0.0000000000
117680  -42.425  -9.771  43.309 0.0000000000
100232  -19.281  -18.566  50.902 0.0000000000
100236  -23.612  -18.910  50.940 0.0000000000
97144  -28.003  -20.757  50.979 0.0000000000
92347  -32.389  -22.949  50.633 0.0000000000
92386  -36.720  -22.879  49.550 0.0000000000
95655  -39.699  -21.133  47.468 0.0000000000
101843  -42.126  -18.610  44.417 0.0000000000
117751  -49.064  -9.041  38.829 0.0000000000
133630  -53.072  -0.618  23.995 0.0000000000
108673  -43.072  -13.986  43.445 0.0000000000
111507  -43.847  -12.423  42.710 0.0000000000
113038  -42.126  -11.567  44.180 0.0000000000
100250  -19.240  -18.582  49.230 0.0000000000
101773  -21.523  -18.126  50.837 0.0000000000
95634  -37.080  -21.616  48.174 0.0000000000
93994  -38.394  -22.401  48.577 0.0000000000
97197  -38.377  -20.505  48.058 0.0000000000
105954  -41.163  -15.429  45.670 0.0000000000
101815  -41.814  -17.755  46.940 0.0000000000
105966  -42.685  -15.522  45.170 0.0000000000
104604  -42.906  -16.462  42.954 0.0000000000
117704  -45.926  -9.417  41.710 0.0000000000
116197  -48.156  -10.061  39.971 0.0000000000
120763  -47.237  -7.950  40.908 0.0000000000
123686  -48.729  -5.630  35.558 0.0000000000
123665  -50.362  -5.999  37.313 0.0000000000
125146  -51.778  -5.140  35.557 0.0000000000
126647  -52.917  -4.514  32.883 0.0000000000
129636  -48.868  -3.095  26.669 0.0000000000
129616  -48.596  -3.030  27.962 0.0000000000
97259  -38.968  -19.957  45.939 0.0000000000
122315  -48.076  -6.935  32.702 0.0000000000
130945  -48.336  -1.409  24.710 0.0000000000
128278  -49.943  -2.908  24.981 0.0000000000
130982  -51.933  -1.854  22.185 0.0000000000
104637  -46.795  -16.363  41.333 0.0000000000
110035  -45.633  -13.264  41.580 0.0000000000
114641  -44.505  -11.026  42.361 0.0000000000
97137  -18.821  -19.852  51.321 0.0000000000
95575  -24.632  -20.609  50.821 0.0000000000
98644  -25.839  -19.805  51.203 0.0000000000
93957  -26.830  -22.092  49.838 0.0000000000
90843  -29.129  -23.188  50.344 0.0000000000
89244  -31.043  -24.232  50.082 0.0000000000
87694  -33.567  -25.085  49.767 0.0000000000
92366  -34.671  -23.484  50.045 0.0000000000
87749  -37.980  -24.913  47.950 0.0000000000
98694  -40.213  -19.405  48.141 0.0000000000
98736  -41.315  -19.549  46.137 0.0000000000
95742  -42.276  -21.353  43.831 0.0000000000
98791  -43.814  -19.571  42.418 0.0000000000
101859  -45.113  -17.947  41.831 0.0000000000
123620  -48.842  -6.610  39.153 0.0000000000
126736  -48.859  -3.743  29.672 0.0000000000
129563  -51.338  -2.942  31.572 0.0000000000
95561  -18.005  -20.684  51.402 0.0000000000
108663  -42.780  -13.846  44.355 0.0000000000
109990  -42.765  -13.050  44.218 0.0000000000
111457  -42.153  -12.776  44.802 0.0000000000
95653  -37.329  -21.165  47.152 0.0000000000
95635  -37.872  -20.891  47.747 0.0000000000
95654  -37.995  -20.655  46.993 0.0000000000
107310  -41.251  -14.790  45.279 0.0000000000
107287  -41.845  -15.277  46.268 0.0000000000
108644  -42.451  -14.420  45.763 0.0000000000
105977  -42.793  -15.318  44.526 0.0000000000
119251  -46.549  -8.644  41.459 0.0000000000
122186  -46.194  -7.564  40.938 0.0000000000
125179  -49.484  -5.183  34.497 0.0000000000
126540  -50.628  -4.424  36.153 0.0000000000
128111  -51.104  -3.833  35.089 0.0000000000
125181  -52.442  -4.844  34.141 0.0000000000
129515  -51.889  -3.095  33.712 0.0000000000
128270  -49.006  -3.492  26.046 0.0000000000
128260  -48.902  -3.725  26.926 0.0000000000
126759  -48.667  -4.821  27.308 0.0000000000
132246  -48.520  -1.054  23.730 0.0000000000
132235  -49.691  -1.005  24.406 0.0000000000
130929  -49.647  -1.951  25.266 0.0000000000
130930  -50.439  -1.787  25.060 0.0000000000
128294  -50.526  -3.060  24.214 0.0000000000
129678  -51.553  -2.018  24.631 0.0000000000
132261  -53.352  -1.022  23.208 0.0000000000
106011  -45.359  -15.607  41.534 0.0000000000
107370  -46.313  -14.762  41.345 0.0000000000
107357  -44.882  -14.848  41.664 0.0000000000
114631  -43.411  -10.987  42.997 0.0000000000
113059  -44.168  -11.710  42.537 0.0000000000
116160  -43.721  -10.239  42.815 0.0000000000
117693  -44.015  -9.484  42.696 0.0000000000
119221  -42.999  -9.052  42.737 0.0000000000
98650  -19.728  -19.595  51.073 0.0000000000
100221  -20.003  -18.777  51.368 0.0000000000
100234  -22.234  -18.369  50.913 0.0000000000
97160  -27.693  -20.431  50.514 0.0000000000
97143  -27.312  -20.596  51.097 0.0000000000
95563  -25.893  -20.738  51.410 0.0000000000
93932  -27.660  -21.680  51.240 0.0000000000
92342  -27.712  -22.472  50.303 0.0000000000
93945  -28.245  -22.115  51.087 0.0000000000
90830  -31.677  -23.859  50.958 0.0000000000
89245  -31.995  -24.784  49.874 0.0000000000
89224  -33.096  -24.116  51.036 0.0000000000
93972  -35.869  -22.671  48.954 0.0000000000
92403  -34.944  -22.996  48.738 0.0000000000
92367  -35.456  -23.275  49.848 0.0000000000
89236  -35.498  -24.138  50.188 0.0000000000
89251  -36.569  -24.094  49.599 0.0000000000
87730  -37.328  -24.823  48.613 0.0000000000
89266  -37.372  -24.159  48.982 0.0000000000
94014  -39.138  -22.169  47.728 0.0000000000
92444  -38.918  -23.397  47.351 0.0000000000
94033  -39.671  -22.138  46.620 0.0000000000
95692  -40.018  -21.648  46.364 0.0000000000
100280  -39.233  -19.092  47.156 0.0000000000
101813  -39.992  -18.394  47.197 0.0000000000
101829  -42.073  -18.020  45.707 0.0000000000
100311  -41.665  -18.719  46.267 0.0000000000
98752  -41.566  -19.357  45.360 0.0000000000
98764  -41.308  -20.357  44.956 0.0000000000
98778  -42.182  -20.017  43.585 0.0000000000
100348  -42.518  -19.117  43.171 0.0000000000
106008  -43.392  -15.865  42.256 0.0000000000
103260  -43.963  -17.205  41.848 0.0000000000
104620  -44.315  -16.453  41.777 0.0000000000
103263  -46.186  -17.273  41.682 0.0000000000
100240  -18.375  -18.841  50.136 0.0000000000
100230  -18.230  -18.839  50.942 0.0000000000
98633  -18.334  -19.503  51.871 0.0000000000
110052  -47.477  -13.248  40.845 0.0000000000
111543  -47.663  -12.501  40.651 0.0000000000
116212  -48.722  -9.941  39.280 0.0000000000
120820  -46.848  -7.611  37.873 0.0000000000
122237  -47.539  -6.609  38.842 0.0000000000
123631  -48.067  -6.117  38.436 0.0000000000
122272  -50.935  -6.493  36.486 0.0000000000
122264  -50.230  -6.741  37.513 0.0000000000
129618  -49.657  -2.932  28.668 0.0000000000
128228  -48.501  -3.365  28.997 0.0000000000
129591  -49.611  -2.890  29.621 0.0000000000
126723  -49.762  -3.784  30.417 0.0000000000
129574  -50.566  -3.021  30.461 0.0000000000
129577  -53.034  -2.691  30.680 0.0000000000
133640  -51.269  -0.651  23.662 0.0000000000
133628  -52.262  -0.586  24.048 0.0000000000
133655  -52.327  -0.083  23.225 0.0000000000
134955  -53.407  0.744  22.959 0.0000000000
107344  -43.189  -14.907  42.802 0.0000000000
108686  -44.095  -13.587  42.332 0.0000000000
108674  -43.390  -13.583  43.088 0.0000000000
111491  -42.970  -12.532  43.723 0.0000000000
114622  -42.344  -10.896  43.732 0.0000000000
101769  -19.196  -18.495  50.302 0.0000000000
101764  -20.386  -18.381  51.139 0.0000000000
100243  -22.635  -18.591  50.288 0.0000000000
93993  -36.679  -22.068  48.672 0.0000000000
92387  -37.530  -22.792  49.125 0.0000000000
95614  -37.563  -21.650  48.732 0.0000000000
93976  -38.460  -21.567  48.614 0.0000000000
95637  -39.362  -21.129  48.063 0.0000000000
103227  -40.672  -16.850  45.602 0.0000000000
103206  -40.670  -17.476  47.175 0.0000000000
104530  -41.923  -16.470  46.915 0.0000000000
103222  -42.243  -16.999  46.070 0.0000000000
103235  -42.453  -17.041  44.943 0.0000000000
103247  -42.672  -17.188  43.333 0.0000000000
104590  -42.744  -16.336  43.674 0.0000000000
105997  -42.950  -15.641  43.119 0.0000000000
98676  -18.162  -19.165  49.489 0.0000000000
116181  -46.352  -10.565  41.304 0.0000000000
114666  -47.405  -11.060  40.661 0.0000000000
116183  -47.084  -9.770  40.925 0.0000000000
117731  -47.830  -9.308  40.308 0.0000000000
119275  -48.556  -8.481  39.617 0.0000000000
123677  -48.190  -6.186  36.001 0.0000000000
125111  -48.814  -5.407  37.580 0.0000000000
125128  -49.492  -4.979  36.728 0.0000000000
125130  -50.996  -5.118  36.498 0.0000000000
129634  -47.917  -2.691  26.287 0.0000000000
129625  -47.941  -2.977  27.009 0.0000000000
129626  -48.494  -2.986  27.218 0.0000000000
128240  -49.390  -3.486  28.182 0.0000000000
108662  -41.087  -13.958  44.036 0.0000000000
105987  -41.106  -15.252  44.090 0.0000000000
120798  -45.677  -8.298  39.794 0.0000000000
122276  -47.295  -7.126  35.938 0.0000000000
122285  -47.687  -6.678  34.726 0.0000000000
122298  -48.223  -6.531  33.816 0.0000000000
123717  -49.498  -5.650  33.207 0.0000000000
129656  -47.663  -2.138  25.087 0.0000000000
129646  -48.458  -2.315  25.814 0.0000000000
129647  -49.027  -2.772  25.799 0.0000000000
126785  -48.860  -3.970  25.463 0.0000000000
130958  -52.454  -1.824  23.997 0.0000000000
130970  -51.895  -2.133  22.969 0.0000000000
106023  -47.284  -15.563  41.148 0.0000000000
108712  -46.614  -14.016  41.231 0.0000000000
111526  -45.996  -12.529  41.484 0.0000000000
110033  -44.420  -13.147  42.174 0.0000000000
111525  -45.397  -12.503  41.759 0.0000000000
114643  -45.529  -11.033  41.815 0.0000000000
116171  -45.198  -10.185  42.032 0.0000000000
119237  -44.746  -8.662  41.943 0.0000000000
111489  -40.759  -12.336  43.367 0.0000000000
114619  -40.598  -11.065  43.255 0.0000000000
117689  -41.241  -9.264  42.601 0.0000000000
97168  -18.535  -20.470  50.567 0.0000000000
97169  -19.017  -20.299  50.143 0.0000000000
95609  -25.448  -21.722  49.129 0.0000000000
100264  -22.536  -18.731  48.867 0.0000000000
100254  -23.611  -18.962  49.671 0.0000000000
98657  -24.844  -19.472  50.797 0.0000000000
95593  -26.151  -21.677  49.959 0.0000000000
89274  -29.301  -24.104  48.711 0.0000000000
89261  -30.184  -24.235  49.400 0.0000000000
92363  -32.385  -22.927  49.933 0.0000000000
92382  -33.720  -23.370  49.389 0.0000000000
92349  -33.957  -23.606  50.561 0.0000000000
89234  -34.476  -24.456  50.492 0.0000000000
87695  -34.429  -24.960  49.938 0.0000000000
90872  -38.196  -23.533  48.337 0.0000000000
97231  -38.520  -20.208  46.825 0.0000000000
97214  -38.983  -19.910  47.895 0.0000000000
97234  -40.322  -20.253  47.467 0.0000000000
100282  -41.187  -18.532  47.463 0.0000000000
98709  -40.916  -19.402  47.423 0.0000000000
97247  -40.488  -20.626  46.674 0.0000000000
95694  -40.808  -20.998  45.554 0.0000000000
94099  -41.634  -22.098  44.436 0.0000000000
97320  -45.570  -20.482  42.537 0.0000000000
101850  -43.280  -18.442  42.392 0.0000000000
98806  -44.409  -19.186  42.152 0.0000000000
97334  -46.130  -19.809  42.024 0.0000000000
100374  -46.656  -18.803  41.530 0.0000000000
97136  -18.398  -20.062  51.674 0.0000000000
122221  -46.702  -7.251  39.888 0.0000000000
122207  -47.926  -7.290  40.169 0.0000000000
120802  -49.193  -7.773  38.944 0.0000000000
123649  -49.208  -5.791  38.268 0.0000000000
120814  -49.559  -7.682  38.315 0.0000000000
119301  -49.481  -8.392  38.000 0.0000000000
122317  -49.145  -6.459  31.948 0.0000000000
123729  -49.910  -5.421  32.521 0.0000000000
128248  -47.530  -3.771  27.515 0.0000000000
126747  -47.692  -4.312  28.340 0.0000000000
125267  -49.195  -4.791  30.234 0.0000000000
126690  -50.435  -4.328  31.511 0.0000000000
126667  -50.850  -4.075  32.466 0.0000000000
129558  -52.618  -2.444  32.237 0.0000000000
109977  -42.064  -13.387  45.179 0.0000000000
109978  -42.520  -13.210  44.755 0.0000000000
111455  -41.467  -12.787  44.926 0.0000000000
95671  -36.856  -21.402  46.258 0.0000000000
95672  -37.680  -20.952  46.333 0.0000000000
108642  -41.514  -14.180  45.554 0.0000000000
108643  -42.072  -14.142  45.704 0.0000000000
108652  -42.221  -13.814  45.422 0.0000000000
108653  -42.522  -13.997  45.266 0.0000000000
119250  -44.862  -8.459  41.178 0.0000000000
120761  -45.981  -7.728  41.087 0.0000000000
120760  -45.389  -8.063  40.803 0.0000000000
125180  -49.915  -4.900  34.186 0.0000000000
126588  -50.246  -4.466  34.550 0.0000000000
126619  -50.691  -4.153  34.144 0.0000000000
128113  -51.995  -3.685  34.552 0.0000000000
128164  -51.117  -3.751  33.747 0.0000000000
126778  -48.735  -4.104  26.239 0.0000000000
126770  -48.700  -4.326  26.830 0.0000000000
132249  -50.716  -0.771  23.978 0.0000000000
132236  -50.394  -0.969  24.393 0.0000000000
132220  -50.037  -1.327  24.878 0.0000000000
132221  -50.681  -1.287  24.768 0.0000000000
129660  -50.891  -2.091  24.827 0.0000000000
132222  -51.234  -1.271  24.685 0.0000000000
106010  -44.611  -15.674  41.703 0.0000000000
116150  -42.632  -10.313  43.388 0.0000000000
116151  -43.123  -10.327  43.093 0.0000000000
117692  -43.305  -9.588  42.951 0.0000000000
117691  -42.690  -9.427  43.050 0.0000000000
100220  -19.339  -18.780  51.254 0.0000000000
100235  -22.956  -18.723  50.909 0.0000000000
100225  -22.628  -18.846  51.384 0.0000000000
97159  -26.891  -20.207  50.563 0.0000000000
95564  -26.849  -21.170  51.318 0.0000000000
95565  -27.818  -21.149  51.250 0.0000000000
93933  -28.390  -21.648  51.461 0.0000000000
92334  -31.513  -22.746  51.059 0.0000000000
90818  -31.594  -23.384  51.353 0.0000000000
92335  -32.338  -23.144  51.256 0.0000000000
90819  -32.340  -23.769  51.230 0.0000000000
92336  -32.733  -23.466  51.255 0.0000000000
92385  -35.948  -22.878  49.435 0.0000000000
92368  -36.003  -23.117  49.940 0.0000000000
90848  -36.274  -23.686  49.897 0.0000000000
90849  -36.748  -23.574  49.635 0.0000000000
89252  -37.050  -24.020  49.306 0.0000000000
90860  -37.223  -23.485  49.304 0.0000000000
93996  -39.313  -21.669  47.794 0.0000000000
92425  -39.201  -22.462  47.456 0.0000000000
94015  -39.460  -21.987  47.289 0.0000000000
95674  -39.830  -21.471  46.864 0.0000000000
100296  -39.657  -18.735  46.894 0.0000000000
101820  -40.058  -18.235  46.740 0.0000000000
101836  -42.147  -18.245  44.876 0.0000000000
100324  -41.853  -18.734  45.483 0.0000000000
100336  -41.912  -18.988  44.801 0.0000000000
100347  -42.110  -19.116  44.075 0.0000000000
101844  -42.321  -18.107  43.903 0.0000000000
106009  -43.924  -15.743  41.921 0.0000000000
104621  -45.076  -16.423  41.660 0.0000000000
100231  -18.934  -18.643  50.714 0.0000000000
100219  -18.643  -18.948  51.440 0.0000000000
111542  -47.174  -12.541  41.027 0.0000000000
113081  -47.378  -11.831  40.873 0.0000000000
116213  -48.944  -9.467  39.018 0.0000000000
116233  -48.901  -10.234  38.865 0.0000000000
116234  -49.066  -9.771  38.640 0.0000000000
116251  -49.178  -9.658  37.995 0.0000000000
122262  -47.284  -7.104  37.559 0.0000000000
122252  -47.620  -6.578  38.017 0.0000000000
128268  -46.985  -3.296  25.724 0.0000000000
129609  -50.032  -2.910  29.133 0.0000000000
129608  -49.365  -2.899  28.972 0.0000000000
129592  -50.245  -2.872  29.830 0.0000000000
108684  -43.161  -14.437  43.035 0.0000000000
108685  -43.596  -14.027  42.619 0.0000000000
111475  -42.503  -12.396  44.366 0.0000000000
113048  -42.699  -11.661  43.819 0.0000000000
114613  -42.057  -11.071  43.924 0.0000000000
101778  -19.416  -18.460  49.929 0.0000000000
101797  -22.004  -18.495  49.167 0.0000000000
95633  -36.470  -21.919  47.852 0.0000000000
93992  -36.162  -22.268  48.367 0.0000000000
93974  -37.130  -22.103  49.007 0.0000000000
95615  -38.087  -21.180  48.482 0.0000000000
95616  -38.803  -21.163  48.481 0.0000000000
95636  -39.061  -21.285  48.340 0.0000000000
97199  -39.101  -20.711  48.420 0.0000000000
104554  -41.079  -15.950  45.915 0.0000000000
104541  -40.993  -16.363  46.174 0.0000000000
105929  -41.351  -16.194  46.602 0.0000000000
105955  -42.435  -15.673  45.853 0.0000000000
104555  -42.235  -16.404  46.188 0.0000000000
104567  -42.485  -16.448  45.504 0.0000000000
103229  -42.279  -17.283  45.577 0.0000000000
103240  -42.509  -17.069  44.174 0.0000000000
104578  -42.681  -16.179  44.569 0.0000000000
107333  -42.836  -14.699  44.075 0.0000000000
105988  -42.841  -15.505  43.897 0.0000000000
107343  -42.968  -14.859  43.383 0.0000000000
100249  -18.658  -18.859  49.378 0.0000000000
117716  -46.324  -9.986  41.352 0.0000000000
117717  -46.678  -9.367  41.248 0.0000000000
119252  -47.025  -8.627  41.110 0.0000000000
119261  -47.545  -8.594  40.615 0.0000000000
119262  -48.106  -8.549  40.152 0.0000000000
120780  -47.744  -7.896  40.405 0.0000000000
123678  -48.572  -5.697  36.498 0.0000000000
125143  -49.000  -5.297  36.316 0.0000000000
126541  -51.293  -4.600  35.941 0.0000000000
125131  -51.487  -5.167  35.996 0.0000000000
123679  -51.354  -5.884  36.143 0.0000000000
123697  -51.988  -5.771  34.561 0.0000000000
129635  -48.464  -2.746  26.496 0.0000000000
107332  -41.112  -14.641  43.693 0.0000000000
122284  -47.145  -7.070  35.117 0.0000000000
120865  -47.325  -7.297  33.119 0.0000000000
122306  -47.794  -6.940  33.276 0.0000000000
123708  -48.796  -6.121  33.593 0.0000000000
122307  -48.421  -6.605  33.090 0.0000000000
132234  -48.883  -1.167  24.454 0.0000000000
132233  -48.280  -1.179  24.307 0.0000000000
130944  -47.805  -1.531  24.459 0.0000000000
130927  -48.124  -1.750  24.971 0.0000000000
129657  -48.161  -2.069  25.347 0.0000000000
130928  -48.740  -1.703  25.193 0.0000000000
129658  -49.626  -2.640  25.254 0.0000000000
130917  -49.326  -2.388  25.451 0.0000000000
128277  -49.477  -3.340  25.145 0.0000000000
128304  -50.687  -3.058  24.004 0.0000000000
133629  -52.793  -0.520  24.082 0.0000000000
130947  -52.304  -1.421  24.372 0.0000000000
130959  -52.803  -1.284  24.158 0.0000000000
132260  -52.903  -1.388  22.767 0.0000000000
130971  -52.639  -1.726  23.287 0.0000000000
104638  -47.445  -16.360  40.906 0.0000000000
104650  -47.534  -16.424  40.250 0.0000000000
108700  -45.938  -14.022  41.406 0.0000000000
110050  -46.277  -13.272  41.340 0.0000000000
110018  -43.975  -13.125  42.511 0.0000000000
113068  -44.636  -11.728  42.174 0.0000000000
113069  -45.187  -11.754  41.922 0.0000000000
114642  -44.971  -11.043  42.085 0.0000000000
116170  -44.777  -10.592  42.221 0.0000000000
119223  -44.249  -8.850  42.529 0.0000000000
117694  -44.605  -9.320  42.377 0.0000000000
97151  -18.466  -20.315  51.117 0.0000000000
97152  -19.017  -19.938  50.857 0.0000000000
98651  -20.413  -19.505  51.035 0.0000000000
101772  -20.777  -18.151  50.706 0.0000000000
101765  -21.016  -18.321  51.248 0.0000000000
95590  -23.963  -20.659  50.101 0.0000000000
95591  -24.431  -20.829  50.299 0.0000000000
95608  -24.553  -21.242  49.312 0.0000000000
95592  -25.269  -21.277  50.114 0.0000000000
100265  -23.294  -18.989  48.965 0.0000000000
98643  -25.205  -19.764  51.221 0.0000000000
97141  -25.618  -20.172  51.475 0.0000000000
95578  -26.647  -21.565  50.631 0.0000000000
95577  -25.982  -21.226  50.791 0.0000000000
95610  -26.000  -21.865  49.390 0.0000000000
93969  -26.608  -22.246  49.209 0.0000000000
92375  -26.868  -22.611  48.909 0.0000000000
90842  -28.558  -23.055  50.088 0.0000000000
92377  -27.824  -22.941  49.498 0.0000000000
90857  -28.437  -23.346  49.533 0.0000000000
90871  -28.789  -23.760  48.991 0.0000000000
90858  -29.301  -23.752  49.517 0.0000000000
90829  -30.888  -23.672  50.767 0.0000000000
90845  -30.613  -23.927  50.245 0.0000000000
89262  -31.107  -24.784  49.056 0.0000000000
89246  -32.985  -24.858  50.194 0.0000000000
87693  -32.750  -25.128  49.488 0.0000000000
87708  -33.313  -25.197  48.931 0.0000000000
92383  -34.472  -23.303  49.375 0.0000000000
92365  -33.825  -23.416  50.043 0.0000000000
90833  -34.188  -23.960  50.843 0.0000000000
92350  -34.420  -23.677  50.541 0.0000000000
87697  -35.625  -24.661  49.755 0.0000000000
87696  -35.229  -24.855  49.763 0.0000000000
87710  -35.015  -25.146  49.176 0.0000000000
87748  -37.164  -25.362  47.924 0.0000000000
92404  -38.087  -22.842  48.703 0.0000000000
90873  -38.565  -23.222  48.067 0.0000000000
97246  -38.910  -19.793  46.539 0.0000000000
98707  -39.528  -19.033  47.774 0.0000000000
98692  -39.257  -19.497  47.861 0.0000000000
98693  -39.560  -19.357  47.997 0.0000000000
97215  -39.567  -20.283  48.128 0.0000000000
97216  -40.210  -19.926  48.000 0.0000000000
101808  -41.476  -17.668  47.314 0.0000000000
101807  -40.838  -18.020  47.541 0.0000000000
100283  -41.546  -18.061  47.200 0.0000000000
100297  -41.326  -18.927  46.937 0.0000000000
98722  -41.143  -19.484  46.857 0.0000000000
97248  -40.890  -20.065  46.754 0.0000000000
97261  -40.861  -20.529  45.993 0.0000000000
97260  -40.496  -20.909  46.253 0.0000000000
97288  -41.866  -20.726  44.017 0.0000000000
97287  -41.357  -20.861  44.644 0.0000000000
95728  -41.743  -21.453  44.207 0.0000000000
97317  -43.479  -20.393  42.884 0.0000000000
98792  -44.653  -19.856  42.388 0.0000000000
101849  -42.870  -18.061  42.755 0.0000000000
101856  -43.128  -17.585  42.362 0.0000000000
101858  -44.366  -17.937  41.864 0.0000000000
100371  -44.764  -18.632  41.948 0.0000000000
98808  -45.787  -19.545  42.107 0.0000000000
100372  -45.464  -18.699  41.967 0.0000000000
98821  -46.553  -19.620  41.375 0.0000000000
100373  -46.126  -18.747  41.859 0.0000000000
104623  -46.447  -16.819  41.537 0.0000000000
103275  -46.756  -17.259  41.483 0.0000000000
103276  -47.236  -17.094  41.133 0.0000000000
98634  -18.935  -19.414  51.537 0.0000000000
114667  -47.953  -10.914  40.216 0.0000000000
113088  -47.830  -11.733  40.453 0.0000000000
120799  -46.088  -7.899  39.601 0.0000000000
122220  -46.266  -7.528  40.226 0.0000000000
123619  -48.177  -6.371  39.221 0.0000000000
122222  -47.553  -6.867  39.705 0.0000000000
122223  -48.429  -7.065  39.663 0.0000000000
120801  -48.784  -7.784  39.463 0.0000000000
122224  -49.042  -7.178  39.270 0.0000000000
125100  -49.496  -5.483  37.886 0.0000000000
123650  -49.837  -6.137  37.961 0.0000000000
120822  -49.940  -7.505  37.723 0.0000000000
119302  -49.749  -8.089  37.679 0.0000000000
120821  -49.692  -7.924  37.934 0.0000000000
119311  -49.581  -8.529  37.460 0.0000000000
123728  -49.499  -5.982  32.213 0.0000000000
123736  -49.660  -5.713  31.537 0.0000000000
128249  -48.090  -3.165  27.660 0.0000000000
126735  -48.424  -3.976  29.273 0.0000000000
126748  -48.010  -4.035  28.774 0.0000000000
126734  -48.006  -4.483  28.932 0.0000000000
125285  -48.307  -4.957  29.299 0.0000000000
125266  -48.697  -4.667  29.693 0.0000000000
128202  -50.343  -3.346  30.682 0.0000000000
126708  -50.187  -3.878  30.862 0.0000000000
126709  -50.550  -3.866  31.308 0.0000000000
126691  -50.745  -3.912  31.759 0.0000000000
128187  -51.181  -3.440  32.089 0.0000000000
128175  -51.562  -3.137  32.701 0.0000000000
129564  -51.930  -2.478  31.644 0.0000000000
110003  -42.960  -13.315  43.817 0.0000000000
111474  -41.904  -12.259  44.571 0.0000000000
95652  -36.609  -21.651  47.288 0.0000000000
107299  -41.379  -14.982  45.917 0.0000000000
107285  -41.401  -15.245  46.092 0.0000000000
107300  -41.754  -14.730  46.046 0.0000000000
107301  -42.212  -14.969  46.021 0.0000000000
107322  -42.742  -14.696  44.844 0.0000000000
119238  -45.585  -8.629  41.930 0.0000000000
117705  -46.323  -9.003  41.531 0.0000000000
120749  -46.044  -8.075  41.738 0.0000000000
120762  -46.623  -7.963  41.364 0.0000000000
122188  -46.845  -7.535  40.938 0.0000000000
125160  -49.434  -5.095  35.115 0.0000000000
125144  -49.379  -5.018  35.777 0.0000000000
126563  -50.187  -4.430  35.393 0.0000000000
126564  -50.997  -4.085  35.497 0.0000000000
126565  -51.739  -4.356  35.324 0.0000000000
125163  -52.220  -5.008  34.752 0.0000000000
126590  -51.943  -3.948  34.907 0.0000000000
128142  -52.713  -3.539  33.504 0.0000000000
132247  -49.393  -0.900  23.764 0.0000000000
132219  -49.385  -1.364  24.900 0.0000000000
129659  -50.305  -2.500  24.881 0.0000000000
129677  -50.999  -2.640  24.455 0.0000000000
129688  -51.801  -2.369  24.100 0.0000000000
132251  -53.551  -0.400  23.661 0.0000000000
132250  -53.293  -0.823  23.872 0.0000000000
132262  -53.672  -0.529  23.486 0.0000000000
132272  -53.220  -1.006  22.567 0.0000000000
132270  -52.062  -1.419  21.677 0.0000000000
104636  -46.368  -15.936  41.374 0.0000000000
106022  -46.648  -15.480  41.334 0.0000000000
106021  -46.046  -15.496  41.415 0.0000000000
107358  -45.619  -14.794  41.469 0.0000000000
108699  -45.242  -14.035  41.677 0.0000000000
113058  -43.665  -11.705  42.888 0.0000000000
114632  -44.003  -10.965  42.696 0.0000000000
116161  -44.471  -10.171  42.459 0.0000000000
119235  -43.226  -8.740  42.259 0.0000000000
98649  -19.228  -19.592  51.269 0.0000000000
98635  -19.598  -19.238  51.456 0.0000000000
98636  -20.227  -19.206  51.427 0.0000000000
97158  -24.724  -20.467  51.020 0.0000000000
93943  -27.027  -21.931  50.456 0.0000000000
93958  -27.335  -22.212  50.220 0.0000000000
93944  -27.609  -22.099  50.720 0.0000000000
92343  -28.159  -22.538  50.631 0.0000000000
92344  -28.865  -22.592  50.938 0.0000000000
89231  -31.774  -24.259  50.593 0.0000000000
90831  -32.083  -24.092  50.966 0.0000000000
89232  -32.573  -24.343  50.779 0.0000000000
89233  -33.595  -24.511  50.673 0.0000000000
93991  -35.518  -22.730  48.670 0.0000000000
92384  -35.262  -23.004  49.309 0.0000000000
90846  -35.178  -23.620  50.191 0.0000000000
90835  -35.272  -23.893  50.340 0.0000000000
89264  -36.405  -24.512  49.425 0.0000000000
87713  -37.081  -24.562  48.998 0.0000000000
89277  -37.686  -24.396  48.596 0.0000000000
93995  -38.826  -21.913  48.293 0.0000000000
92424  -38.875  -22.815  47.753 0.0000000000
92445  -39.286  -22.855  47.016 0.0000000000
94053  -40.002  -22.148  46.037 0.0000000000
94054  -40.350  -22.167  45.535 0.0000000000
98734  -39.289  -19.541  46.078 0.0000000000
98720  -39.309  -19.209  46.790 0.0000000000
100295  -39.421  -18.994  46.965 0.0000000000
100281  -39.639  -18.821  47.463 0.0000000000
101799  -40.127  -18.584  47.798 0.0000000000
101822  -41.950  -17.965  46.430 0.0000000000
100298  -41.626  -18.331  46.915 0.0000000000
98737  -41.591  -19.072  45.816 0.0000000000
98751  -41.284  -20.050  45.382 0.0000000000
98765  -41.606  -19.897  44.561 0.0000000000
97300  -42.370  -20.796  43.588 0.0000000000
98779  -42.689  -19.921  43.092 0.0000000000
98790  -43.052  -19.706  42.753 0.0000000000
104618  -43.168  -16.506  42.393 0.0000000000
103259  -43.371  -17.148  42.182 0.0000000000
104619  -43.655  -16.481  42.004 0.0000000000
103261  -44.720  -17.198  41.755 0.0000000000
101860  -45.829  -17.980  41.826 0.0000000000
103262  -45.488  -17.204  41.720 0.0000000000
104622  -45.972  -16.394  41.517 0.0000000000
100239  -17.915  -19.013  50.466 0.0000000000
100229  -17.639  -19.047  51.010 0.0000000000
114680  -48.454  -10.837  39.629 0.0000000000
114698  -48.815  -10.816  38.961 0.0000000000
120813  -46.601  -7.704  38.771 0.0000000000
122236  -46.974  -7.101  39.166 0.0000000000
122251  -47.097  -7.063  38.373 0.0000000000
122265  -50.641  -6.568  36.998 0.0000000000
129607  -48.735  -3.005  28.699 0.0000000000
128229  -48.959  -3.248  29.452 0.0000000000
126722  -49.308  -3.776  30.047 0.0000000000
128217  -49.900  -3.282  30.243 0.0000000000
129575  -51.326  -2.771  30.833 0.0000000000
132238  -51.939  -0.916  24.339 0.0000000000
133627  -51.711  -0.695  24.024 0.0000000000
133641  -51.998  -0.400  23.629 0.0000000000
133642  -52.676  -0.184  23.608 0.0000000000
134954  -52.817  0.340  23.007 0.0000000000
134941  -53.179  0.286  23.411 0.0000000000
134942  -53.743  0.530  23.366 0.0000000000
107355  -43.582  -15.060  42.271 0.0000000000
108697  -43.909  -14.513  42.161 0.0000000000
110017  -43.591  -13.132  42.911 0.0000000000
110004  -43.252  -13.168  43.363 0.0000000000
111492  -43.418  -12.445  43.148 0.0000000000
113049  -43.170  -11.717  43.315 0.0000000000
114623  -42.887  -10.984  43.375 0.0000000000
101770  -19.517  -18.444  50.573 0.0000000000
101763  -19.811  -18.495  51.028 0.0000000000
101771  -20.140  -18.278  50.606 0.0000000000
100233  -21.890  -18.190  50.560 0.0000000000
100244  -23.293  -18.802  50.318 0.0000000000
92346  -31.771  -22.677  50.438 0.0000000000
93973  -36.410  -22.455  49.011 0.0000000000
93975  -38.030  -22.045  48.762 0.0000000000
101828  -40.448  -17.446  45.644 0.0000000000
103213  -40.564  -17.347  46.696 0.0000000000
104540  -40.796  -16.871  46.475 0.0000000000
104528  -41.002  -16.843  46.853 0.0000000000
103214  -41.883  -17.135  46.935 0.0000000000
105931  -41.944  -16.262  46.655 0.0000000000
104543  -42.002  -16.527  46.679 0.0000000000
103221  -42.071  -17.385  46.518 0.0000000000
103228  -42.147  -17.538  46.068 0.0000000000
101830  -42.273  -17.640  45.153 0.0000000000
101837  -42.343  -17.617  44.616 0.0000000000
106007  -43.077  -15.982  42.634 0.0000000000
105998  -43.180  -15.478  42.576 0.0000000000
100241  -18.966  -18.627  49.954 0.0000000000
114652  -46.653  -11.116  41.156 0.0000000000
114653  -47.082  -11.340  40.967 0.0000000000
114665  -47.029  -10.873  40.910 0.0000000000
116195  -47.161  -10.590  40.753 0.0000000000
116196  -47.445  -10.153  40.548 0.0000000000
117718  -47.293  -9.296  40.812 0.0000000000
117732  -48.382  -9.236  39.774 0.0000000000
117750  -48.788  -9.100  39.275 0.0000000000
123663  -48.159  -6.171  36.836 0.0000000000
123647  -48.077  -6.096  37.629 0.0000000000
123664  -48.494  -5.689  37.259 0.0000000000
125127  -48.900  -5.312  36.983 0.0000000000
125113  -49.944  -5.335  37.406 0.0000000000
126539  -49.929  -4.646  36.111 0.0000000000
125129  -50.290  -4.778  36.815 0.0000000000
125114  -50.531  -5.394  37.023 0.0000000000
123666  -50.863  -5.903  36.800 0.0000000000
129645  -47.842  -2.440  25.676 0.0000000000
128269  -47.503  -2.840  25.963 0.0000000000
129627  -48.985  -3.137  27.440 0.0000000000
129617  -49.251  -3.090  28.247 0.0000000000
128241  -49.769  -3.406  28.571 0.0000000000
108651  -41.245  -14.017  44.825 0.0000000000
109989  -41.148  -13.250  44.346 0.0000000000
101835  -40.487  -17.579  44.896 0.0000000000
104565  -40.851  -16.334  45.243 0.0000000000
104566  -40.954  -15.943  44.901 0.0000000000
105965  -41.086  -15.463  45.026 0.0000000000
107321  -41.148  -14.763  44.514 0.0000000000
117730  -44.984  -8.997  40.125 0.0000000000
120778  -45.556  -8.205  40.164 0.0000000000
119288  -45.509  -8.860  39.343 0.0000000000
119289  -45.920  -8.523  38.945 0.0000000000
120827  -46.938  -7.571  37.086 0.0000000000
122270  -47.314  -7.102  36.749 0.0000000000
122271  -47.733  -6.644  36.380 0.0000000000
122277  -47.680  -6.638  35.554 0.0000000000
123685  -48.114  -6.219  35.171 0.0000000000
123694  -48.097  -6.372  34.696 0.0000000000
123695  -48.515  -6.047  34.517 0.0000000000
123709  -49.165  -5.635  34.099 0.0000000000
125194  -49.610  -5.282  33.891 0.0000000000
125195  -50.030  -5.045  33.450 0.0000000000
129675  -47.309  -2.044  24.590 0.0000000000
130916  -49.053  -2.197  25.551 0.0000000000
128293  -50.219  -3.093  24.513 0.0000000000
130946  -51.827  -1.519  24.612 0.0000000000
129689  -52.082  -1.922  24.380 0.0000000000
130972  -52.938  -1.362  23.736 0.0000000000
130957  -52.107  -2.140  23.582 0.0000000000
107371  -46.988  -14.764  41.231 0.0000000000
108713  -47.269  -14.004  41.054 0.0000000000
110051  -46.906  -13.270  41.134 0.0000000000
111541  -46.597  -12.546  41.258 0.0000000000
108698  -44.404  -14.044  42.036 0.0000000000
110034  -44.986  -13.242  41.882 0.0000000000
111508  -44.295  -12.428  42.333 0.0000000000
111524  -44.804  -12.461  42.008 0.0000000000
113070  -45.756  -11.786  41.637 0.0000000000
113079  -46.316  -11.820  41.331 0.0000000000
114651  -46.081  -11.107  41.467 0.0000000000
116172  -45.900  -10.369  41.610 0.0000000000
116162  -44.863  -9.712  42.258 0.0000000000
117703  -45.163  -9.287  42.079 0.0000000000
119259  -44.556  -8.821  40.886 0.0000000000
111473  -41.357  -12.497  44.503 0.0000000000
113036  -41.148  -11.814  44.086 0.0000000000
113046  -40.848  -11.660  43.660 0.0000000000
114611  -41.295  -11.434  44.057 0.0000000000
114621  -41.795  -10.716  43.796 0.0000000000
116148  -41.429  -10.253  43.519 0.0000000000
116159  -41.690  -9.847  43.325 0.0000000000
117690  -42.024  -9.407  43.034 0.0000000000
119233  -42.256  -9.031  42.600 0.0000000000
117729  -44.457  -9.316  40.402 0.0000000000
95574  -18.008  -20.965  50.766 0.0000000000
95588  -18.304  -20.998  49.971 0.0000000000
100222  -20.632  -18.730  51.446 0.0000000000
100253  -22.948  -18.761  49.623 0.0000000000
100245  -23.930  -18.986  50.337 0.0000000000
98656  -24.256  -19.151  50.917 0.0000000000
95576  -25.132  -20.762  50.968 0.0000000000
92358  -27.450  -22.546  49.784 0.0000000000
92331  -29.233  -22.316  51.361 0.0000000000
90827  -29.362  -22.877  50.898 0.0000000000
90859  -29.801  -23.933  49.576 0.0000000000
87692  -32.156  -25.088  49.219 0.0000000000
92401  -33.645  -23.268  48.715 0.0000000000
92381  -32.996  -23.263  49.344 0.0000000000
92364  -33.067  -23.218  50.048 0.0000000000
92348  -33.106  -23.393  50.779 0.0000000000
90832  -33.516  -23.859  50.954 0.0000000000
87684  -34.103  -24.758  50.407 0.0000000000
89235  -35.068  -24.244  50.317 0.0000000000
87709  -34.149  -25.188  49.088 0.0000000000
90861  -37.747  -23.477  48.900 0.0000000000
89267  -37.810  -23.976  48.621 0.0000000000
89278  -38.029  -24.270  48.273 0.0000000000
90885  -38.591  -23.702  47.786 0.0000000000
87750  -38.391  -24.696  47.623 0.0000000000
95673  -38.243  -20.506  46.326 0.0000000000
97213  -38.436  -20.320  47.476 0.0000000000
97232  -38.853  -19.746  47.206 0.0000000000
97233  -39.738  -20.691  47.806 0.0000000000
101814  -40.342  -17.900  46.960 0.0000000000
101806  -40.357  -18.220  47.433 0.0000000000
100270  -40.584  -18.743  47.819 0.0000000000
98695  -40.740  -19.138  47.846 0.0000000000
98708  -40.493  -19.617  47.820 0.0000000000
95656  -40.095  -20.903  46.998 0.0000000000
95675  -40.227  -21.149  46.504 0.0000000000
95693  -40.453  -21.402  45.851 0.0000000000
95710  -40.587  -21.778  45.398 0.0000000000
97275  -41.072  -20.689  45.271 0.0000000000
95711  -40.908  -21.434  45.136 0.0000000000
100358  -43.144  -18.954  42.550 0.0000000000
101857  -43.557  -17.978  42.144 0.0000000000
100370  -44.112  -18.606  42.027 0.0000000000
98805  -43.993  -19.044  42.183 0.0000000000
100399  -46.593  -19.127  40.469 0.0000000000
101861  -46.500  -18.010  41.680 0.0000000000
101868  -47.037  -17.988  41.118 0.0000000000
120779  -45.878  -7.775  40.421 0.0000000000
122205  -46.600  -7.395  40.549 0.0000000000
122206  -47.273  -7.251  40.534 0.0000000000
120781  -48.291  -7.825  39.947 0.0000000000
119276  -48.958  -8.430  39.123 0.0000000000
123648  -48.624  -5.701  37.977 0.0000000000
123632  -48.734  -6.034  38.724 0.0000000000
123633  -49.340  -6.502  38.611 0.0000000000
122239  -49.682  -7.017  38.388 0.0000000000
122238  -49.376  -7.157  38.804 0.0000000000
119291  -49.260  -8.400  38.587 0.0000000000
117770  -49.254  -9.060  38.305 0.0000000000
120874  -48.054  -7.168  32.261 0.0000000000
123716  -48.995  -6.266  32.800 0.0000000000
123718  -49.918  -5.311  33.005 0.0000000000
125196  -50.398  -4.780  33.142 0.0000000000
128259  -47.459  -3.211  26.548 0.0000000000
128258  -47.084  -3.885  26.618 0.0000000000
128247  -47.192  -4.146  27.065 0.0000000000
128239  -48.111  -3.551  28.398 0.0000000000
128238  -47.756  -3.840  28.107 0.0000000000
126758  -47.325  -4.659  27.741 0.0000000000
123764  -48.715  -5.499  29.832 0.0000000000
123765  -49.094  -5.610  30.399 0.0000000000
126707  -49.675  -4.313  30.562 0.0000000000
125248  -49.597  -4.857  30.717 0.0000000000
123749  -49.510  -5.458  30.935 0.0000000000
125229  -50.321  -4.946  32.055 0.0000000000
125211  -50.580  -4.647  32.644 0.0000000000
126646  -50.714  -4.321  33.308 0.0000000000
128165  -51.546  -3.326  33.406 0.0000000000
129516  -52.226  -2.994  33.491 0.0000000000
128167  -52.965  -3.273  33.085 0.0000000000
129565  -52.858  -2.335  31.405 0.0000000000
128189  -53.695  -3.191  31.832 0.0000000000
126669  -53.326  -4.309  32.089 0.0000000000
87683  -33.844  -24.905  50.263 0.0000000000
87731  -37.781  -24.633  48.380 0.0000000000
89223  -32.749  -24.021  51.170 0.0000000000
89230  -31.343  -24.018  50.630 0.0000000000
89243  -30.475  -24.034  49.962 0.0000000000
89247  -33.493  -24.926  50.292 0.0000000000
89248  -34.920  -24.609  50.128 0.0000000000
89249  -35.385  -24.480  50.020 0.0000000000
89260  -29.657  -23.997  49.287 0.0000000000
89265  -36.865  -24.370  49.243 0.0000000000
89289  -38.335  -24.337  47.874 0.0000000000
90820  -32.960  -23.743  51.183 0.0000000000
90834  -34.813  -23.848  50.546 0.0000000000
90884  -38.289  -23.969  48.067 0.0000000000
92359  -28.095  -22.833  50.045 0.0000000000
92360  -28.554  -22.862  50.429 0.0000000000
92369  -36.463  -23.304  49.801 0.0000000000
92405  -38.506  -22.794  48.310 0.0000000000
93931  -27.153  -21.696  50.917 0.0000000000
93956  -26.333  -21.985  49.475 0.0000000000
95594  -26.664  -21.810  50.234 0.0000000000
95617  -39.226  -20.925  48.379 0.0000000000
95727  -41.297  -21.585  44.578 0.0000000000
97198  -38.805  -20.584  48.333 0.0000000000
97235  -40.859  -19.811  47.168 0.0000000000
97316  -43.004  -20.162  42.945 0.0000000000
97349  -46.341  -19.960  41.834 0.0000000000
98706  -39.267  -19.293  47.558 0.0000000000
98721  -39.626  -18.833  46.503 0.0000000000
98807  -45.077  -19.329  42.133 0.0000000000
98809  -46.368  -19.420  41.881 0.0000000000
100252  -22.329  -18.525  49.635 0.0000000000
100268  -39.791  -18.804  47.860 0.0000000000
100269  -40.097  -18.829  48.045 0.0000000000
100310  -41.360  -19.155  46.560 0.0000000000
100359  -43.637  -18.773  42.248 0.0000000000
100385  -46.871  -18.958  40.969 0.0000000000
101762  -19.519  -18.551  50.976 0.0000000000
101798  -39.949  -18.647  47.986 0.0000000000
101800  -40.397  -18.484  47.735 0.0000000000
101805  -39.969  -18.557  47.618 0.0000000000
101821  -40.303  -17.749  46.350 0.0000000000
103207  -41.184  -17.270  47.225 0.0000000000
103208  -41.603  -17.058  47.212 0.0000000000
103215  -42.139  -16.888  46.513 0.0000000000
103220  -40.601  -17.110  46.132 0.0000000000
103258  -42.986  -17.152  42.643 0.0000000000
104527  -40.739  -17.121  46.848 0.0000000000
104529  -41.510  -16.636  47.017 0.0000000000
104542  -41.822  -16.753  47.024 0.0000000000
104553  -40.860  -16.479  45.890 0.0000000000
105930  -41.754  -16.171  46.703 0.0000000000
105941  -41.318  -15.603  46.175 0.0000000000
105942  -41.645  -15.674  46.502 0.0000000000
105943  -42.030  -15.879  46.392 0.0000000000
105953  -40.981  -15.915  45.507 0.0000000000
105964  -40.962  -15.910  45.179 0.0000000000
105976  -41.117  -15.290  44.544 0.0000000000
107286  -41.537  -15.190  46.256 0.0000000000
107311  -42.601  -14.858  45.545 0.0000000000
109966  -42.008  -13.740  45.458 0.0000000000
109976  -41.500  -13.287  45.034 0.0000000000
111456  -41.736  -12.760  44.951 0.0000000000
113035  -40.990  -11.859  43.904 0.0000000000
113037  -41.550  -11.727  44.387 0.0000000000
113047  -41.055  -11.509  43.866 0.0000000000
114612  -41.662  -11.185  44.113 0.0000000000
114620  -41.146  -11.000  43.734 0.0000000000
116149  -42.072  -10.096  43.469 0.0000000000
116158  -41.255  -9.779  43.080 0.0000000000
116182  -46.838  -10.293  41.015 0.0000000000
117679  -42.177  -9.740  43.296 0.0000000000
117681  -42.836  -9.878  43.156 0.0000000000
119219  -42.246  -9.174  42.807 0.0000000000
119220  -42.485  -9.136  42.779 0.0000000000
119222  -43.627  -8.929  42.680 0.0000000000
119239  -46.155  -8.664  41.711 0.0000000000
119274  -45.709  -8.443  39.516 0.0000000000
120750  -46.364  -8.319  41.600 0.0000000000
120815  -49.805  -7.276  38.111 0.0000000000
120837  -50.788  -7.068  36.326 0.0000000000
120841  -46.793  -7.570  35.542 0.0000000000
120873  -47.571  -7.277  32.596 0.0000000000
122187  -46.423  -7.536  40.977 0.0000000000
122204  -46.194  -7.523  40.698 0.0000000000
122286  -48.058  -6.516  34.359 0.0000000000
122316  -48.643  -6.772  32.296 0.0000000000
123621  -49.080  -6.841  39.079 0.0000000000
123634  -49.744  -6.620  38.270 0.0000000000
123680  -51.615  -5.524  35.812 0.0000000000
123687  -49.138  -5.286  35.326 0.0000000000
123688  -51.426  -6.220  35.747 0.0000000000
123696  -49.067  -5.469  34.852 0.0000000000
123727  -49.088  -6.392  32.330 0.0000000000
123737  -49.906  -5.421  31.799 0.0000000000
123750  -49.793  -5.383  31.347 0.0000000000
125098  -48.786  -5.490  37.823 0.0000000000
125099  -49.029  -5.461  37.867 0.0000000000
125112  -49.270  -5.239  37.445 0.0000000000
125145  -49.720  -4.807  35.365 0.0000000000
125147  -52.054  -4.891  35.223 0.0000000000
125161  -49.826  -4.810  34.854 0.0000000000
125162  -52.007  -5.360  35.143 0.0000000000
125210  -50.229  -5.071  32.813 0.0000000000
125230  -50.633  -4.411  32.069 0.0000000000
125249  -49.973  -4.847  31.188 0.0000000000
126542  -51.605  -4.801  35.739 0.0000000000
126562  -49.787  -4.699  35.667 0.0000000000
126566  -52.136  -4.605  35.024 0.0000000000
126589  -50.690  -4.072  34.872 0.0000000000
126591  -52.265  -4.233  34.589 0.0000000000
126621  -52.921  -3.710  33.311 0.0000000000
126645  -50.364  -4.694  33.445 0.0000000000
126648  -53.111  -3.886  32.939 0.0000000000
126721  -48.880  -4.164  29.797 0.0000000000
126757  -47.192  -4.443  27.290 0.0000000000
128093  -51.091  -3.900  35.329 0.0000000000
128094  -51.329  -3.882  35.308 0.0000000000
128112  -51.569  -3.726  34.897 0.0000000000
128139  -51.087  -3.742  34.495 0.0000000000
128140  -51.633  -3.495  34.128 0.0000000000
128141  -52.278  -3.506  33.919 0.0000000000
128166  -52.556  -3.179  33.426 0.0000000000
128174  -51.162  -3.668  32.955 0.0000000000
128176  -53.370  -3.388  32.392 0.0000000000
128177  -53.670  -3.687  31.919 0.0000000000
128188  -51.582  -2.897  32.102 0.0000000000
128203  -50.773  -3.368  31.188 0.0000000000
128216  -49.398  -3.212  29.888 0.0000000000
129540  -51.918  -2.914  33.156 0.0000000000
129541  -52.498  -2.773  32.989 0.0000000000
129542  -53.024  -2.827  32.595 0.0000000000
129557  -51.981  -2.678  32.494 0.0000000000
129559  -53.305  -2.717  31.994 0.0000000000
129576  -52.236  -2.537  30.784 0.0000000000
129661  -51.130  -1.841  24.966 0.0000000000
129676  -50.423  -2.966  24.427 0.0000000000
129679  -52.009  -1.724  24.517 0.0000000000
130931  -50.948  -1.645  24.970 0.0000000000
130932  -51.386  -1.618  24.847 0.0000000000
130948  -52.609  -1.132  24.261 0.0000000000
130983  -52.442  -1.722  22.657 0.0000000000
132223  -51.574  -1.331  24.645 0.0000000000
132239  -52.473  -0.903  24.300 0.0000000000
132240  -52.883  -0.880  24.215 0.0000000000
132248  -50.186  -0.764  23.829 0.0000000000
133643  -53.290  -0.230  23.704 0.0000000000
133644  -53.948  -0.027  23.532 0.0000000000
134943  -54.220  0.556  23.371 0.0000000000
