#!ascii label  , from subject FS6EXPERT_subj01_ver10 vox2ras=TkReg
1443
101956  -35.572  -17.437  34.290 0.0000000000
100452  -18.600  -18.173  37.375 0.0000000000
95952  -27.266  -21.140  34.469 0.0000000000
140763  -41.993  3.370  16.953 0.0000000000
143669  -48.867  5.274  12.569 0.0000000000
98769  -11.939  -20.084  43.605 0.0000000000
136386  -38.792  1.019  19.777 0.0000000000
110206  -35.184  -13.617  32.619 0.0000000000
97467  -32.171  -20.118  34.679 0.0000000000
100389  -14.881  -18.947  40.373 0.0000000000
92533  -15.837  -23.566  42.780 0.0000000000
103461  -31.611  -16.894  31.722 0.0000000000
107529  -30.672  -14.722  32.066 0.0000000000
100476  -22.857  -18.430  35.953 0.0000000000
103432  -27.995  -17.164  32.783 0.0000000000
121010  -35.737  -7.595  22.732 0.0000000000
126841  -38.713  -4.218  21.034 0.0000000000
129770  -42.249  -2.474  18.010 0.0000000000
82347  -10.755  -28.331  46.867 0.0000000000
76698  -8.993  -31.423  49.911 0.0000000000
113320  -29.081  -11.703  30.872 0.0000000000
114929  -30.627  -10.647  28.124 0.0000000000
115007  -33.690  -10.590  24.650 0.0000000000
86334  -13.317  -25.677  44.399 0.0000000000
97390  -19.173  -20.459  38.918 0.0000000000
100419  -21.134  -19.194  38.694 0.0000000000
98930  -33.738  -19.173  34.516 0.0000000000
106053  -17.236  -15.693  38.978 0.0000000000
100416  -16.703  -18.600  38.711 0.0000000000
95807  -17.107  -21.421  39.945 0.0000000000
103418  -30.926  -16.561  34.038 0.0000000000
101990  -29.905  -17.793  31.954 0.0000000000
126820  -35.227  -4.530  22.915 0.0000000000
122461  -37.499  -6.265  22.162 0.0000000000
129702  -36.304  -2.876  21.791 0.0000000000
132318  -39.647  -0.657  18.101 0.0000000000
135045  -41.784  0.408  16.710 0.0000000000
133747  -44.315  -0.788  16.913 0.0000000000
136464  -43.749  1.571  15.890 0.0000000000
139270  -45.027  3.113  14.980 0.0000000000
110168  -28.640  -12.787  34.359 0.0000000000
108878  -29.934  -13.735  31.620 0.0000000000
114827  -27.740  -10.964  32.282 0.0000000000
119410  -28.914  -8.265  28.909 0.0000000000
119432  -30.336  -8.410  27.205 0.0000000000
114973  -31.688  -10.920  26.434 0.0000000000
120953  -32.244  -7.976  25.999 0.0000000000
122415  -33.420  -7.620  24.638 0.0000000000
98928  -24.785  -19.933  34.861 0.0000000000
89328  -10.560  -24.640  44.649 0.0000000000
90944  -12.013  -23.586  43.296 0.0000000000
73877  -10.615  -32.806  52.842 0.0000000000
72446  -9.552  -33.994  55.023 0.0000000000
133650  -37.119  -0.307  22.253 0.0000000000
113252  -34.819  -12.120  32.995 0.0000000000
97464  -29.831  -21.095  34.459 0.0000000000
98797  -13.130  -19.757  42.122 0.0000000000
92550  -13.503  -22.458  42.018 0.0000000000
94209  -15.047  -21.591  40.683 0.0000000000
143676  -50.667  5.281  11.995 0.0000000000
100526  -33.868  -18.093  31.938 0.0000000000
104800  -33.683  -16.145  31.392 0.0000000000
104798  -32.121  -16.194  31.713 0.0000000000
106084  -19.236  -15.546  37.175 0.0000000000
103343  -20.570  -17.485  36.703 0.0000000000
106098  -20.850  -15.503  36.193 0.0000000000
104742  -23.203  -16.397  34.632 0.0000000000
103428  -25.148  -17.886  33.479 0.0000000000
104765  -26.308  -16.071  33.447 0.0000000000
100521  -27.088  -18.949  32.806 0.0000000000
98966  -29.651  -19.824  32.220 0.0000000000
98979  -31.615  -19.476  31.715 0.0000000000
115029  -37.440  -10.562  23.661 0.0000000000
130999  -37.730  -1.684  20.098 0.0000000000
128360  -39.931  -3.297  19.527 0.0000000000
140793  -47.021  3.293  14.332 0.0000000000
79715  -9.758  -29.884  48.296 0.0000000000
76689  -11.537  -31.152  51.094 0.0000000000
108882  -33.056  -14.125  31.210 0.0000000000
111722  -32.360  -12.552  31.491 0.0000000000
116355  -31.680  -10.906  31.256 0.0000000000
117860  -28.069  -9.327  30.435 0.0000000000
114895  -29.969  -10.595  29.708 0.0000000000
114898  -32.906  -10.964  30.102 0.0000000000
111810  -33.645  -12.160  28.594 0.0000000000
111855  -34.917  -12.703  26.842 0.0000000000
113505  -35.734  -12.013  25.344 0.0000000000
116518  -34.650  -9.615  23.634 0.0000000000
123879  -34.379  -6.270  23.748 0.0000000000
100441  -23.053  -19.167  38.220 0.0000000000
87754  -9.623  -25.537  46.072 0.0000000000
84899  -12.167  -27.000  45.590 0.0000000000
89373  -14.162  -24.466  43.356 0.0000000000
71099  -7.639  -34.792  55.513 0.0000000000
98859  -18.742  -19.999  38.376 0.0000000000
98842  -20.216  -20.174  39.381 0.0000000000
100436  -19.480  -19.017  37.595 0.0000000000
100493  -34.692  -18.425  34.390 0.0000000000
103326  -17.644  -17.128  37.799 0.0000000000
104669  -16.799  -16.824  38.725 0.0000000000
100433  -17.505  -18.406  38.085 0.0000000000
97388  -17.578  -20.223  38.829 0.0000000000
129684  -35.211  -3.005  23.145 0.0000000000
128317  -35.856  -3.682  22.347 0.0000000000
130963  -35.765  -2.465  22.387 0.0000000000
139237  -41.147  2.556  17.378 0.0000000000
136431  -40.995  1.434  17.068 0.0000000000
137879  -41.764  2.185  16.617 0.0000000000
136446  -42.690  1.496  16.255 0.0000000000
139249  -42.657  2.870  16.200 0.0000000000
140778  -43.388  3.697  15.744 0.0000000000
111680  -27.861  -11.946  33.365 0.0000000000
122367  -30.112  -6.748  27.687 0.0000000000
119447  -31.421  -8.655  26.438 0.0000000000
122380  -31.844  -7.357  26.601 0.0000000000
122389  -32.570  -7.502  25.966 0.0000000000
97478  -25.750  -20.424  34.413 0.0000000000
95921  -26.429  -21.344  35.916 0.0000000000
95922  -27.365  -21.608  35.856 0.0000000000
92511  -11.021  -22.771  43.864 0.0000000000
94132  -11.842  -21.956  43.140 0.0000000000
142190  -48.751  4.450  12.735 0.0000000000
73866  -9.799  -33.552  53.510 0.0000000000
108826  -36.959  -13.973  34.544 0.0000000000
111683  -35.328  -12.790  33.059 0.0000000000
97484  -30.797  -20.532  33.947 0.0000000000
97447  -32.172  -20.324  35.491 0.0000000000
103280  -15.360  -17.281  40.305 0.0000000000
103267  -14.558  -17.293  41.309 0.0000000000
103251  -13.742  -17.296  42.254 0.0000000000
100363  -13.893  -18.886  41.330 0.0000000000
97337  -13.986  -20.455  41.208 0.0000000000
97351  -14.901  -20.439  40.419 0.0000000000
94186  -18.526  -21.631  40.905 0.0000000000
94213  -17.591  -21.851  40.513 0.0000000000
102002  -32.398  -17.558  31.194 0.0000000000
103462  -32.571  -16.818  31.328 0.0000000000
104797  -31.582  -16.161  32.313 0.0000000000
108773  -19.642  -14.110  37.576 0.0000000000
106097  -20.189  -15.475  36.605 0.0000000000
108788  -20.468  -14.332  36.870 0.0000000000
108805  -22.701  -14.379  35.387 0.0000000000
107481  -23.699  -14.977  34.654 0.0000000000
103411  -24.053  -16.998  33.977 0.0000000000
106142  -24.383  -15.667  34.089 0.0000000000
104744  -27.737  -16.103  34.470 0.0000000000
104766  -27.059  -16.184  33.576 0.0000000000
103430  -26.546  -17.586  32.724 0.0000000000
101987  -27.804  -18.430  32.394 0.0000000000
100523  -28.328  -19.018  32.251 0.0000000000
101988  -28.455  -18.359  32.161 0.0000000000
102000  -30.714  -17.883  31.579 0.0000000000
100533  -30.809  -18.871  31.422 0.0000000000
100534  -31.569  -18.604  31.360 0.0000000000
98969  -32.995  -19.102  32.167 0.0000000000
116538  -36.288  -9.491  23.016 0.0000000000
116522  -37.729  -10.012  23.316 0.0000000000
119530  -37.038  -8.352  22.690 0.0000000000
125389  -38.273  -5.008  21.638 0.0000000000
122462  -38.256  -6.388  22.144 0.0000000000
134976  -37.959  0.355  20.719 0.0000000000
132275  -36.985  -1.122  20.990 0.0000000000
133686  -37.986  -0.392  19.685 0.0000000000
131037  -40.694  -1.615  17.990 0.0000000000
129752  -39.842  -2.163  18.780 0.0000000000
128372  -41.221  -3.184  18.706 0.0000000000
126869  -41.567  -4.406  19.717 0.0000000000
139271  -45.803  3.026  14.873 0.0000000000
142175  -46.088  4.244  14.140 0.0000000000
140801  -46.735  3.939  13.943 0.0000000000
83593  -9.758  -27.660  46.859 0.0000000000
83583  -8.978  -27.804  47.733 0.0000000000
81073  -10.708  -29.300  47.603 0.0000000000
79691  -11.908  -30.432  50.350 0.0000000000
79649  -11.951  -30.384  53.177 0.0000000000
106176  -32.326  -15.516  31.499 0.0000000000
106178  -33.976  -15.433  31.450 0.0000000000
107542  -32.611  -14.836  31.191 0.0000000000
110259  -29.458  -12.703  31.175 0.0000000000
110231  -30.914  -13.200  31.086 0.0000000000
111720  -30.535  -12.575  31.051 0.0000000000
113303  -31.809  -12.007  31.439 0.0000000000
113322  -30.565  -11.582  30.813 0.0000000000
120895  -28.260  -7.788  30.512 0.0000000000
116433  -29.802  -9.536  28.090 0.0000000000
117887  -29.392  -9.557  28.843 0.0000000000
116412  -29.985  -10.217  28.861 0.0000000000
114896  -31.179  -10.941  30.027 0.0000000000
113368  -31.934  -11.299  29.009 0.0000000000
113370  -32.894  -11.495  29.113 0.0000000000
113422  -32.041  -11.891  27.947 0.0000000000
114990  -32.692  -10.698  25.392 0.0000000000
111873  -33.430  -12.458  26.301 0.0000000000
113503  -33.898  -11.833  25.199 0.0000000000
111875  -35.242  -12.533  26.136 0.0000000000
113504  -34.711  -11.713  24.864 0.0000000000
115026  -35.234  -10.697  23.832 0.0000000000
116496  -33.765  -10.022  24.380 0.0000000000
123864  -33.869  -6.213  24.868 0.0000000000
122416  -33.670  -7.109  24.484 0.0000000000
125354  -34.085  -5.685  24.453 0.0000000000
101920  -21.798  -17.980  36.872 0.0000000000
100456  -21.980  -18.383  37.336 0.0000000000
100458  -22.950  -18.969  37.250 0.0000000000
86332  -11.972  -25.709  44.326 0.0000000000
86316  -11.022  -25.939  44.873 0.0000000000
84909  -12.947  -26.530  45.137 0.0000000000
90984  -14.439  -23.222  42.234 0.0000000000
90962  -14.060  -23.569  42.573 0.0000000000
90945  -15.102  -24.027  43.077 0.0000000000
97339  -19.636  -20.863  40.861 0.0000000000
98827  -20.439  -20.191  40.215 0.0000000000
100391  -21.452  -19.394  40.367 0.0000000000
100406  -22.602  -18.923  39.791 0.0000000000
98929  -33.215  -19.574  34.562 0.0000000000
97435  -33.581  -19.930  36.148 0.0000000000
106028  -16.618  -15.542  40.067 0.0000000000
103281  -15.818  -16.992  39.915 0.0000000000
100402  -15.820  -18.710  39.538 0.0000000000
97367  -15.665  -20.045  39.814 0.0000000000
97386  -16.555  -19.793  39.140 0.0000000000
95832  -18.158  -21.118  39.522 0.0000000000
103436  -30.699  -16.688  33.214 0.0000000000
104789  -31.439  -16.141  32.941 0.0000000000
103415  -28.753  -16.727  33.665 0.0000000000
103449  -29.254  -17.497  32.404 0.0000000000
103435  -30.051  -16.941  33.152 0.0000000000
123890  -35.511  -6.048  22.785 0.0000000000
122443  -36.881  -6.654  22.370 0.0000000000
125377  -36.300  -5.557  22.339 0.0000000000
126829  -36.951  -4.376  21.814 0.0000000000
126839  -37.354  -4.083  21.526 0.0000000000
133709  -38.708  -0.085  18.891 0.0000000000
135032  -39.589  0.671  18.143 0.0000000000
133728  -40.374  0.072  17.419 0.0000000000
132332  -41.456  -1.128  17.482 0.0000000000
131056  -43.296  -1.561  17.290 0.0000000000
133745  -42.874  -0.418  16.770 0.0000000000
135056  -43.446  0.636  16.270 0.0000000000
136465  -44.399  1.255  15.870 0.0000000000
139252  -44.636  2.561  15.284 0.0000000000
140779  -44.005  3.739  15.269 0.0000000000
82340  -12.295  -28.563  47.393 0.0000000000
81062  -12.109  -29.312  48.318 0.0000000000
82320  -13.106  -28.512  48.927 0.0000000000
108851  -29.604  -14.179  32.931 0.0000000000
107528  -30.224  -14.294  31.856 0.0000000000
110203  -28.855  -13.344  32.503 0.0000000000
111717  -28.206  -12.247  32.063 0.0000000000
113300  -28.357  -11.720  31.446 0.0000000000
120906  -28.721  -7.554  29.428 0.0000000000
122354  -29.267  -7.071  28.566 0.0000000000
119431  -29.736  -8.216  27.740 0.0000000000
117924  -30.489  -9.237  27.081 0.0000000000
114958  -31.122  -10.849  27.052 0.0000000000
117925  -31.029  -9.345  26.626 0.0000000000
117937  -32.112  -9.435  25.861 0.0000000000
117956  -32.567  -9.425  25.461 0.0000000000
117981  -33.368  -9.354  24.575 0.0000000000
120968  -32.922  -7.999  25.285 0.0000000000
98926  -23.739  -19.248  35.531 0.0000000000
98904  -23.961  -19.919  36.951 0.0000000000
97431  -25.351  -20.904  36.359 0.0000000000
90928  -11.077  -24.062  44.031 0.0000000000
87822  -12.574  -24.788  43.618 0.0000000000
75236  -9.932  -32.308  50.987 0.0000000000
78166  -8.146  -30.931  50.837 0.0000000000
75217  -9.182  -32.737  51.865 0.0000000000
73864  -8.437  -33.103  53.115 0.0000000000
73853  -7.818  -32.940  53.899 0.0000000000
114807  -34.290  -11.352  32.848 0.0000000000
95954  -28.742  -21.272  34.337 0.0000000000
95924  -29.190  -21.599  35.743 0.0000000000
101847  -12.997  -18.053  43.103 0.0000000000
98783  -12.641  -19.951  42.615 0.0000000000
94134  -12.642  -21.901  42.494 0.0000000000
95769  -13.282  -21.199  41.899 0.0000000000
94180  -14.226  -21.884  41.326 0.0000000000
92567  -15.330  -22.668  41.414 0.0000000000
94211  -16.040  -21.797  40.458 0.0000000000
94183  -16.531  -22.375  40.985 0.0000000000
92554  -16.602  -23.008  42.276 0.0000000000
143674  -49.381  5.276  12.430 0.0000000000
100514  -34.508  -17.908  32.936 0.0000000000
103438  -35.087  -17.043  32.785 0.0000000000
101992  -34.137  -17.469  31.820 0.0000000000
104799  -32.861  -16.160  31.327 0.0000000000
107530  -31.078  -15.155  32.403 0.0000000000
106168  -31.345  -15.622  32.872 0.0000000000
107518  -30.969  -15.105  33.281 0.0000000000
107517  -30.560  -14.812  32.877 0.0000000000
108836  -29.483  -14.118  33.789 0.0000000000
103340  -18.621  -17.001  37.178 0.0000000000
101917  -19.580  -17.855  37.003 0.0000000000
103357  -19.775  -16.750  36.699 0.0000000000
103359  -20.878  -16.919  36.395 0.0000000000
103373  -21.990  -16.862  35.690 0.0000000000
108790  -22.052  -14.027  35.957 0.0000000000
106109  -22.014  -15.632  35.456 0.0000000000
101938  -23.006  -17.935  35.233 0.0000000000
101953  -23.776  -18.046  34.407 0.0000000000
100500  -24.683  -18.985  34.177 0.0000000000
98952  -26.071  -19.523  33.571 0.0000000000
107502  -25.536  -14.944  34.398 0.0000000000
104764  -25.411  -16.384  33.489 0.0000000000
101978  -26.141  -18.242  32.964 0.0000000000
98954  -27.285  -19.694  33.162 0.0000000000
97496  -28.503  -20.556  33.232 0.0000000000
97512  -29.518  -20.155  32.653 0.0000000000
97499  -30.944  -20.357  33.178 0.0000000000
101998  -29.765  -18.719  31.622 0.0000000000
98978  -30.777  -19.568  31.654 0.0000000000
97501  -32.196  -19.877  33.153 0.0000000000
98956  -33.151  -19.275  32.958 0.0000000000
100502  -34.078  -18.601  33.630 0.0000000000
106068  -17.879  -15.623  38.190 0.0000000000
121013  -38.197  -7.633  22.569 0.0000000000
132265  -36.585  -1.276  21.542 0.0000000000
129710  -37.016  -2.529  20.975 0.0000000000
128342  -37.907  -3.054  20.496 0.0000000000
132305  -38.737  -1.254  18.956 0.0000000000
129723  -38.913  -2.791  19.657 0.0000000000
126853  -39.711  -4.120  20.514 0.0000000000
126854  -40.514  -4.352  20.353 0.0000000000
140802  -47.653  3.528  13.810 0.0000000000
142183  -47.554  4.129  13.436 0.0000000000
143667  -47.712  5.345  13.199 0.0000000000
82328  -8.574  -28.429  48.525 0.0000000000
78199  -9.351  -30.433  48.725 0.0000000000
79717  -11.678  -29.820  48.570 0.0000000000
78190  -11.183  -30.836  49.570 0.0000000000
76700  -10.507  -31.509  49.931 0.0000000000
76676  -11.288  -31.707  51.650 0.0000000000
104790  -35.030  -16.225  32.176 0.0000000000
107531  -35.047  -14.746  32.213 0.0000000000
108884  -34.516  -14.143  31.988 0.0000000000
108880  -31.267  -13.979  31.117 0.0000000000
110233  -32.657  -13.401  31.249 0.0000000000
111724  -33.707  -13.127  31.821 0.0000000000
111703  -33.052  -12.377  31.792 0.0000000000
114830  -32.980  -11.551  31.901 0.0000000000
116340  -33.220  -11.118  31.917 0.0000000000
116354  -27.713  -10.064  31.682 0.0000000000
114874  -28.631  -10.774  30.494 0.0000000000
117885  -28.567  -8.914  29.567 0.0000000000
116396  -28.870  -9.979  29.748 0.0000000000
114875  -29.522  -11.087  30.318 0.0000000000
114876  -30.373  -11.114  30.454 0.0000000000
116399  -31.927  -10.950  30.395 0.0000000000
111852  -32.604  -12.283  27.163 0.0000000000
111833  -33.854  -12.563  27.756 0.0000000000
113533  -36.831  -11.433  24.681 0.0000000000
115027  -35.823  -10.614  23.707 0.0000000000
118040  -35.278  -8.889  23.084 0.0000000000
119490  -33.884  -8.553  23.995 0.0000000000
120993  -34.479  -7.687  23.442 0.0000000000
121009  -35.034  -7.623  23.003 0.0000000000
123889  -34.871  -6.118  23.272 0.0000000000
128298  -34.796  -3.621  23.633 0.0000000000
100438  -20.951  -18.786  37.787 0.0000000000
100421  -22.545  -18.866  38.960 0.0000000000
97418  -24.278  -20.312  37.870 0.0000000000
83602  -10.101  -27.343  46.416 0.0000000000
89309  -9.832  -24.423  45.406 0.0000000000
84905  -10.393  -26.527  45.576 0.0000000000
83604  -11.390  -27.602  46.106 0.0000000000
83597  -12.888  -27.688  46.518 0.0000000000
92531  -12.473  -22.639  42.690 0.0000000000
89372  -13.458  -24.409  43.274 0.0000000000
87810  -13.565  -25.271  44.078 0.0000000000
72425  -9.900  -33.928  56.564 0.0000000000
72434  -8.351  -34.162  55.108 0.0000000000
73831  -7.043  -33.361  54.846 0.0000000000
103398  -36.123  -16.936  34.647 0.0000000000
98878  -18.401  -19.281  38.003 0.0000000000
98879  -19.090  -19.479  37.954 0.0000000000
100435  -18.800  -18.827  37.600 0.0000000000
100494  -35.285  -17.904  34.607 0.0000000000
101904  -17.986  -17.663  37.591 0.0000000000
101903  -17.594  -17.781  37.901 0.0000000000
100434  -18.087  -18.416  37.724 0.0000000000
98877  -17.740  -19.032  38.107 0.0000000000
130951  -35.149  -2.703  23.350 0.0000000000
129693  -35.555  -3.039  22.675 0.0000000000
130952  -35.412  -2.348  23.143 0.0000000000
139238  -41.582  2.825  17.057 0.0000000000
137878  -41.272  2.106  17.002 0.0000000000
139239  -42.101  2.863  16.556 0.0000000000
137880  -42.344  2.194  16.309 0.0000000000
140777  -42.939  3.405  16.094 0.0000000000
122369  -31.694  -6.861  26.994 0.0000000000
97479  -26.572  -20.624  34.195 0.0000000000
95938  -26.801  -21.171  35.053 0.0000000000
95939  -27.695  -21.499  35.056 0.0000000000
97290  -11.560  -20.848  43.834 0.0000000000
95731  -11.453  -21.449  43.780 0.0000000000
95749  -12.016  -21.272  43.108 0.0000000000
142191  -49.228  4.068  12.680 0.0000000000
142196  -49.106  4.866  12.500 0.0000000000
108837  -36.106  -13.602  33.645 0.0000000000
111663  -35.689  -12.718  33.567 0.0000000000
110182  -35.365  -13.292  32.893 0.0000000000
97466  -31.464  -20.430  34.734 0.0000000000
101871  -15.027  -18.166  40.354 0.0000000000
103279  -14.876  -17.548  40.705 0.0000000000
101865  -14.633  -18.072  40.832 0.0000000000
101864  -14.202  -18.121  41.277 0.0000000000
100377  -14.443  -18.833  40.782 0.0000000000
98811  -14.259  -19.680  40.883 0.0000000000
98825  -14.763  -19.667  40.419 0.0000000000
108774  -20.175  -13.909  37.364 0.0000000000
108807  -24.233  -13.961  35.368 0.0000000000
108820  -23.716  -14.536  34.847 0.0000000000
108821  -24.195  -14.368  34.856 0.0000000000
106122  -23.967  -15.407  34.319 0.0000000000
107482  -24.505  -14.950  34.401 0.0000000000
103414  -28.116  -16.720  33.393 0.0000000000
104767  -27.653  -16.329  33.798 0.0000000000
104782  -27.483  -16.692  33.179 0.0000000000
103431  -27.311  -17.272  32.702 0.0000000000
103447  -27.887  -17.792  32.449 0.0000000000
103448  -28.572  -17.673  32.381 0.0000000000
103460  -31.122  -17.377  31.668 0.0000000000
102001  -31.610  -17.771  31.384 0.0000000000
100535  -32.343  -18.346  31.340 0.0000000000
119529  -36.224  -8.383  22.724 0.0000000000
118042  -36.736  -9.251  22.901 0.0000000000
125404  -38.478  -4.560  21.329 0.0000000000
126842  -39.394  -4.432  21.005 0.0000000000
134993  -38.479  0.755  20.307 0.0000000000
134991  -37.706  -0.119  20.248 0.0000000000
135002  -38.403  0.434  19.597 0.0000000000
131038  -41.500  -1.745  17.844 0.0000000000
129768  -41.097  -2.088  18.107 0.0000000000
129769  -41.529  -2.315  18.071 0.0000000000
128373  -41.747  -3.427  18.744 0.0000000000
142180  -45.899  4.976  14.171 0.0000000000
82346  -10.272  -28.125  46.844 0.0000000000
82337  -10.154  -28.555  47.198 0.0000000000
82338  -11.058  -28.830  47.249 0.0000000000
107541  -31.531  -14.820  31.534 0.0000000000
111740  -29.824  -12.433  30.977 0.0000000000
111719  -30.150  -12.706  31.043 0.0000000000
111741  -30.377  -12.036  30.933 0.0000000000
113302  -31.018  -11.904  31.162 0.0000000000
113321  -29.955  -11.654  30.729 0.0000000000
116423  -30.130  -10.171  28.378 0.0000000000
114914  -30.575  -10.706  28.991 0.0000000000
114930  -31.229  -11.120  28.527 0.0000000000
113395  -31.856  -11.373  28.765 0.0000000000
113421  -31.657  -11.517  28.207 0.0000000000
114991  -33.295  -10.937  25.077 0.0000000000
113502  -33.254  -11.639  25.430 0.0000000000
111893  -34.466  -12.176  25.302 0.0000000000
114992  -34.023  -11.168  24.766 0.0000000000
115008  -34.172  -10.680  24.389 0.0000000000
101931  -22.372  -17.909  36.113 0.0000000000
101921  -22.280  -18.222  36.717 0.0000000000
100467  -22.652  -18.489  36.609 0.0000000000
86333  -12.655  -25.722  44.289 0.0000000000
86318  -12.467  -26.180  44.691 0.0000000000
86319  -13.119  -26.116  44.736 0.0000000000
84901  -13.480  -26.783  45.655 0.0000000000
84910  -13.479  -26.405  45.152 0.0000000000
90985  -15.032  -23.424  42.326 0.0000000000
90963  -14.750  -23.741  42.709 0.0000000000
90965  -15.840  -23.725  43.117 0.0000000000
78186  -8.373  -30.402  49.643 0.0000000000
79690  -8.127  -30.025  49.959 0.0000000000
107506  -36.570  -14.771  33.673 0.0000000000
97353  -19.435  -20.935  40.186 0.0000000000
97354  -19.914  -20.554  40.191 0.0000000000
97373  -19.591  -20.560  39.533 0.0000000000
98862  -20.590  -19.661  38.885 0.0000000000
98843  -20.785  -19.727  39.512 0.0000000000
100404  -21.348  -19.321  39.571 0.0000000000
100392  -22.011  -19.079  40.473 0.0000000000
100405  -21.952  -19.013  39.676 0.0000000000
98915  -33.730  -19.510  35.238 0.0000000000
107380  -17.461  -14.636  39.870 0.0000000000
106040  -16.889  -15.672  39.498 0.0000000000
101891  -16.766  -17.895  38.555 0.0000000000
103293  -16.132  -17.218  39.384 0.0000000000
101881  -16.359  -17.936  38.972 0.0000000000
101880  -15.948  -18.010  39.419 0.0000000000
100403  -16.264  -18.645  39.128 0.0000000000
98841  -16.192  -19.320  39.294 0.0000000000
98856  -16.613  -19.282  38.890 0.0000000000
97389  -18.380  -20.615  38.947 0.0000000000
97371  -18.570  -21.023  39.416 0.0000000000
95833  -18.657  -21.195  39.769 0.0000000000
103437  -31.181  -16.346  33.406 0.0000000000
103417  -30.342  -16.869  34.012 0.0000000000
123891  -36.178  -6.028  22.444 0.0000000000
125376  -35.801  -5.216  22.527 0.0000000000
129701  -35.958  -3.053  22.142 0.0000000000
126828  -36.261  -4.320  22.127 0.0000000000
128318  -36.522  -3.595  21.821 0.0000000000
128319  -37.017  -3.863  21.604 0.0000000000
136419  -39.550  1.274  18.590 0.0000000000
136420  -39.974  1.363  18.021 0.0000000000
135044  -41.392  0.773  16.802 0.0000000000
135043  -40.675  0.745  17.191 0.0000000000
133742  -40.966  0.120  17.106 0.0000000000
132348  -41.188  -0.232  17.125 0.0000000000
132349  -41.532  -0.465  17.105 0.0000000000
132350  -42.161  -0.793  17.104 0.0000000000
133744  -42.157  0.012  16.710 0.0000000000
136463  -43.247  1.736  16.017 0.0000000000
136448  -43.831  1.042  16.063 0.0000000000
137891  -44.928  1.798  15.544 0.0000000000
137890  -44.189  2.041  15.619 0.0000000000
108850  -29.091  -13.760  33.220 0.0000000000
108865  -29.323  -13.827  32.572 0.0000000000
110180  -28.602  -13.173  33.468 0.0000000000
113248  -27.712  -11.398  33.084 0.0000000000
111701  -27.862  -12.001  32.643 0.0000000000
113275  -27.948  -11.643  32.117 0.0000000000
114828  -27.991  -11.306  31.784 0.0000000000
120929  -30.282  -7.515  27.269 0.0000000000
120928  -29.672  -7.386  27.787 0.0000000000
117912  -29.996  -9.048  27.583 0.0000000000
120952  -31.771  -8.155  26.306 0.0000000000
119459  -31.927  -8.728  26.111 0.0000000000
119460  -32.369  -8.756  25.739 0.0000000000
119476  -32.735  -8.744  25.326 0.0000000000
120967  -32.585  -8.243  25.618 0.0000000000
122390  -33.056  -7.196  25.801 0.0000000000
98927  -24.198  -19.493  35.110 0.0000000000
97442  -24.863  -20.445  36.030 0.0000000000
98913  -24.580  -20.051  35.443 0.0000000000
95906  -27.026  -21.690  36.607 0.0000000000
95905  -26.308  -21.449  36.796 0.0000000000
92512  -11.547  -22.796  43.410 0.0000000000
90943  -11.308  -23.617  43.762 0.0000000000
89370  -12.008  -24.326  43.585 0.0000000000
75227  -10.312  -32.577  51.789 0.0000000000
75226  -9.548  -32.603  51.441 0.0000000000
73886  -10.150  -32.823  52.237 0.0000000000
73856  -10.033  -33.663  54.571 0.0000000000
73865  -9.122  -33.423  53.114 0.0000000000
72464  -9.002  -33.670  53.480 0.0000000000
73854  -8.196  -33.144  53.614 0.0000000000
72455  -8.243  -33.424  54.033 0.0000000000
113227  -35.267  -12.077  33.431 0.0000000000
114808  -34.776  -11.667  33.206 0.0000000000
114790  -34.760  -11.103  33.489 0.0000000000
97482  -29.150  -21.000  33.908 0.0000000000
95941  -29.423  -21.434  34.838 0.0000000000
100362  -13.359  -18.920  41.960 0.0000000000
101852  -13.269  -18.131  42.422 0.0000000000
100352  -12.866  -18.996  42.810 0.0000000000
97323  -12.956  -20.544  42.209 0.0000000000
97324  -13.463  -20.471  41.729 0.0000000000
95785  -14.359  -21.196  41.008 0.0000000000
94181  -14.930  -21.886  40.950 0.0000000000
92566  -14.681  -22.438  41.413 0.0000000000
95830  -16.639  -20.789  39.618 0.0000000000
95829  -15.988  -20.619  39.807 0.0000000000
95806  -16.342  -21.309  39.994 0.0000000000
94184  -17.429  -22.275  41.273 0.0000000000
92570  -17.352  -22.527  41.816 0.0000000000
92569  -16.920  -22.685  41.661 0.0000000000
101979  -34.342  -17.812  32.379 0.0000000000
103463  -33.354  -16.769  31.350 0.0000000000
106175  -31.631  -15.588  32.007 0.0000000000
104783  -31.481  -15.901  33.542 0.0000000000
106159  -31.242  -15.410  33.749 0.0000000000
107487  -30.488  -14.679  34.544 0.0000000000
107504  -30.500  -14.766  33.727 0.0000000000
107486  -29.999  -14.418  34.214 0.0000000000
107503  -30.026  -14.520  33.339 0.0000000000
104703  -18.893  -16.294  37.133 0.0000000000
103341  -19.295  -17.041  36.898 0.0000000000
104704  -19.476  -16.267  36.887 0.0000000000
104717  -20.528  -16.209  36.345 0.0000000000
104718  -21.165  -16.274  36.084 0.0000000000
103360  -21.584  -17.117  36.174 0.0000000000
104719  -21.724  -16.306  35.731 0.0000000000
106120  -23.019  -15.742  34.771 0.0000000000
107465  -22.382  -15.007  35.302 0.0000000000
106110  -22.522  -15.676  35.076 0.0000000000
104730  -22.209  -16.343  35.356 0.0000000000
103391  -23.002  -17.082  34.908 0.0000000000
101952  -23.280  -17.540  34.734 0.0000000000
101966  -24.321  -17.644  33.865 0.0000000000
101967  -24.782  -18.250  33.780 0.0000000000
100501  -25.159  -19.012  33.849 0.0000000000
101968  -25.240  -18.636  33.642 0.0000000000
106145  -26.749  -15.670  34.122 0.0000000000
106124  -26.562  -15.132  34.927 0.0000000000
107485  -26.217  -14.795  35.180 0.0000000000
106144  -25.873  -15.336  34.129 0.0000000000
103445  -26.931  -18.076  32.595 0.0000000000
100520  -26.568  -18.722  32.936 0.0000000000
100511  -26.753  -19.121  33.078 0.0000000000
98962  -27.117  -19.378  33.074 0.0000000000
97495  -27.580  -20.229  33.302 0.0000000000
98963  -27.567  -19.579  32.864 0.0000000000
98965  -28.966  -19.623  32.282 0.0000000000
97498  -30.147  -20.456  33.204 0.0000000000
97513  -30.301  -20.162  32.471 0.0000000000
101989  -29.277  -18.278  31.837 0.0000000000
101999  -30.081  -18.426  31.563 0.0000000000
97531  -31.645  -19.808  32.048 0.0000000000
97530  -31.309  -19.925  31.997 0.0000000000
98967  -31.871  -19.736  32.118 0.0000000000
98955  -32.608  -19.629  33.089 0.0000000000
98968  -32.361  -19.563  32.333 0.0000000000
100525  -33.478  -18.642  32.037 0.0000000000
100512  -33.489  -18.899  32.598 0.0000000000
100513  -34.008  -18.396  32.766 0.0000000000
100503  -34.512  -18.132  33.511 0.0000000000
107424  -18.590  -14.804  37.997 0.0000000000
107409  -18.319  -14.562  38.458 0.0000000000
106083  -18.589  -15.610  37.531 0.0000000000
104702  -18.303  -16.348  37.456 0.0000000000
113534  -37.529  -11.298  24.689 0.0000000000
118013  -38.017  -9.483  23.074 0.0000000000
116523  -38.447  -9.915  23.397 0.0000000000
121012  -37.378  -7.571  22.577 0.0000000000
122444  -37.798  -6.934  22.357 0.0000000000
133633  -36.676  -0.662  22.512 0.0000000000
132255  -36.356  -1.219  22.269 0.0000000000
133649  -36.729  -0.742  21.939 0.0000000000
130998  -37.290  -1.607  20.555 0.0000000000
130986  -37.001  -1.855  20.898 0.0000000000
129721  -37.462  -2.306  20.470 0.0000000000
128341  -37.385  -2.835  20.772 0.0000000000
133710  -39.280  -0.048  18.365 0.0000000000
132316  -38.625  -0.580  18.944 0.0000000000
132317  -38.978  -0.844  18.668 0.0000000000
129740  -39.877  -2.726  19.140 0.0000000000
129739  -39.063  -2.284  19.191 0.0000000000
128359  -39.353  -2.915  19.534 0.0000000000
128343  -39.022  -3.428  20.149 0.0000000000
128344  -40.075  -3.899  19.886 0.0000000000
128345  -40.559  -4.167  19.770 0.0000000000
132352  -43.690  -1.247  17.103 0.0000000000
139254  -46.237  2.317  15.318 0.0000000000
140792  -46.172  3.697  14.332 0.0000000000
139273  -47.490  2.681  14.814 0.0000000000
140794  -47.476  3.064  14.314 0.0000000000
143661  -46.657  5.327  13.781 0.0000000000
142182  -47.150  4.546  13.584 0.0000000000
142188  -47.468  4.950  13.354 0.0000000000
81071  -9.388  -28.946  47.972 0.0000000000
82329  -8.991  -28.457  48.056 0.0000000000
81059  -9.027  -29.189  48.335 0.0000000000
79714  -9.030  -29.884  48.603 0.0000000000
78200  -10.043  -30.559  48.751 0.0000000000
79718  -12.117  -29.563  48.782 0.0000000000
79729  -11.507  -29.627  48.129 0.0000000000
79706  -12.142  -29.731  49.269 0.0000000000
79680  -11.981  -30.418  51.085 0.0000000000
78178  -11.456  -30.813  50.074 0.0000000000
78167  -11.313  -31.107  50.398 0.0000000000
78177  -11.046  -31.154  49.994 0.0000000000
76688  -11.121  -31.522  50.805 0.0000000000
75238  -10.998  -31.879  51.348 0.0000000000
76677  -11.564  -31.270  51.506 0.0000000000
78130  -11.790  -30.936  53.423 0.0000000000
103465  -34.519  -16.713  31.858 0.0000000000
103455  -35.232  -16.757  32.702 0.0000000000
104801  -34.555  -16.148  31.731 0.0000000000
107543  -33.496  -14.795  31.300 0.0000000000
106179  -34.637  -15.240  31.751 0.0000000000
107544  -34.197  -14.742  31.610 0.0000000000
107545  -34.610  -14.719  31.874 0.0000000000
108883  -33.839  -14.126  31.544 0.0000000000
107539  -30.374  -14.034  31.537 0.0000000000
108879  -30.604  -13.733  31.245 0.0000000000
111721  -31.365  -12.605  31.251 0.0000000000
110232  -31.631  -13.355  31.069 0.0000000000
110234  -33.461  -13.510  31.516 0.0000000000
111723  -33.200  -12.919  31.671 0.0000000000
111704  -34.008  -12.641  32.170 0.0000000000
114857  -32.009  -11.604  31.504 0.0000000000
113276  -32.100  -12.165  31.689 0.0000000000
116338  -32.365  -11.315  31.593 0.0000000000
116356  -32.125  -11.199  31.457 0.0000000000
119383  -27.923  -8.536  30.873 0.0000000000
117843  -27.636  -9.344  32.266 0.0000000000
117851  -27.777  -9.305  31.288 0.0000000000
116375  -28.037  -10.071  30.856 0.0000000000
120905  -28.436  -7.958  29.875 0.0000000000
119409  -28.595  -8.421  29.452 0.0000000000
116411  -29.553  -9.972  29.161 0.0000000000
116410  -29.117  -9.785  29.421 0.0000000000
116397  -29.338  -10.160  29.596 0.0000000000
114894  -29.167  -10.503  29.952 0.0000000000
114897  -32.126  -11.007  29.942 0.0000000000
114878  -32.484  -10.865  30.442 0.0000000000
116378  -32.923  -10.851  30.877 0.0000000000
116400  -33.129  -10.833  30.537 0.0000000000
113398  -33.546  -11.890  28.876 0.0000000000
113446  -32.054  -11.901  27.306 0.0000000000
113472  -32.234  -11.720  26.556 0.0000000000
111854  -34.064  -12.686  26.917 0.0000000000
111853  -33.291  -12.532  27.075 0.0000000000
111834  -34.660  -12.666  27.666 0.0000000000
113475  -36.012  -12.157  25.733 0.0000000000
111857  -36.441  -12.351  26.873 0.0000000000
113476  -36.340  -12.079  25.793 0.0000000000
113506  -36.570  -11.781  25.287 0.0000000000
113507  -37.309  -11.554  25.267 0.0000000000
113532  -36.083  -11.533  24.687 0.0000000000
116498  -34.873  -10.472  23.838 0.0000000000
116519  -35.133  -10.023  23.534 0.0000000000
118010  -35.435  -9.416  23.239 0.0000000000
118009  -34.836  -9.145  23.398 0.0000000000
120980  -33.269  -8.045  24.754 0.0000000000
119489  -33.471  -8.644  24.425 0.0000000000
120981  -33.559  -7.946  24.328 0.0000000000
122427  -34.154  -7.007  23.822 0.0000000000
120992  -33.963  -7.783  23.895 0.0000000000
122428  -34.681  -6.920  23.353 0.0000000000
126811  -34.479  -4.312  24.180 0.0000000000
101918  -20.232  -17.998  37.011 0.0000000000
100455  -20.451  -18.534  37.375 0.0000000000
101919  -20.950  -18.126  37.092 0.0000000000
100440  -22.443  -18.745  38.087 0.0000000000
100422  -23.144  -19.184  39.098 0.0000000000
98863  -23.563  -19.636  39.329 0.0000000000
95903  -25.131  -20.942  37.389 0.0000000000
97429  -24.372  -20.320  37.242 0.0000000000
95886  -25.035  -20.858  37.936 0.0000000000
95908  -28.959  -21.671  36.638 0.0000000000
84889  -9.612  -26.810  46.566 0.0000000000
86292  -9.591  -26.094  46.292 0.0000000000
89327  -10.158  -24.267  44.895 0.0000000000
87791  -10.376  -25.099  45.036 0.0000000000
84907  -11.619  -26.594  45.184 0.0000000000
84906  -10.934  -26.576  45.322 0.0000000000
84898  -11.512  -27.087  45.641 0.0000000000
84897  -10.813  -27.072  45.747 0.0000000000
83605  -12.124  -27.514  46.049 0.0000000000
94155  -13.137  -21.868  42.105 0.0000000000
92532  -13.034  -22.508  42.302 0.0000000000
89398  -14.419  -24.090  42.980 0.0000000000
89397  -13.742  -23.976  42.914 0.0000000000
87824  -13.861  -24.882  43.725 0.0000000000
87825  -14.515  -24.866  43.838 0.0000000000
143675  -49.993  5.255  12.282 0.0000000000
71089  -8.750  -35.004  56.190 0.0000000000
71101  -8.963  -34.768  56.139 0.0000000000
72422  -7.799  -34.369  55.370 0.0000000000
73822  -7.393  -33.744  55.033 0.0000000000
73821  -7.105  -33.911  55.208 0.0000000000
97391  -19.726  -20.231  38.938 0.0000000000
98860  -19.442  -19.992  38.391 0.0000000000
98861  -20.110  -19.791  38.495 0.0000000000
100418  -20.625  -19.348  38.319 0.0000000000
98931  -34.311  -18.868  34.734 0.0000000000
104670  -17.210  -16.420  38.538 0.0000000000
104654  -16.970  -16.043  39.034 0.0000000000
103325  -17.287  -17.187  38.121 0.0000000000
101892  -17.174  -17.838  38.223 0.0000000000
100417  -17.111  -18.487  38.371 0.0000000000
98857  -17.216  -19.308  38.477 0.0000000000
98876  -17.376  -18.822  38.238 0.0000000000
98858  -17.990  -19.792  38.396 0.0000000000
103395  -30.742  -16.756  34.767 0.0000000000
128308  -35.262  -3.700  22.940 0.0000000000
126827  -35.725  -4.368  22.504 0.0000000000
130975  -36.038  -2.623  22.045 0.0000000000
136430  -40.452  1.399  17.499 0.0000000000
137870  -40.811  2.059  17.426 0.0000000000
136444  -41.507  1.529  16.711 0.0000000000
135053  -41.762  1.159  16.620 0.0000000000
135054  -42.134  0.818  16.522 0.0000000000
136445  -42.022  1.554  16.469 0.0000000000
137888  -42.944  2.226  16.051 0.0000000000
137889  -43.538  2.218  15.801 0.0000000000
139250  -43.217  2.882  15.869 0.0000000000
110179  -28.292  -12.561  33.734 0.0000000000
113226  -27.870  -11.520  33.923 0.0000000000
113225  -27.696  -11.082  33.588 0.0000000000
114805  -27.643  -10.709  33.088 0.0000000000
120943  -30.771  -7.918  26.969 0.0000000000
119446  -30.875  -8.548  26.780 0.0000000000
120944  -31.389  -7.793  26.648 0.0000000000
120945  -31.916  -7.670  26.377 0.0000000000
122381  -32.381  -7.150  26.387 0.0000000000
97477  -25.268  -20.274  34.725 0.0000000000
97460  -25.115  -20.406  35.279 0.0000000000
97444  -26.151  -20.963  35.284 0.0000000000
95907  -27.983  -21.771  36.852 0.0000000000
94106  -11.222  -22.261  43.719 0.0000000000
92513  -12.081  -22.980  43.052 0.0000000000
140812  -48.294  3.835  13.258 0.0000000000
140813  -49.317  3.512  13.105 0.0000000000
75202  -10.911  -32.586  54.035 0.0000000000
73867  -10.527  -33.005  53.424 0.0000000000
73857  -10.502  -33.161  54.239 0.0000000000
73845  -10.507  -33.189  55.080 0.0000000000
73844  -10.130  -33.639  55.411 0.0000000000
97483  -29.982  -20.733  33.915 0.0000000000
97465  -30.642  -20.745  34.821 0.0000000000
97446  -31.446  -20.624  35.565 0.0000000000
97433  -32.171  -20.591  36.311 0.0000000000
104627  -15.353  -16.555  40.792 0.0000000000
104626  -14.962  -16.538  41.292 0.0000000000
104608  -14.536  -16.472  41.935 0.0000000000
104607  -14.115  -16.789  42.171 0.0000000000
103266  -14.052  -17.562  41.676 0.0000000000
101853  -13.709  -18.134  41.788 0.0000000000
98798  -13.666  -19.693  41.527 0.0000000000
97338  -14.489  -20.505  40.778 0.0000000000
95804  -14.924  -21.187  40.627 0.0000000000
95808  -17.815  -21.454  39.998 0.0000000000
94214  -18.119  -21.707  40.535 0.0000000000
94185  -18.082  -21.911  41.096 0.0000000000
100536  -33.157  -18.116  31.472 0.0000000000
100537  -33.637  -17.694  31.548 0.0000000000
102003  -33.159  -17.384  31.302 0.0000000000
107438  -19.388  -14.599  37.434 0.0000000000
106096  -19.724  -15.749  36.867 0.0000000000
106085  -19.732  -15.221  37.020 0.0000000000
107439  -20.085  -14.711  36.955 0.0000000000
107452  -20.622  -14.773  36.521 0.0000000000
108806  -23.530  -14.223  35.158 0.0000000000
107466  -23.053  -14.977  34.945 0.0000000000
107480  -23.311  -15.345  34.716 0.0000000000
103392  -23.453  -17.077  34.453 0.0000000000
106141  -23.895  -15.868  34.196 0.0000000000
104762  -24.096  -16.243  34.030 0.0000000000
104763  -24.606  -16.349  33.794 0.0000000000
106146  -27.308  -15.957  34.120 0.0000000000
104781  -26.776  -16.721  33.050 0.0000000000
103446  -27.269  -17.928  32.516 0.0000000000
101986  -27.238  -18.460  32.560 0.0000000000
100522  -27.694  -19.016  32.539 0.0000000000
100524  -28.979  -18.981  31.965 0.0000000000
101991  -30.272  -17.473  32.016 0.0000000000
98980  -32.331  -19.047  31.673 0.0000000000
98981  -32.901  -18.717  31.661 0.0000000000
116521  -36.916  -9.929  23.182 0.0000000000
118011  -36.983  -9.600  23.016 0.0000000000
118043  -37.539  -8.989  22.846 0.0000000000
119531  -37.840  -8.289  22.731 0.0000000000
123904  -37.879  -5.717  21.965 0.0000000000
123905  -38.704  -5.809  21.962 0.0000000000
134961  -37.886  0.359  21.444 0.0000000000
133662  -37.139  -0.393  21.473 0.0000000000
134960  -37.520  0.007  20.963 0.0000000000
133685  -37.642  -0.421  20.188 0.0000000000
132290  -37.853  -1.017  19.836 0.0000000000
131036  -40.171  -0.999  17.883 0.0000000000
131024  -39.722  -1.506  18.391 0.0000000000
131025  -40.239  -1.979  18.442 0.0000000000
129753  -40.714  -2.603  18.573 0.0000000000
129741  -40.324  -3.117  19.088 0.0000000000
128361  -40.837  -3.778  19.158 0.0000000000
128362  -41.962  -3.988  19.161 0.0000000000
140791  -45.326  3.762  14.650 0.0000000000
140800  -46.310  4.122  14.061 0.0000000000
142181  -46.315  4.636  14.004 0.0000000000
83584  -9.481  -28.025  47.308 0.0000000000
82336  -9.462  -28.527  47.636 0.0000000000
81072  -9.919  -29.207  47.799 0.0000000000
78146  -11.808  -30.866  51.996 0.0000000000
106177  -33.165  -15.491  31.275 0.0000000000
110260  -29.650  -12.859  31.151 0.0000000000
110230  -30.098  -13.064  31.164 0.0000000000
114856  -31.608  -11.422  31.332 0.0000000000
117910  -29.315  -8.712  28.249 0.0000000000
117898  -29.131  -8.723  28.591 0.0000000000
117899  -29.384  -9.220  28.485 0.0000000000
114913  -30.008  -10.389  29.169 0.0000000000
114915  -31.714  -11.118  29.215 0.0000000000
114916  -32.507  -11.243  29.517 0.0000000000
114917  -33.206  -11.308  29.636 0.0000000000
113369  -32.220  -11.373  29.028 0.0000000000
113396  -32.395  -11.707  28.544 0.0000000000
111809  -32.865  -12.095  28.301 0.0000000000
114974  -32.307  -10.994  25.858 0.0000000000
113473  -32.863  -11.844  25.929 0.0000000000
113474  -33.500  -12.160  25.676 0.0000000000
111874  -34.299  -12.505  25.923 0.0000000000
111894  -34.998  -12.281  25.510 0.0000000000
113531  -35.393  -11.527  24.616 0.0000000000
115009  -34.838  -10.959  24.245 0.0000000000
116497  -34.404  -10.062  23.933 0.0000000000
122403  -33.589  -6.739  25.306 0.0000000000
123878  -34.055  -6.358  24.238 0.0000000000
125367  -34.195  -5.906  24.046 0.0000000000
103344  -21.155  -17.548  36.620 0.0000000000
101905  -21.444  -18.362  37.422 0.0000000000
100457  -22.276  -18.483  37.260 0.0000000000
87807  -11.465  -25.117  44.227 0.0000000000
87792  -10.945  -25.172  44.569 0.0000000000
86331  -11.419  -25.653  44.499 0.0000000000
86317  -11.791  -26.160  44.737 0.0000000000
84908  -12.299  -26.584  45.140 0.0000000000
83606  -12.637  -27.281  45.947 0.0000000000
84900  -12.790  -26.914  45.581 0.0000000000
92551  -14.149  -22.576  41.784 0.0000000000
90983  -13.788  -23.005  42.204 0.0000000000
89374  -14.966  -24.417  43.565 0.0000000000
108853  -36.304  -14.409  33.387 0.0000000000
108852  -35.947  -13.903  33.244 0.0000000000
95771  -19.316  -21.087  41.450 0.0000000000
97340  -20.048  -20.489  40.921 0.0000000000
98813  -20.519  -20.144  40.985 0.0000000000
98814  -21.004  -19.787  41.053 0.0000000000
98828  -20.940  -19.784  40.284 0.0000000000
97468  -32.742  -19.834  34.624 0.0000000000
97448  -32.876  -19.966  35.414 0.0000000000
106027  -16.152  -15.820  40.402 0.0000000000
104653  -16.620  -16.464  39.180 0.0000000000
104642  -16.145  -16.483  39.823 0.0000000000
104641  -15.746  -16.523  40.326 0.0000000000
101872  -15.513  -18.071  39.865 0.0000000000
100390  -15.360  -18.800  39.960 0.0000000000
98826  -15.277  -19.507  40.054 0.0000000000
98840  -15.734  -19.409  39.663 0.0000000000
97368  -16.212  -20.057  39.477 0.0000000000
97369  -16.826  -20.331  39.243 0.0000000000
97387  -16.998  -19.906  38.923 0.0000000000
97370  -17.254  -20.400  39.092 0.0000000000
95831  -17.382  -20.886  39.428 0.0000000000
95809  -18.474  -21.466  40.210 0.0000000000
95786  -18.839  -21.389  40.691 0.0000000000
103452  -31.163  -16.518  32.608 0.0000000000
104768  -28.198  -16.458  34.121 0.0000000000
103433  -28.657  -17.102  32.921 0.0000000000
103434  -29.330  -17.027  33.083 0.0000000000
103450  -29.891  -17.272  32.443 0.0000000000
103451  -30.645  -17.057  32.231 0.0000000000
121011  -36.537  -7.564  22.593 0.0000000000
122442  -36.002  -6.793  22.601 0.0000000000
123902  -36.683  -5.868  22.256 0.0000000000
125386  -36.055  -4.760  22.275 0.0000000000
125387  -36.563  -5.116  22.136 0.0000000000
123903  -37.169  -5.704  22.076 0.0000000000
125388  -37.399  -5.084  21.871 0.0000000000
126830  -37.591  -4.553  21.644 0.0000000000
126840  -37.982  -4.222  21.314 0.0000000000
136401  -38.702  0.839  19.416 0.0000000000
135016  -39.087  0.624  18.667 0.0000000000
133727  -39.818  0.040  17.851 0.0000000000
135033  -40.127  0.712  17.661 0.0000000000
132330  -40.131  -0.455  17.695 0.0000000000
132331  -40.787  -0.622  17.419 0.0000000000
132333  -42.103  -1.408  17.496 0.0000000000
132334  -42.508  -1.621  17.526 0.0000000000
132351  -42.886  -1.227  17.178 0.0000000000
133746  -43.603  -0.640  16.824 0.0000000000
133755  -42.502  0.453  16.503 0.0000000000
133757  -43.561  0.029  16.501 0.0000000000
133758  -44.290  -0.148  16.560 0.0000000000
139251  -43.896  2.897  15.488 0.0000000000
139269  -44.422  3.210  15.149 0.0000000000
140790  -44.622  3.786  14.953 0.0000000000
82348  -11.448  -28.464  46.950 0.0000000000
81075  -12.053  -29.008  47.730 0.0000000000
82319  -12.674  -28.917  48.624 0.0000000000
107516  -30.110  -14.495  32.523 0.0000000000
108866  -29.721  -14.093  32.218 0.0000000000
108877  -29.389  -13.652  32.055 0.0000000000
110202  -28.217  -12.656  32.823 0.0000000000
110228  -28.577  -12.805  32.047 0.0000000000
110229  -29.282  -13.041  31.558 0.0000000000
111718  -28.720  -12.400  31.563 0.0000000000
113301  -28.819  -12.074  31.236 0.0000000000
120914  -29.065  -7.514  28.722 0.0000000000
122355  -29.602  -6.739  28.321 0.0000000000
120915  -29.363  -7.437  28.254 0.0000000000
119420  -29.288  -8.149  28.297 0.0000000000
117911  -29.536  -8.901  27.964 0.0000000000
116434  -30.303  -9.931  27.642 0.0000000000
114943  -30.741  -10.557  27.450 0.0000000000
114957  -30.840  -10.520  27.154 0.0000000000
116445  -31.285  -10.145  26.509 0.0000000000
117936  -31.578  -9.408  26.226 0.0000000000
116458  -31.836  -10.179  26.017 0.0000000000
116459  -32.354  -10.139  25.584 0.0000000000
116475  -32.831  -10.111  25.187 0.0000000000
116476  -33.292  -10.073  24.785 0.0000000000
117957  -32.973  -9.394  25.033 0.0000000000
119477  -33.097  -8.689  24.883 0.0000000000
120954  -32.655  -7.764  25.718 0.0000000000
122402  -33.293  -7.432  25.035 0.0000000000
123849  -33.931  -6.023  25.587 0.0000000000
100477  -23.318  -18.733  35.573 0.0000000000
100468  -23.159  -18.869  36.354 0.0000000000
98912  -24.094  -19.775  36.039 0.0000000000
97441  -24.431  -20.254  36.611 0.0000000000
95904  -25.567  -21.165  36.957 0.0000000000
97443  -25.613  -20.894  35.715 0.0000000000
90926  -10.208  -23.602  44.711 0.0000000000
92488  -10.610  -22.746  44.413 0.0000000000
90927  -10.681  -23.631  44.245 0.0000000000
89350  -10.936  -24.474  44.289 0.0000000000
89351  -11.470  -24.469  43.938 0.0000000000
87808  -12.127  -25.111  43.910 0.0000000000
87809  -12.906  -25.282  43.935 0.0000000000
92534  -16.338  -23.414  43.061 0.0000000000
76686  -9.478  -31.950  50.395 0.0000000000
76685  -8.706  -31.668  50.570 0.0000000000
75235  -9.285  -32.231  50.905 0.0000000000
75225  -8.876  -32.313  51.334 0.0000000000
75216  -8.539  -32.547  52.050 0.0000000000
73875  -9.278  -33.125  52.534 0.0000000000
73874  -8.664  -33.033  52.681 0.0000000000
75215  -8.105  -32.277  52.299 0.0000000000
75208  -7.913  -32.324  52.705 0.0000000000
75200  -7.865  -32.571  53.198 0.0000000000
133651  -37.666  0.059  22.569 0.0000000000
134977  -38.490  0.801  21.026 0.0000000000
136358  -38.991  1.159  20.711 0.0000000000
116341  -34.043  -10.846  32.470 0.0000000000
95953  -27.971  -21.255  34.378 0.0000000000
95925  -30.014  -21.417  35.731 0.0000000000
97434  -32.896  -20.287  36.229 0.0000000000
100340  -12.763  -18.522  43.383 0.0000000000
100351  -12.410  -19.642  43.139 0.0000000000
98782  -12.294  -20.200  42.994 0.0000000000
97305  -12.156  -20.720  43.080 0.0000000000
97306  -12.530  -20.655  42.661 0.0000000000
95768  -12.810  -21.241  42.343 0.0000000000
95784  -13.792  -21.186  41.436 0.0000000000
94156  -13.645  -21.878  41.707 0.0000000000
92552  -14.880  -22.968  41.863 0.0000000000
92553  -15.710  -23.270  42.209 0.0000000000
97352  -15.267  -20.188  40.105 0.0000000000
95805  -15.524  -20.980  40.182 0.0000000000
94210  -15.344  -21.647  40.583 0.0000000000
94212  -16.853  -21.942  40.438 0.0000000000
94182  -15.715  -22.223  40.954 0.0000000000
92568  -16.146  -22.776  41.537 0.0000000000
101955  -35.041  -17.834  33.957 0.0000000000
101970  -35.292  -17.346  33.607 0.0000000000
101980  -34.782  -17.434  32.707 0.0000000000
101993  -34.540  -17.331  32.211 0.0000000000
103464  -34.075  -16.805  31.619 0.0000000000
102004  -33.691  -17.241  31.493 0.0000000000
108835  -29.004  -13.547  34.085 0.0000000000
108824  -29.522  -13.784  34.863 0.0000000000
101915  -18.399  -17.596  37.347 0.0000000000
100453  -19.199  -18.405  37.209 0.0000000000
101916  -18.940  -17.694  37.121 0.0000000000
103342  -19.942  -17.354  36.749 0.0000000000
104716  -19.969  -16.214  36.612 0.0000000000
103358  -20.270  -16.832  36.556 0.0000000000
101930  -21.937  -17.611  36.246 0.0000000000
103361  -22.063  -17.338  35.916 0.0000000000
110134  -21.228  -13.397  37.154 0.0000000000
108789  -21.039  -13.987  36.709 0.0000000000
107453  -21.292  -14.771  36.094 0.0000000000
108804  -22.235  -14.557  35.531 0.0000000000
107454  -21.883  -14.909  35.649 0.0000000000
106099  -21.477  -15.563  35.839 0.0000000000
103374  -22.468  -17.131  35.445 0.0000000000
100490  -23.724  -18.839  34.998 0.0000000000
100491  -24.185  -18.907  34.549 0.0000000000
101954  -24.322  -18.562  34.192 0.0000000000
98939  -24.592  -19.415  34.573 0.0000000000
98940  -25.170  -19.727  34.236 0.0000000000
98941  -25.890  -20.020  33.909 0.0000000000
98942  -26.454  -20.029  33.716 0.0000000000
107483  -25.225  -14.732  34.592 0.0000000000
107501  -25.139  -15.118  34.236 0.0000000000
106143  -25.007  -15.658  33.926 0.0000000000
103413  -25.347  -17.001  33.359 0.0000000000
104780  -26.008  -16.834  33.134 0.0000000000
103429  -25.607  -17.494  33.196 0.0000000000
101977  -25.452  -18.323  33.392 0.0000000000
100510  -26.182  -18.945  33.232 0.0000000000
98953  -26.805  -19.643  33.353 0.0000000000
97494  -26.963  -20.270  33.679 0.0000000000
97481  -28.208  -20.927  33.776 0.0000000000
98964  -28.209  -19.606  32.524 0.0000000000
97497  -29.340  -20.560  33.226 0.0000000000
97485  -31.556  -20.283  33.922 0.0000000000
100531  -29.586  -19.054  31.715 0.0000000000
100532  -30.164  -19.081  31.547 0.0000000000
98977  -30.063  -19.664  31.848 0.0000000000
97514  -31.137  -20.168  32.516 0.0000000000
97500  -31.664  -20.143  33.171 0.0000000000
97486  -32.236  -19.954  33.888 0.0000000000
98943  -32.578  -19.728  33.599 0.0000000000
98944  -33.105  -19.466  33.786 0.0000000000
98945  -33.630  -19.034  33.708 0.0000000000
100492  -34.086  -18.827  34.203 0.0000000000
107394  -17.755  -14.595  39.445 0.0000000000
107408  -17.912  -14.933  38.675 0.0000000000
106054  -17.540  -15.660  38.592 0.0000000000
104688  -17.758  -16.386  37.934 0.0000000000
103339  -18.068  -17.017  37.481 0.0000000000
115030  -38.224  -10.438  23.722 0.0000000000
119532  -38.613  -8.262  22.753 0.0000000000
122445  -38.608  -7.034  22.394 0.0000000000
130964  -35.945  -1.748  22.699 0.0000000000
130976  -36.225  -2.102  21.903 0.0000000000
132274  -36.753  -1.557  21.155 0.0000000000
130985  -36.644  -2.002  21.284 0.0000000000
129709  -36.610  -2.695  21.396 0.0000000000
128329  -37.233  -3.403  21.187 0.0000000000
128330  -38.267  -3.701  20.813 0.0000000000
133696  -38.325  -0.163  19.307 0.0000000000
132304  -38.356  -0.895  19.192 0.0000000000
131013  -38.180  -1.635  19.555 0.0000000000
131023  -39.062  -1.592  18.835 0.0000000000
129738  -38.533  -2.006  19.439 0.0000000000
129722  -38.301  -2.437  19.832 0.0000000000
128331  -38.783  -3.836  20.683 0.0000000000
126852  -39.124  -4.012  20.681 0.0000000000
126843  -40.130  -4.542  21.014 0.0000000000
126868  -40.928  -4.363  19.837 0.0000000000
140803  -48.651  3.241  13.698 0.0000000000
142189  -47.849  4.557  13.199 0.0000000000
143668  -48.294  5.271  12.877 0.0000000000
145170  -48.071  5.988  13.086 0.0000000000
81046  -8.293  -29.227  49.188 0.0000000000
79703  -8.622  -29.928  48.972 0.0000000000
78187  -8.798  -30.704  49.241 0.0000000000
81074  -11.522  -29.315  47.782 0.0000000000
79728  -11.138  -29.755  48.057 0.0000000000
79716  -10.823  -30.314  48.619 0.0000000000
79705  -11.619  -30.373  49.427 0.0000000000
79704  -11.076  -30.665  49.194 0.0000000000
78189  -10.571  -30.981  49.276 0.0000000000
76708  -9.987  -31.295  49.505 0.0000000000
76699  -9.771  -31.606  49.910 0.0000000000
76687  -10.276  -31.933  50.473 0.0000000000
75237  -10.617  -32.097  51.178 0.0000000000
75219  -10.873  -32.424  52.489 0.0000000000
76667  -11.603  -31.368  52.179 0.0000000000
76657  -11.591  -31.444  52.897 0.0000000000
76656  -11.279  -31.982  53.083 0.0000000000
103439  -35.414  -16.878  33.135 0.0000000000
106169  -35.102  -15.661  32.137 0.0000000000
107532  -35.502  -14.717  32.590 0.0000000000
108868  -35.359  -14.073  32.630 0.0000000000
107540  -30.757  -14.307  31.506 0.0000000000
108881  -32.125  -14.111  31.054 0.0000000000
108893  -31.287  -13.630  30.983 0.0000000000
110236  -34.479  -13.714  32.127 0.0000000000
110205  -34.799  -13.488  32.395 0.0000000000
111705  -34.494  -12.988  32.387 0.0000000000
111681  -34.422  -12.455  32.487 0.0000000000
113279  -33.946  -12.075  32.304 0.0000000000
113277  -32.647  -12.027  31.738 0.0000000000
113278  -33.460  -11.948  32.060 0.0000000000
113250  -33.942  -11.702  32.436 0.0000000000
114831  -33.640  -11.396  32.281 0.0000000000
114832  -33.968  -11.190  32.562 0.0000000000
116336  -27.602  -10.220  32.623 0.0000000000
119368  -27.844  -8.503  32.660 0.0000000000
117842  -27.605  -9.789  32.501 0.0000000000
116353  -27.638  -10.352  32.122 0.0000000000
114855  -28.023  -10.865  31.375 0.0000000000
113319  -28.497  -11.282  31.005 0.0000000000
119396  -28.278  -8.616  30.028 0.0000000000
117886  -28.977  -9.200  29.143 0.0000000000
117873  -28.559  -9.382  29.774 0.0000000000
116395  -28.448  -9.990  30.183 0.0000000000
114893  -28.759  -10.323  30.058 0.0000000000
114877  -31.093  -11.168  30.884 0.0000000000
116398  -31.618  -10.990  30.668 0.0000000000
116377  -32.211  -10.938  30.914 0.0000000000
116357  -32.899  -10.865  31.342 0.0000000000
116358  -33.446  -10.854  31.539 0.0000000000
116359  -34.180  -10.734  31.645 0.0000000000
114918  -33.646  -11.318  29.719 0.0000000000
113445  -31.563  -11.502  27.535 0.0000000000
111831  -32.490  -12.164  27.786 0.0000000000
111832  -33.102  -12.395  27.796 0.0000000000
111872  -32.833  -12.257  26.567 0.0000000000
115012  -37.129  -11.054  24.145 0.0000000000
115010  -35.615  -11.099  24.189 0.0000000000
115011  -36.347  -11.091  24.149 0.0000000000
115028  -36.615  -10.585  23.619 0.0000000000
116520  -36.061  -9.885  23.243 0.0000000000
118041  -35.905  -9.119  22.942 0.0000000000
119528  -35.481  -8.337  22.886 0.0000000000
117982  -33.834  -9.308  24.147 0.0000000000
118008  -34.293  -9.197  23.742 0.0000000000
119506  -34.348  -8.456  23.567 0.0000000000
119507  -34.864  -8.364  23.170 0.0000000000
122441  -35.269  -6.845  22.903 0.0000000000
125375  -35.057  -5.296  23.086 0.0000000000
125368  -34.415  -5.358  23.811 0.0000000000
126819  -34.787  -4.526  23.452 0.0000000000
128307  -34.961  -4.085  23.197 0.0000000000
129683  -34.989  -2.976  23.519 0.0000000000
100454  -19.866  -18.509  37.303 0.0000000000
100437  -20.188  -19.110  37.809 0.0000000000
100439  -21.731  -18.605  37.881 0.0000000000
100420  -21.848  -18.884  38.835 0.0000000000
98903  -23.547  -19.388  36.692 0.0000000000
98893  -23.474  -19.583  37.523 0.0000000000
98882  -23.953  -20.105  38.108 0.0000000000
95868  -24.908  -20.734  38.462 0.0000000000
97394  -24.514  -20.447  38.861 0.0000000000
97405  -23.785  -19.885  38.961 0.0000000000
97393  -23.969  -19.986  39.358 0.0000000000
95923  -28.299  -21.667  35.837 0.0000000000
84888  -9.161  -26.818  47.142 0.0000000000
83594  -10.442  -27.852  46.588 0.0000000000
87775  -9.847  -25.237  45.636 0.0000000000
86315  -10.385  -25.928  45.329 0.0000000000
86303  -9.965  -26.035  45.799 0.0000000000
84896  -10.111  -26.807  46.027 0.0000000000
83603  -10.654  -27.487  46.193 0.0000000000
83595  -11.132  -28.024  46.530 0.0000000000
83596  -12.082  -28.157  46.752 0.0000000000
83585  -12.448  -28.319  47.178 0.0000000000
83598  -13.484  -27.375  46.559 0.0000000000
94133  -12.134  -21.865  42.899 0.0000000000
90960  -12.588  -23.450  42.936 0.0000000000
90961  -13.250  -23.268  42.545 0.0000000000
89396  -13.141  -23.875  42.980 0.0000000000
89371  -12.693  -24.216  43.278 0.0000000000
87823  -13.176  -24.837  43.621 0.0000000000
86335  -13.843  -25.589  44.498 0.0000000000
90947  -16.041  -23.792  43.593 0.0000000000
89375  -15.456  -24.268  43.766 0.0000000000
87811  -14.278  -25.294  44.301 0.0000000000
87793  -14.262  -25.667  44.809 0.0000000000
86320  -13.785  -26.001  44.897 0.0000000000
142197  -49.512  4.505  12.452 0.0000000000
73833  -10.214  -33.425  56.206 0.0000000000
72436  -9.727  -34.007  55.823 0.0000000000
72413  -9.693  -34.334  56.911 0.0000000000
72435  -9.078  -34.290  55.430 0.0000000000
72445  -8.838  -34.024  54.684 0.0000000000
72443  -7.745  -33.459  54.588 0.0000000000
75183  -7.397  -32.803  54.287 0.0000000000
71098  -7.041  -34.719  55.389 0.0000000000
71097  -6.492  -34.474  55.274 0.0000000000
72420  -6.697  -34.174  55.335 0.0000000000
75181  -6.692  -32.954  54.400 0.0000000000
71088  -8.155  -34.866  55.677 0.0000000000
71100  -8.826  -34.847  56.035 0.0000000000
71109  -6.374  -34.433  54.818 0.0000000000
72411  -8.391  -34.794  55.730 0.0000000000
72412  -8.621  -34.850  55.909 0.0000000000
72421  -7.145  -34.312  55.423 0.0000000000
72423  -8.654  -34.623  55.733 0.0000000000
72424  -9.315  -34.412  56.196 0.0000000000
72432  -6.338  -33.984  55.008 0.0000000000
72433  -7.780  -33.783  54.897 0.0000000000
72444  -8.144  -33.633  54.456 0.0000000000
72456  -8.642  -33.652  53.955 0.0000000000
72457  -9.342  -33.868  54.217 0.0000000000
72465  -9.122  -33.691  53.665 0.0000000000
73820  -6.885  -33.796  55.362 0.0000000000
73830  -6.678  -33.646  55.039 0.0000000000
73832  -7.438  -33.273  54.656 0.0000000000
73842  -7.720  -33.119  54.278 0.0000000000
73843  -8.031  -33.244  54.067 0.0000000000
73855  -8.607  -33.405  53.483 0.0000000000
73876  -10.112  -33.080  52.684 0.0000000000
73885  -9.763  -32.864  52.074 0.0000000000
75201  -8.077  -32.785  53.071 0.0000000000
75209  -8.244  -32.710  52.646 0.0000000000
75210  -10.940  -32.500  53.284 0.0000000000
75218  -10.430  -32.775  52.394 0.0000000000
75228  -10.927  -32.130  51.786 0.0000000000
76665  -8.114  -31.969  51.934 0.0000000000
76666  -11.286  -31.864  52.344 0.0000000000
76697  -8.669  -31.364  50.129 0.0000000000
76706  -8.987  -31.130  49.541 0.0000000000
76707  -9.367  -31.223  49.495 0.0000000000
78139  -11.799  -30.900  52.693 0.0000000000
78157  -11.748  -30.832  51.366 0.0000000000
78168  -11.582  -30.897  50.739 0.0000000000
78175  -8.436  -30.896  50.017 0.0000000000
78176  -8.762  -31.083  49.634 0.0000000000
78188  -9.684  -30.929  49.105 0.0000000000
78198  -8.893  -30.284  48.803 0.0000000000
79702  -8.322  -29.939  49.447 0.0000000000
79727  -10.464  -29.751  48.014 0.0000000000
81047  -8.668  -29.450  48.747 0.0000000000
81048  -12.432  -29.293  49.024 0.0000000000
81058  -8.514  -28.960  48.742 0.0000000000
81060  -9.525  -29.319  48.085 0.0000000000
81061  -11.711  -29.522  48.192 0.0000000000
82339  -11.721  -28.802  47.345 0.0000000000
82349  -11.896  -28.517  47.091 0.0000000000
83592  -9.203  -27.451  47.338 0.0000000000
89349  -10.464  -24.137  44.520 0.0000000000
89399  -14.814  -24.092  43.058 0.0000000000
90929  -15.795  -24.118  43.951 0.0000000000
90942  -10.853  -23.190  44.025 0.0000000000
90946  -15.523  -24.020  43.403 0.0000000000
90964  -15.400  -23.696  42.796 0.0000000000
90982  -13.386  -22.817  42.253 0.0000000000
92530  -11.895  -22.366  43.059 0.0000000000
94107  -11.572  -21.948  43.443 0.0000000000
94108  -11.841  -21.669  43.202 0.0000000000
95732  -11.706  -21.336  43.458 0.0000000000
95750  -12.382  -21.275  42.764 0.0000000000
95787  -19.221  -21.181  40.791 0.0000000000
95810  -18.968  -21.215  40.201 0.0000000000
95828  -15.606  -20.460  39.959 0.0000000000
95849  -17.502  -20.571  39.114 0.0000000000
95850  -17.797  -20.717  39.142 0.0000000000
95920  -25.849  -21.182  36.327 0.0000000000
95940  -28.557  -21.528  34.997 0.0000000000
95942  -30.208  -21.113  35.144 0.0000000000
95955  -29.172  -21.294  34.312 0.0000000000
97291  -11.849  -20.847  43.401 0.0000000000
97372  -19.010  -20.931  39.539 0.0000000000
97392  -23.769  -19.828  39.208 0.0000000000
97406  -24.084  -20.176  38.527 0.0000000000
97407  -24.595  -20.535  38.190 0.0000000000
97419  -24.732  -20.610  37.568 0.0000000000
97430  -24.906  -20.696  36.861 0.0000000000
97461  -25.672  -20.654  35.010 0.0000000000
97462  -26.184  -20.793  34.770 0.0000000000
97463  -29.419  -21.272  34.326 0.0000000000
97480  -27.414  -20.776  33.925 0.0000000000
97487  -32.775  -19.717  34.092 0.0000000000
97510  -28.086  -20.084  32.845 0.0000000000
97511  -28.756  -20.144  32.731 0.0000000000
97515  -31.815  -19.913  32.489 0.0000000000
97516  -32.250  -19.772  32.751 0.0000000000
97529  -30.711  -20.007  32.012 0.0000000000
98768  -11.613  -20.341  44.054 0.0000000000
98812  -14.583  -20.073  40.605 0.0000000000
98824  -14.490  -19.341  40.627 0.0000000000
98880  -19.678  -19.518  38.015 0.0000000000
98881  -23.572  -19.781  38.423 0.0000000000
98894  -23.913  -20.045  37.670 0.0000000000
98911  -23.564  -19.215  36.033 0.0000000000
98951  -25.551  -19.474  33.781 0.0000000000
98957  -33.686  -18.871  33.126 0.0000000000
98976  -29.432  -19.456  31.957 0.0000000000
100378  -14.739  -18.502  40.583 0.0000000000
100388  -14.634  -19.179  40.521 0.0000000000
100451  -18.264  -17.971  37.504 0.0000000000
100509  -25.593  -18.991  33.552 0.0000000000
101841  -12.680  -17.994  43.828 0.0000000000
101906  -21.740  -18.341  37.387 0.0000000000
101939  -23.386  -18.427  35.007 0.0000000000
101969  -34.886  -17.683  33.302 0.0000000000
101976  -25.128  -18.138  33.565 0.0000000000
101981  -35.088  -17.284  33.112 0.0000000000
101985  -26.725  -18.346  32.706 0.0000000000
103250  -13.285  -17.506  42.774 0.0000000000
103252  -14.201  -17.073  41.872 0.0000000000
103268  -14.997  -17.021  40.864 0.0000000000
103292  -15.735  -17.504  39.761 0.0000000000
103308  -16.551  -17.248  38.835 0.0000000000
103309  -16.918  -17.225  38.450 0.0000000000
103412  -24.869  -17.245  33.554 0.0000000000
103453  -34.461  -17.044  31.926 0.0000000000
103454  -34.865  -16.784  32.296 0.0000000000
104671  -17.577  -16.012  38.304 0.0000000000
104687  -17.428  -16.761  38.057 0.0000000000
104731  -22.700  -16.401  34.988 0.0000000000
104743  -23.667  -16.378  34.262 0.0000000000
104779  -25.576  -16.918  33.280 0.0000000000
104791  -35.470  -16.248  32.652 0.0000000000
106039  -16.455  -15.964  39.772 0.0000000000
106069  -18.238  -15.400  37.916 0.0000000000
106082  -18.137  -15.867  37.796 0.0000000000
106121  -23.513  -15.719  34.486 0.0000000000
106123  -26.132  -15.042  34.580 0.0000000000
107393  -17.366  -15.098  39.345 0.0000000000
107407  -17.496  -15.332  38.889 0.0000000000
107423  -18.114  -15.164  38.164 0.0000000000
107437  -18.932  -15.127  37.509 0.0000000000
107467  -23.484  -14.662  34.877 0.0000000000
107484  -25.885  -14.814  34.767 0.0000000000
107500  -24.745  -15.330  34.157 0.0000000000
108867  -34.932  -14.115  32.304 0.0000000000
108892  -31.030  -13.612  31.050 0.0000000000
110167  -28.400  -12.503  34.100 0.0000000000
110169  -35.865  -13.335  33.449 0.0000000000
110181  -35.011  -13.150  32.659 0.0000000000
110204  -34.356  -13.149  32.240 0.0000000000
110235  -34.156  -13.482  31.960 0.0000000000
110261  -31.176  -13.413  31.026 0.0000000000
110262  -31.391  -13.442  31.007 0.0000000000
111662  -35.304  -12.551  33.171 0.0000000000
111679  -27.758  -11.680  33.217 0.0000000000
111682  -34.845  -12.682  32.732 0.0000000000
111700  -27.755  -11.724  32.985 0.0000000000
111702  -32.676  -12.313  31.685 0.0000000000
111739  -29.191  -12.403  31.209 0.0000000000
111787  -33.897  -11.961  28.930 0.0000000000
111808  -32.431  -12.010  28.164 0.0000000000
111876  -35.966  -12.334  26.082 0.0000000000
111877  -36.642  -12.174  26.342 0.0000000000
111895  -35.489  -12.322  25.754 0.0000000000
113249  -27.753  -11.495  33.505 0.0000000000
113251  -34.396  -12.071  32.619 0.0000000000
113274  -27.775  -11.550  32.616 0.0000000000
113304  -32.239  -12.104  31.559 0.0000000000
113397  -33.197  -11.824  28.770 0.0000000000
113471  -31.693  -11.417  26.952 0.0000000000
113535  -37.891  -11.220  24.704 0.0000000000
114788  -27.685  -10.467  33.669 0.0000000000
114791  -35.086  -11.373  33.871 0.0000000000
114806  -33.951  -11.412  32.539 0.0000000000
114829  -32.403  -11.546  31.643 0.0000000000
114854  -27.733  -10.569  31.841 0.0000000000
114879  -32.854  -10.813  30.475 0.0000000000
114944  -31.078  -11.117  27.808 0.0000000000
114975  -32.861  -11.241  25.508 0.0000000000
114993  -34.424  -11.154  24.541 0.0000000000
116323  -27.633  -10.124  33.247 0.0000000000
116337  -27.606  -9.945  32.234 0.0000000000
116339  -32.628  -11.279  31.663 0.0000000000
116376  -31.607  -10.801  31.003 0.0000000000
116422  -29.709  -9.781  28.636 0.0000000000
116444  -30.773  -10.099  27.029 0.0000000000
116539  -36.492  -9.654  23.069 0.0000000000
117834  -27.618  -9.689  32.882 0.0000000000
117874  -28.865  -9.596  29.501 0.0000000000
118012  -37.317  -9.568  23.022 0.0000000000
119421  -29.525  -7.800  28.021 0.0000000000
119430  -29.448  -8.500  28.043 0.0000000000
122460  -37.053  -6.127  22.218 0.0000000000
128299  -35.037  -3.317  23.298 0.0000000000
128328  -36.645  -3.154  21.537 0.0000000000
129751  -39.415  -1.899  18.801 0.0000000000
129754  -41.621  -2.870  18.385 0.0000000000
130940  -35.081  -2.529  23.610 0.0000000000
131014  -38.616  -1.636  19.160 0.0000000000
131039  -42.127  -1.921  17.764 0.0000000000
132266  -36.844  -0.882  21.394 0.0000000000
132289  -37.427  -1.053  20.381 0.0000000000
133661  -36.799  -0.806  21.603 0.0000000000
133671  -37.310  -0.478  20.722 0.0000000000
133697  -38.494  0.195  19.211 0.0000000000
133708  -38.480  -0.430  19.081 0.0000000000
133743  -41.488  0.083  16.889 0.0000000000
133756  -42.896  0.237  16.498 0.0000000000
134975  -37.628  -0.064  20.481 0.0000000000
134992  -37.917  0.113  20.083 0.0000000000
135001  -38.113  0.011  19.645 0.0000000000
135015  -38.684  0.567  19.126 0.0000000000
135055  -42.826  0.793  16.336 0.0000000000
136375  -38.993  1.212  20.236 0.0000000000
136447  -43.300  1.203  16.125 0.0000000000
139231  -41.361  2.968  17.608 0.0000000000
140811  -47.790  3.980  13.366 0.0000000000
