#!ascii label  , from subject FS6EXPERT_subj01_ver10 vox2ras=TkReg
548
138647  -23.625  2.630  -32.461 0.0000000000
134448  -19.773  -0.826  -28.386 0.0000000000
133062  -25.799  -1.190  -30.236 0.0000000000
126174  -22.050  -5.213  -28.079 0.0000000000
160420  -22.091  15.045  -34.930 0.0000000000
154006  -24.217  10.992  -35.206 0.0000000000
147323  -20.468  6.620  -32.478 0.0000000000
121874  -20.639  -8.018  -25.728 0.0000000000
130473  -20.629  -2.731  -28.487 0.0000000000
127656  -19.267  -4.520  -26.986 0.0000000000
156612  -23.244  12.692  -35.995 0.0000000000
153990  -20.847  10.794  -33.660 0.0000000000
140044  -20.349  2.658  -30.811 0.0000000000
144400  -19.029  5.246  -30.484 0.0000000000
142886  -21.941  4.354  -32.636 0.0000000000
145937  -24.022  6.476  -33.969 0.0000000000
142910  -25.580  4.708  -33.134 0.0000000000
141482  -26.919  3.655  -31.161 0.0000000000
137199  -19.174  1.160  -28.921 0.0000000000
135832  -21.511  0.449  -30.489 0.0000000000
135890  -24.927  0.783  -31.463 0.0000000000
133057  -22.264  -1.106  -29.818 0.0000000000
130492  -23.873  -3.139  -29.623 0.0000000000
126190  -24.549  -5.026  -28.530 0.0000000000
151347  -18.722  9.249  -31.679 0.0000000000
150058  -22.441  8.628  -34.134 0.0000000000
151367  -25.477  9.484  -33.360 0.0000000000
126125  -18.647  -5.431  -25.639 0.0000000000
123325  -21.151  -6.595  -26.750 0.0000000000
129131  -19.040  -3.352  -27.241 0.0000000000
129108  -18.485  -3.868  -26.228 0.0000000000
156565  -19.975  12.055  -32.865 0.0000000000
155282  -18.815  11.498  -31.945 0.0000000000
140057  -21.796  2.829  -31.769 0.0000000000
141509  -21.272  3.860  -31.970 0.0000000000
141512  -23.005  3.692  -32.821 0.0000000000
142908  -24.147  4.579  -33.295 0.0000000000
141514  -24.424  3.563  -33.143 0.0000000000
142891  -26.379  4.110  -32.414 0.0000000000
140071  -25.230  2.517  -32.657 0.0000000000
134464  -19.673  0.026  -28.640 0.0000000000
137222  -19.772  1.105  -29.583 0.0000000000
134480  -20.449  -0.040  -29.420 0.0000000000
134499  -21.921  -0.113  -30.315 0.0000000000
133038  -20.881  -1.028  -29.198 0.0000000000
127689  -21.068  -4.121  -28.251 0.0000000000
130475  -21.930  -2.908  -29.072 0.0000000000
127691  -22.595  -4.327  -28.768 0.0000000000
127705  -23.736  -4.377  -29.045 0.0000000000
126188  -22.886  -5.147  -28.430 0.0000000000
161540  -20.605  15.758  -33.576 0.0000000000
162673  -20.466  16.389  -33.365 0.0000000000
161579  -21.993  15.945  -34.887 0.0000000000
162743  -22.510  16.622  -35.913 0.0000000000
159179  -23.248  14.456  -36.761 0.0000000000
155309  -23.897  11.742  -35.588 0.0000000000
145888  -19.562  5.735  -31.397 0.0000000000
147295  -18.805  6.769  -30.952 0.0000000000
148687  -19.772  7.647  -32.229 0.0000000000
150044  -20.430  8.535  -32.904 0.0000000000
148702  -21.202  7.615  -33.412 0.0000000000
147354  -25.434  7.019  -33.564 0.0000000000
150046  -25.056  8.423  -33.947 0.0000000000
151357  -25.906  9.165  -32.890 0.0000000000
134517  -25.414  -0.132  -31.013 0.0000000000
135865  -26.426  0.813  -30.834 0.0000000000
121872  -19.604  -7.692  -25.270 0.0000000000
123289  -19.761  -6.954  -25.806 0.0000000000
124724  -19.936  -6.295  -26.405 0.0000000000
123304  -20.470  -6.864  -26.298 0.0000000000
133003  -19.149  -1.260  -27.796 0.0000000000
131749  -20.382  -1.913  -28.520 0.0000000000
130456  -19.849  -2.753  -28.126 0.0000000000
129133  -20.123  -3.612  -28.094 0.0000000000
126172  -20.625  -4.891  -27.645 0.0000000000
159111  -20.944  14.340  -33.770 0.0000000000
157871  -22.688  13.569  -35.810 0.0000000000
157849  -21.434  13.303  -34.263 0.0000000000
155306  -21.914  11.768  -34.759 0.0000000000
154004  -22.895  11.040  -35.100 0.0000000000
140025  -19.236  2.889  -29.831 0.0000000000
142855  -19.581  4.076  -30.696 0.0000000000
144414  -20.496  5.006  -31.978 0.0000000000
145909  -21.074  5.875  -32.615 0.0000000000
145921  -22.152  6.344  -33.365 0.0000000000
144443  -23.057  5.193  -33.441 0.0000000000
145925  -24.869  5.839  -33.508 0.0000000000
145928  -26.361  6.423  -32.648 0.0000000000
145900  -26.973  5.998  -31.606 0.0000000000
118890  -21.718  -9.543  -25.911 0.0000000000
120432  -21.577  -8.528  -26.146 0.0000000000
138580  -19.493  1.847  -29.599 0.0000000000
138602  -20.720  1.537  -30.680 0.0000000000
137285  -22.420  1.867  -31.631 0.0000000000
138636  -24.032  1.777  -32.139 0.0000000000
137265  -23.489  0.798  -31.334 0.0000000000
134514  -23.394  -0.028  -30.798 0.0000000000
133060  -24.074  -1.413  -30.527 0.0000000000
131764  -21.428  -1.865  -29.185 0.0000000000
130509  -23.408  -2.221  -29.938 0.0000000000
131784  -24.348  -2.051  -30.237 0.0000000000
129179  -25.214  -3.085  -29.298 0.0000000000
129151  -25.316  -3.815  -28.121 0.0000000000
159170  -23.953  14.171  -36.494 0.0000000000
152642  -19.706  10.001  -32.654 0.0000000000
152652  -21.061  10.050  -33.923 0.0000000000
151390  -23.590  9.497  -34.951 0.0000000000
148714  -23.581  7.606  -34.501 0.0000000000
150066  -24.004  8.724  -35.021 0.0000000000
152662  -24.942  10.151  -34.228 0.0000000000
138639  -25.883  1.724  -31.806 0.0000000000
138604  -27.043  2.336  -30.200 0.0000000000
127644  -18.331  -4.326  -25.618 0.0000000000
126153  -19.179  -5.047  -26.629 0.0000000000
126155  -20.415  -5.290  -27.298 0.0000000000
124760  -21.231  -5.809  -27.307 0.0000000000
121905  -22.201  -7.963  -26.771 0.0000000000
123327  -22.731  -7.161  -27.202 0.0000000000
124763  -23.084  -6.248  -28.101 0.0000000000
155267  -18.094  11.494  -31.099 0.0000000000
140059  -22.940  2.578  -32.137 0.0000000000
140058  -22.474  2.883  -32.104 0.0000000000
140068  -23.223  2.973  -32.468 0.0000000000
141513  -23.634  3.504  -32.969 0.0000000000
140069  -23.898  2.936  -32.778 0.0000000000
141515  -25.178  3.240  -33.009 0.0000000000
140070  -24.557  2.766  -32.802 0.0000000000
134447  -19.290  -0.385  -28.157 0.0000000000
135789  -19.761  0.374  -29.042 0.0000000000
134465  -20.143  -0.408  -28.862 0.0000000000
134481  -20.851  -0.448  -29.479 0.0000000000
134466  -20.595  -0.799  -29.116 0.0000000000
127675  -21.363  -4.714  -28.097 0.0000000000
127690  -21.808  -4.308  -28.486 0.0000000000
126187  -22.326  -4.759  -28.456 0.0000000000
127692  -23.220  -4.650  -28.843 0.0000000000
160403  -21.489  15.055  -34.401 0.0000000000
161559  -21.291  15.834  -34.195 0.0000000000
160419  -21.855  15.506  -34.724 0.0000000000
161596  -22.280  15.824  -35.408 0.0000000000
160452  -22.899  15.155  -36.543 0.0000000000
160443  -22.657  14.924  -36.054 0.0000000000
155323  -24.487  12.598  -35.395 0.0000000000
155310  -24.615  11.984  -35.151 0.0000000000
155299  -25.014  11.787  -34.370 0.0000000000
147312  -20.173  6.203  -32.083 0.0000000000
147296  -19.251  6.236  -31.302 0.0000000000
147311  -19.659  6.692  -31.785 0.0000000000
148676  -19.284  7.660  -31.796 0.0000000000
147322  -20.055  7.136  -32.330 0.0000000000
148688  -20.415  7.638  -32.735 0.0000000000
148689  -20.738  7.084  -32.994 0.0000000000
148690  -25.954  7.739  -32.845 0.0000000000
150033  -25.834  8.328  -33.051 0.0000000000
133073  -25.139  -0.707  -30.686 0.0000000000
134518  -25.950  -0.034  -30.861 0.0000000000
134503  -26.257  -0.197  -30.348 0.0000000000
120414  -20.473  -8.519  -25.332 0.0000000000
120413  -20.033  -8.106  -25.252 0.0000000000
121873  -20.176  -7.717  -25.582 0.0000000000
123290  -20.206  -7.278  -25.915 0.0000000000
121888  -20.493  -7.539  -25.925 0.0000000000
131731  -19.018  -1.834  -27.538 0.0000000000
131732  -19.394  -1.953  -27.930 0.0000000000
130455  -19.131  -2.631  -27.522 0.0000000000
129117  -19.184  -3.912  -27.270 0.0000000000
129132  -19.526  -3.577  -27.676 0.0000000000
127672  -19.561  -4.250  -27.408 0.0000000000
127673  -20.157  -4.395  -27.697 0.0000000000
159109  -19.913  13.707  -33.008 0.0000000000
159131  -20.840  13.789  -33.744 0.0000000000
157834  -20.544  13.219  -33.584 0.0000000000
155291  -20.655  11.517  -33.391 0.0000000000
156575  -20.841  12.126  -33.598 0.0000000000
155297  -21.075  11.570  -33.815 0.0000000000
154003  -22.284  10.998  -34.881 0.0000000000
153997  -21.725  10.926  -34.571 0.0000000000
141465  -19.693  2.869  -30.290 0.0000000000
141480  -19.881  3.271  -30.724 0.0000000000
142885  -21.384  4.351  -32.291 0.0000000000
142871  -20.889  4.289  -31.931 0.0000000000
144415  -21.018  4.789  -32.260 0.0000000000
144427  -20.923  5.301  -32.335 0.0000000000
144428  -21.451  5.057  -32.658 0.0000000000
145911  -22.266  5.505  -33.262 0.0000000000
144430  -22.664  4.872  -33.219 0.0000000000
142909  -24.862  4.385  -33.232 0.0000000000
144445  -24.508  5.187  -33.369 0.0000000000
144446  -25.221  5.230  -33.287 0.0000000000
145926  -25.519  5.922  -33.390 0.0000000000
144448  -26.377  5.896  -32.703 0.0000000000
145912  -26.639  6.221  -32.253 0.0000000000
144432  -26.577  5.224  -32.270 0.0000000000
141500  -26.650  3.410  -31.895 0.0000000000
142872  -26.882  4.399  -31.562 0.0000000000
141466  -27.088  3.642  -30.759 0.0000000000
117352  -21.677  -10.074  -25.717 0.0000000000
138530  -18.604  1.670  -28.242 0.0000000000
138579  -19.215  1.889  -29.223 0.0000000000
137221  -19.401  1.497  -29.332 0.0000000000
135831  -20.918  0.775  -30.315 0.0000000000
137241  -20.083  1.501  -30.123 0.0000000000
137243  -21.024  1.168  -30.675 0.0000000000
138622  -21.677  1.666  -31.363 0.0000000000
137262  -21.529  1.230  -31.064 0.0000000000
137264  -22.846  1.015  -31.379 0.0000000000
135859  -22.242  0.653  -31.019 0.0000000000
134500  -22.321  -0.521  -30.227 0.0000000000
135834  -22.640  -0.194  -30.627 0.0000000000
134501  -23.116  -0.469  -30.542 0.0000000000
134502  -23.553  -0.724  -30.615 0.0000000000
133059  -23.432  -1.204  -30.393 0.0000000000
130472  -20.188  -2.329  -28.320 0.0000000000
131750  -20.930  -1.982  -28.842 0.0000000000
130474  -21.509  -2.669  -28.993 0.0000000000
129163  -22.685  -3.236  -29.280 0.0000000000
130490  -22.204  -2.618  -29.285 0.0000000000
130491  -23.093  -2.685  -29.682 0.0000000000
130510  -23.826  -2.468  -29.904 0.0000000000
130511  -24.579  -2.807  -29.761 0.0000000000
130493  -24.340  -3.329  -29.525 0.0000000000
126203  -24.229  -4.842  -28.797 0.0000000000
127707  -25.077  -3.981  -28.749 0.0000000000
127694  -25.010  -4.588  -28.286 0.0000000000
129134  -25.349  -4.275  -27.726 0.0000000000
156611  -22.676  12.955  -35.845 0.0000000000
157880  -23.052  13.466  -36.250 0.0000000000
156623  -23.602  13.059  -36.098 0.0000000000
144384  -19.158  4.534  -30.308 0.0000000000
151336  -17.948  9.403  -30.706 0.0000000000
152633  -18.436  10.046  -31.495 0.0000000000
152634  -18.827  10.063  -31.922 0.0000000000
151354  -19.023  9.494  -32.106 0.0000000000
150056  -21.284  8.578  -33.704 0.0000000000
151365  -20.919  9.283  -33.643 0.0000000000
151377  -22.071  9.394  -34.278 0.0000000000
151388  -22.450  9.667  -34.659 0.0000000000
151378  -22.579  9.185  -34.434 0.0000000000
147338  -22.903  6.454  -33.684 0.0000000000
147350  -23.167  6.982  -34.015 0.0000000000
147351  -23.846  7.045  -34.203 0.0000000000
150060  -24.651  8.562  -34.500 0.0000000000
151366  -25.099  9.275  -33.951 0.0000000000
151379  -24.814  9.470  -34.565 0.0000000000
152653  -25.313  10.291  -33.593 0.0000000000
137288  -24.153  1.101  -31.618 0.0000000000
138638  -25.244  1.572  -31.937 0.0000000000
137290  -25.408  1.170  -31.623 0.0000000000
137244  -26.706  1.395  -30.528 0.0000000000
124722  -18.952  -5.902  -25.817 0.0000000000
127634  -18.627  -4.998  -25.808 0.0000000000
127645  -18.545  -4.518  -25.935 0.0000000000
126135  -18.923  -5.266  -26.140 0.0000000000
123324  -20.672  -6.363  -26.705 0.0000000000
124743  -20.252  -5.991  -26.728 0.0000000000
124744  -20.855  -5.991  -27.036 0.0000000000
126156  -20.893  -5.614  -27.356 0.0000000000
124745  -21.437  -6.237  -27.079 0.0000000000
121890  -21.719  -7.933  -26.406 0.0000000000
123343  -22.884  -6.756  -27.606 0.0000000000
130442  -18.703  -2.861  -26.838 0.0000000000
129116  -18.814  -3.765  -26.807 0.0000000000
156573  -19.908  12.600  -32.967 0.0000000000
156563  -19.040  12.260  -32.145 0.0000000000
155284  -19.730  11.481  -32.684 0.0000000000
140045  -20.754  2.721  -31.213 0.0000000000
141481  -20.396  3.137  -31.138 0.0000000000
141498  -21.478  3.347  -31.865 0.0000000000
141510  -21.738  3.807  -32.228 0.0000000000
142887  -22.593  4.329  -32.961 0.0000000000
142906  -22.975  4.614  -33.229 0.0000000000
141531  -23.420  3.986  -33.099 0.0000000000
141533  -24.335  4.131  -33.260 0.0000000000
144431  -26.097  4.656  -32.837 0.0000000000
142890  -25.587  3.992  -32.894 0.0000000000
141516  -26.039  3.067  -32.676 0.0000000000
140060  -26.362  2.503  -31.976 0.0000000000
135771  -18.990  0.540  -28.275 0.0000000000
135788  -19.396  0.419  -28.671 0.0000000000
137200  -19.493  0.752  -29.071 0.0000000000
135806  -20.165  0.350  -29.433 0.0000000000
135807  -20.719  0.371  -29.872 0.0000000000
135808  -21.188  0.002  -29.905 0.0000000000
134482  -21.639  -0.434  -29.895 0.0000000000
133040  -21.865  -1.024  -29.666 0.0000000000
129148  -21.283  -3.472  -28.584 0.0000000000
129149  -22.087  -3.425  -28.956 0.0000000000
129150  -22.757  -3.768  -29.083 0.0000000000
129165  -24.099  -3.785  -29.373 0.0000000000
127704  -23.131  -4.150  -29.000 0.0000000000
126189  -23.822  -5.112  -28.738 0.0000000000
161527  -20.107  15.650  -32.989 0.0000000000
162694  -21.072  16.604  -34.010 0.0000000000
162728  -22.130  16.582  -35.386 0.0000000000
160463  -23.520  15.402  -37.562 0.0000000000
155321  -23.519  12.295  -35.744 0.0000000000
155335  -24.060  12.915  -35.849 0.0000000000
147294  -18.411  7.298  -30.602 0.0000000000
148661  -18.492  7.721  -30.897 0.0000000000
148675  -18.841  7.696  -31.368 0.0000000000
150023  -18.958  8.394  -31.719 0.0000000000
151355  -19.468  9.211  -32.379 0.0000000000
150032  -19.942  8.443  -32.485 0.0000000000
148701  -20.706  8.073  -33.103 0.0000000000
148711  -21.590  8.139  -33.760 0.0000000000
147353  -24.949  7.005  -33.827 0.0000000000
147352  -24.426  7.039  -34.092 0.0000000000
148717  -25.205  7.480  -33.721 0.0000000000
150047  -25.482  8.618  -33.497 0.0000000000
135863  -25.095  0.347  -31.231 0.0000000000
135891  -25.404  0.744  -31.404 0.0000000000
135864  -25.858  0.511  -31.173 0.0000000000
135836  -26.635  0.646  -30.234 0.0000000000
123288  -19.149  -6.968  -25.362 0.0000000000
124714  -19.170  -6.446  -25.722 0.0000000000
124723  -19.452  -6.111  -26.151 0.0000000000
123303  -19.892  -6.564  -26.174 0.0000000000
133004  -19.571  -1.272  -28.174 0.0000000000
133020  -20.060  -1.263  -28.483 0.0000000000
131748  -19.891  -1.919  -28.261 0.0000000000
130457  -20.283  -3.172  -28.296 0.0000000000
127688  -20.549  -4.060  -28.066 0.0000000000
127674  -20.817  -4.576  -27.897 0.0000000000
160348  -19.384  15.207  -32.170 0.0000000000
160362  -20.336  14.943  -33.168 0.0000000000
160380  -20.920  15.049  -33.795 0.0000000000
160404  -21.780  14.583  -34.725 0.0000000000
160421  -22.349  14.608  -35.182 0.0000000000
159133  -21.596  14.086  -34.553 0.0000000000
157850  -21.867  13.351  -34.649 0.0000000000
156598  -22.437  12.637  -35.454 0.0000000000
156584  -20.723  12.670  -33.741 0.0000000000
156586  -21.640  12.536  -34.502 0.0000000000
156597  -22.085  12.606  -34.922 0.0000000000
155308  -23.134  11.905  -35.311 0.0000000000
154005  -23.541  11.017  -35.315 0.0000000000
141496  -20.284  3.616  -31.203 0.0000000000
142869  -19.867  4.456  -31.124 0.0000000000
144401  -19.486  4.990  -30.902 0.0000000000
144413  -19.913  5.005  -31.507 0.0000000000
145899  -20.528  5.785  -32.223 0.0000000000
147324  -21.164  6.616  -33.016 0.0000000000
145910  -21.811  5.864  -33.129 0.0000000000
145922  -22.569  5.929  -33.457 0.0000000000
145923  -23.415  6.066  -33.750 0.0000000000
144444  -23.804  5.216  -33.499 0.0000000000
145924  -24.210  5.836  -33.705 0.0000000000
145938  -24.618  6.414  -33.829 0.0000000000
145939  -25.198  6.428  -33.657 0.0000000000
147339  -25.862  7.031  -33.116 0.0000000000
147326  -26.469  6.981  -32.347 0.0000000000
147313  -26.839  6.836  -31.796 0.0000000000
118889  -21.129  -9.305  -25.468 0.0000000000
120415  -21.047  -8.531  -25.767 0.0000000000
140026  -19.518  2.512  -29.881 0.0000000000
140027  -19.963  2.532  -30.360 0.0000000000
138600  -19.834  1.893  -30.041 0.0000000000
138620  -20.673  2.334  -30.911 0.0000000000
138621  -21.131  1.983  -31.150 0.0000000000
138633  -21.993  2.165  -31.588 0.0000000000
138634  -22.683  2.241  -31.857 0.0000000000
137287  -23.439  1.399  -31.769 0.0000000000
137266  -23.907  0.693  -31.268 0.0000000000
135833  -22.230  0.045  -30.670 0.0000000000
135860  -22.950  0.274  -30.916 0.0000000000
135862  -24.348  0.468  -31.208 0.0000000000
134516  -24.700  -0.172  -30.902 0.0000000000
133072  -24.401  -0.816  -30.678 0.0000000000
133061  -24.823  -1.406  -30.488 0.0000000000
133021  -20.573  -1.265  -28.870 0.0000000000
133022  -21.043  -1.452  -29.088 0.0000000000
131765  -21.987  -1.713  -29.518 0.0000000000
131766  -22.556  -2.098  -29.672 0.0000000000
131781  -22.517  -1.582  -29.825 0.0000000000
131783  -23.676  -1.887  -30.203 0.0000000000
131785  -25.129  -2.067  -30.073 0.0000000000
130513  -25.639  -2.435  -29.218 0.0000000000
129166  -24.832  -3.541  -29.361 0.0000000000
129167  -25.434  -3.285  -28.772 0.0000000000
159168  -22.734  14.221  -35.969 0.0000000000
157882  -24.226  13.624  -35.880 0.0000000000
153970  -18.629  10.772  -31.720 0.0000000000
153981  -19.016  10.777  -32.142 0.0000000000
153983  -19.931  10.750  -32.870 0.0000000000
151356  -20.053  9.244  -32.750 0.0000000000
152651  -20.634  10.022  -33.464 0.0000000000
152661  -22.090  10.195  -34.679 0.0000000000
152671  -23.226  10.210  -35.163 0.0000000000
152672  -23.875  10.213  -35.208 0.0000000000
148703  -21.829  7.206  -33.661 0.0000000000
148712  -22.082  7.776  -33.915 0.0000000000
148713  -22.904  7.947  -34.346 0.0000000000
148715  -24.253  7.692  -34.495 0.0000000000
148723  -23.917  8.006  -34.863 0.0000000000
150065  -23.307  8.830  -34.823 0.0000000000
151391  -24.130  9.574  -34.941 0.0000000000
152673  -24.337  10.227  -34.887 0.0000000000
154007  -24.657  10.882  -34.608 0.0000000000
153998  -25.077  10.982  -34.015 0.0000000000
138649  -24.612  2.194  -32.363 0.0000000000
140072  -25.738  2.218  -32.316 0.0000000000
137268  -26.254  1.365  -31.211 0.0000000000
138623  -26.426  2.124  -31.412 0.0000000000
140028  -26.984  3.173  -30.739 0.0000000000
129107  -18.286  -3.898  -25.713 0.0000000000
127655  -18.822  -4.511  -26.486 0.0000000000
126136  -19.389  -5.520  -26.471 0.0000000000
126154  -19.709  -5.291  -26.856 0.0000000000
127657  -19.814  -4.755  -27.255 0.0000000000
126173  -21.149  -5.261  -27.643 0.0000000000
121889  -21.043  -7.802  -26.091 0.0000000000
123305  -21.413  -7.233  -26.451 0.0000000000
123306  -21.864  -7.501  -26.625 0.0000000000
123326  -22.078  -6.930  -27.005 0.0000000000
123342  -22.325  -6.401  -27.474 0.0000000000
124762  -22.522  -5.978  -27.857 0.0000000000
126175  -22.579  -5.535  -28.154 0.0000000000
124778  -22.904  -5.773  -28.209 0.0000000000
124742  -19.739  -5.846  -26.528 0.0000000000
124761  -21.836  -5.956  -27.460 0.0000000000
126202  -24.074  -4.733  -28.931 0.0000000000
127693  -24.674  -4.704  -28.601 0.0000000000
127706  -24.499  -4.449  -28.931 0.0000000000
129147  -20.648  -3.533  -28.298 0.0000000000
129164  -23.331  -3.616  -29.326 0.0000000000
129178  -24.986  -3.038  -29.527 0.0000000000
130489  -21.773  -2.222  -29.249 0.0000000000
130512  -25.299  -2.655  -29.584 0.0000000000
131782  -23.061  -1.831  -29.970 0.0000000000
133039  -21.393  -1.129  -29.397 0.0000000000
133058  -22.790  -1.112  -30.100 0.0000000000
133071  -23.850  -0.905  -30.653 0.0000000000
133074  -25.750  -0.506  -30.720 0.0000000000
134483  -22.036  -0.753  -29.852 0.0000000000
134515  -23.869  -0.286  -30.792 0.0000000000
135835  -26.259  0.328  -30.719 0.0000000000
135858  -21.851  0.915  -31.009 0.0000000000
135861  -23.655  0.327  -31.036 0.0000000000
135889  -24.553  0.884  -31.492 0.0000000000
137223  -20.262  0.733  -29.781 0.0000000000
137242  -20.464  1.129  -30.211 0.0000000000
137263  -22.162  1.381  -31.383 0.0000000000
137267  -25.766  0.990  -31.426 0.0000000000
137286  -22.814  1.675  -31.715 0.0000000000
137289  -24.820  1.171  -31.714 0.0000000000
137291  -25.844  1.287  -31.543 0.0000000000
138601  -20.394  1.942  -30.542 0.0000000000
138603  -26.782  2.251  -30.721 0.0000000000
138632  -21.534  2.431  -31.544 0.0000000000
138635  -23.342  2.199  -32.150 0.0000000000
138637  -24.669  1.621  -32.022 0.0000000000
138648  -24.014  2.414  -32.452 0.0000000000
138650  -25.166  1.991  -32.237 0.0000000000
138651  -25.512  1.858  -32.093 0.0000000000
140010  -19.342  2.223  -29.496 0.0000000000
140029  -27.152  2.853  -30.213 0.0000000000
140046  -26.722  2.842  -31.322 0.0000000000
140056  -21.242  2.789  -31.548 0.0000000000
140067  -22.767  3.298  -32.474 0.0000000000
141467  -27.352  3.770  -30.354 0.0000000000
141483  -27.130  3.962  -30.828 0.0000000000
141497  -20.792  3.475  -31.614 0.0000000000
141499  -21.974  3.303  -32.093 0.0000000000
141511  -22.343  3.643  -32.512 0.0000000000
141532  -23.902  4.033  -33.224 0.0000000000
142856  -20.011  3.944  -31.028 0.0000000000
142870  -20.326  4.256  -31.486 0.0000000000
142888  -23.093  4.220  -33.099 0.0000000000
142889  -25.036  3.781  -33.147 0.0000000000
142907  -23.485  4.538  -33.287 0.0000000000
144429  -22.176  5.022  -33.043 0.0000000000
144442  -22.542  5.286  -33.307 0.0000000000
144447  -25.982  5.393  -33.045 0.0000000000
145898  -20.028  5.726  -31.863 0.0000000000
145927  -26.016  6.270  -33.043 0.0000000000
145936  -23.617  6.633  -33.972 0.0000000000
145940  -25.657  6.518  -33.425 0.0000000000
147310  -19.145  7.201  -31.478 0.0000000000
147325  -26.133  7.240  -32.675 0.0000000000
147336  -21.748  6.726  -33.398 0.0000000000
147337  -22.383  6.829  -33.702 0.0000000000
147340  -26.162  6.775  -32.764 0.0000000000
147349  -22.624  7.356  -34.033 0.0000000000
148704  -25.224  7.985  -33.720 0.0000000000
148705  -25.579  7.731  -33.373 0.0000000000
148716  -24.821  7.729  -34.047 0.0000000000
148721  -23.109  8.422  -34.643 0.0000000000
148722  -23.439  8.218  -34.780 0.0000000000
150031  -19.401  8.373  -32.125 0.0000000000
150045  -20.792  8.538  -33.372 0.0000000000
150057  -21.844  8.646  -33.896 0.0000000000
150059  -24.278  8.200  -34.815 0.0000000000
150064  -22.900  8.747  -34.490 0.0000000000
150067  -24.448  9.184  -34.799 0.0000000000
151346  -18.276  9.343  -31.194 0.0000000000
151348  -19.089  8.935  -32.026 0.0000000000
151364  -20.506  9.267  -33.186 0.0000000000
151376  -21.456  9.334  -33.963 0.0000000000
151389  -22.962  9.475  -34.763 0.0000000000
151392  -24.482  9.690  -34.768 0.0000000000
152641  -19.235  10.050  -32.299 0.0000000000
152643  -20.190  10.004  -33.037 0.0000000000
152660  -21.542  10.091  -34.362 0.0000000000
152670  -22.641  10.248  -34.916 0.0000000000
152674  -24.642  10.070  -34.606 0.0000000000
153969  -18.231  10.781  -31.304 0.0000000000
153982  -19.478  10.764  -32.492 0.0000000000
153989  -20.396  10.763  -33.248 0.0000000000
153996  -21.262  10.850  -34.128 0.0000000000
155268  -18.444  11.466  -31.520 0.0000000000
155283  -19.231  11.515  -32.373 0.0000000000
155290  -20.190  11.489  -33.029 0.0000000000
155298  -21.462  11.684  -34.302 0.0000000000
155307  -22.449  11.829  -35.122 0.0000000000
155322  -24.174  12.463  -35.673 0.0000000000
155334  -23.770  12.669  -35.939 0.0000000000
156564  -19.554  12.300  -32.581 0.0000000000
156574  -20.363  12.358  -33.293 0.0000000000
156585  -21.152  12.450  -34.033 0.0000000000
156599  -22.960  12.441  -35.713 0.0000000000
156613  -24.384  13.043  -35.623 0.0000000000
156622  -22.981  13.072  -36.108 0.0000000000
156624  -24.033  13.244  -35.913 0.0000000000
157833  -20.108  13.177  -33.205 0.0000000000
157848  -20.976  13.254  -33.922 0.0000000000
157860  -22.187  13.401  -35.050 0.0000000000
157861  -22.431  13.496  -35.429 0.0000000000
157881  -23.684  13.578  -36.129 0.0000000000
159110  -20.474  14.059  -33.376 0.0000000000
159132  -21.206  14.083  -34.094 0.0000000000
159145  -22.037  14.068  -34.882 0.0000000000
159146  -22.269  14.141  -35.107 0.0000000000
159158  -22.497  14.182  -35.450 0.0000000000
159159  -24.605  14.106  -35.907 0.0000000000
159169  -23.175  13.929  -36.492 0.0000000000
159178  -22.872  14.519  -36.387 0.0000000000
160361  -19.673  14.829  -32.514 0.0000000000
160381  -21.076  14.695  -33.962 0.0000000000
160402  -21.079  15.437  -33.978 0.0000000000
160433  -22.244  15.469  -35.198 0.0000000000
160434  -22.433  15.010  -35.477 0.0000000000
160453  -23.342  14.918  -37.137 0.0000000000
161558  -21.012  15.925  -33.976 0.0000000000
161578  -21.701  15.945  -34.594 0.0000000000
161595  -22.103  15.916  -35.120 0.0000000000
162684  -20.855  16.484  -33.905 0.0000000000
162695  -21.540  16.570  -34.457 0.0000000000
162729  -22.339  16.191  -35.594 0.0000000000
