#!ascii label  , from subject FS6EXPERT_subj01_ver10 vox2ras=TkReg
1447
126153  -19.179  -5.047  -26.629 0.5555555820
127657  -19.814  -4.755  -27.255 0.6666666865
127673  -20.157  -4.395  -27.697 0.7777777910
127674  -20.817  -4.576  -27.897 0.7777777910
130473  -20.629  -2.731  -28.487 0.8888888955
129163  -22.685  -3.236  -29.280 0.8888888955
127634  -18.627  -4.998  -25.808 0.5555555820
127655  -18.822  -4.511  -26.486 0.5555555820
129117  -19.184  -3.912  -27.270 0.6666666865
129132  -19.526  -3.577  -27.676 0.8888888955
127689  -21.068  -4.121  -28.251 0.8888888955
130474  -21.509  -2.669  -28.993 0.8888888955
131766  -22.556  -2.098  -29.672 1.0000000000
130491  -23.093  -2.685  -29.682 0.8888888955
131783  -23.676  -1.887  -30.203 1.0000000000
130442  -18.703  -2.861  -26.838 0.7777777910
131732  -19.394  -1.953  -27.930 1.0000000000
133004  -19.571  -1.272  -28.174 1.0000000000
131749  -20.382  -1.913  -28.520 1.0000000000
133038  -20.881  -1.028  -29.198 1.0000000000
133020  -20.060  -1.263  -28.483 1.0000000000
133040  -21.865  -1.024  -29.666 1.0000000000
134481  -20.851  -0.448  -29.479 1.0000000000
134482  -21.639  -0.434  -29.895 1.0000000000
134500  -22.321  -0.521  -30.227 1.0000000000
134502  -23.553  -0.724  -30.615 1.0000000000
134499  -21.921  -0.113  -30.315 1.0000000000
135834  -22.640  -0.194  -30.627 1.0000000000
134516  -24.700  -0.172  -30.902 1.0000000000
137266  -23.907  0.693  -31.268 1.0000000000
135890  -24.927  0.783  -31.463 0.7777777910
134447  -19.290  -0.385  -28.157 0.8888888955
134448  -19.773  -0.826  -28.386 1.0000000000
135808  -21.188  0.002  -29.905 1.0000000000
135789  -19.761  0.374  -29.042 1.0000000000
135807  -20.719  0.371  -29.872 1.0000000000
135859  -22.242  0.653  -31.019 1.0000000000
137265  -23.489  0.798  -31.334 1.0000000000
137287  -23.439  1.399  -31.769 1.0000000000
137288  -24.153  1.101  -31.618 1.0000000000
137290  -25.408  1.170  -31.623 0.8888888955
138638  -25.244  1.572  -31.937 1.0000000000
138639  -25.883  1.724  -31.806 0.7777777910
138623  -26.426  2.124  -31.412 0.7777777910
137199  -19.174  1.160  -28.921 0.5555555820
140027  -19.963  2.532  -30.360 0.7777777910
137221  -19.401  1.497  -29.332 0.8888888955
137243  -21.024  1.168  -30.675 1.0000000000
135832  -21.511  0.449  -30.489 1.0000000000
138602  -20.720  1.537  -30.680 0.8888888955
138622  -21.677  1.666  -31.363 1.0000000000
137285  -22.420  1.867  -31.631 1.0000000000
138636  -24.032  1.777  -32.139 1.0000000000
138649  -24.612  2.194  -32.363 0.8888888955
140070  -24.557  2.766  -32.802 1.0000000000
140071  -25.230  2.517  -32.657 0.8888888955
141500  -26.650  3.410  -31.895 0.7777777910
141466  -27.088  3.642  -30.759 0.6666666865
142857  -27.028  4.154  -31.079 0.6666666865
139993  -18.711  2.785  -28.819 0.4444444478
140026  -19.518  2.512  -29.881 0.7777777910
141464  -19.419  3.161  -30.198 0.6666666865
141481  -20.396  3.137  -31.138 0.7777777910
140045  -20.754  2.721  -31.213 0.8888888955
140057  -21.796  2.829  -31.769 0.8888888955
138634  -22.683  2.241  -31.857 1.0000000000
140058  -22.474  2.883  -32.104 1.0000000000
140068  -23.223  2.973  -32.468 1.0000000000
140069  -23.898  2.936  -32.778 1.0000000000
141514  -24.424  3.563  -33.143 0.8888888955
142890  -25.587  3.992  -32.894 0.7777777910
142891  -26.379  4.110  -32.414 0.7777777910
142858  -27.306  4.573  -30.845 0.5555555820
144432  -26.577  5.224  -32.270 0.7777777910
144416  -26.978  5.198  -31.553 0.6666666865
144384  -19.158  4.534  -30.308 0.6666666865
142845  -19.197  3.765  -30.267 0.6666666865
141496  -20.284  3.616  -31.203 0.7777777910
142869  -19.867  4.456  -31.124 0.7777777910
141509  -21.272  3.860  -31.970 0.8888888955
141510  -21.738  3.807  -32.228 0.8888888955
142885  -21.384  4.351  -32.291 1.0000000000
142887  -22.593  4.329  -32.961 1.0000000000
141531  -23.420  3.986  -33.099 1.0000000000
141513  -23.634  3.504  -32.969 0.8888888955
142909  -24.862  4.385  -33.232 0.8888888955
142910  -25.580  4.708  -33.134 0.8888888955
144431  -26.097  4.656  -32.837 0.7777777910
144445  -24.508  5.187  -33.369 0.8888888955
144446  -25.221  5.230  -33.287 0.7777777910
144448  -26.377  5.896  -32.703 0.7777777910
145900  -26.973  5.998  -31.606 0.7777777910
145901  -27.314  6.246  -31.051 0.6666666865
144400  -19.029  5.246  -30.484 0.6666666865
144401  -19.486  4.990  -30.902 0.7777777910
144414  -20.496  5.006  -31.978 0.8888888955
144415  -21.018  4.789  -32.260 0.8888888955
144428  -21.451  5.057  -32.658 1.0000000000
142886  -21.941  4.354  -32.636 1.0000000000
144444  -23.804  5.216  -33.499 1.0000000000
142908  -24.147  4.579  -33.295 0.8888888955
145926  -25.519  5.922  -33.390 0.7777777910
147339  -25.862  7.031  -33.116 0.7777777910
147313  -26.839  6.836  -31.796 0.6666666865
148678  -27.011  7.360  -31.437 0.5555555820
147314  -27.160  6.811  -31.264 0.5555555820
145887  -19.113  5.794  -30.937 0.7777777910
144413  -19.913  5.005  -31.507 0.8888888955
145909  -21.074  5.875  -32.615 1.0000000000
145911  -22.266  5.505  -33.262 1.0000000000
145923  -23.415  6.066  -33.750 0.8888888955
145924  -24.210  5.836  -33.705 0.8888888955
145937  -24.022  6.476  -33.969 0.8888888955
145925  -24.869  5.839  -33.508 0.8888888955
147354  -25.434  7.019  -33.564 0.7777777910
150033  -25.834  8.328  -33.051 0.7777777910
148690  -25.954  7.739  -32.845 0.7777777910
148677  -26.719  7.670  -31.830 0.5555555820
150046  -25.056  8.423  -33.947 0.7777777910
150034  -26.150  8.429  -32.574 0.5555555820
150015  -26.878  8.464  -31.513 0.5555555820
151357  -25.906  9.165  -32.890 0.6666666865
147274  -18.197  6.917  -30.110 0.4444444478
147275  -18.497  6.370  -30.378 0.5555555820
147311  -19.659  6.692  -31.785 0.7777777910
147312  -20.173  6.203  -32.083 0.8888888955
147324  -21.164  6.616  -33.016 1.0000000000
145921  -22.152  6.344  -33.365 0.8888888955
147350  -23.167  6.982  -34.015 0.8888888955
147338  -22.903  6.454  -33.684 0.8888888955
147351  -23.846  7.045  -34.203 0.8888888955
147352  -24.426  7.039  -34.092 0.8888888955
150047  -25.482  8.618  -33.497 0.6666666865
151358  -26.330  9.194  -32.237 0.5555555820
151347  -18.722  9.249  -31.679 0.6666666865
148675  -18.841  7.696  -31.368 0.6666666865
150032  -19.942  8.443  -32.485 0.7777777910
148702  -21.202  7.615  -33.412 0.8888888955
148701  -20.706  8.073  -33.103 0.7777777910
148711  -21.590  8.139  -33.760 0.7777777910
148712  -22.082  7.776  -33.915 0.8888888955
150058  -22.441  8.628  -34.134 0.7777777910
148714  -23.581  7.606  -34.501 0.8888888955
150065  -23.307  8.830  -34.823 0.7777777910
148723  -23.917  8.006  -34.863 0.7777777910
150060  -24.651  8.562  -34.500 0.6666666865
151390  -23.590  9.497  -34.951 0.6666666865
151379  -24.814  9.470  -34.565 0.6666666865
151366  -25.099  9.275  -33.951 0.6666666865
154007  -24.657  10.882  -34.608 0.6666666865
152662  -24.942  10.151  -34.228 0.5555555820
152653  -25.313  10.291  -33.593 0.5555555820
152644  -26.111  10.008  -32.390 0.4444444478
153991  -25.312  11.120  -33.544 0.5555555820
155248  -17.776  11.587  -30.604 0.3333333433
153952  -17.889  10.826  -30.822 0.3333333433
152634  -18.827  10.063  -31.922 0.5555555820
151354  -19.023  9.494  -32.106 0.6666666865
153981  -19.016  10.777  -32.142 0.5555555820
151356  -20.053  9.244  -32.750 0.7777777910
151365  -20.919  9.283  -33.643 0.7777777910
152652  -21.061  10.050  -33.923 0.6666666865
151377  -22.071  9.394  -34.278 0.6666666865
151388  -22.450  9.667  -34.659 0.6666666865
152671  -23.226  10.210  -35.163 0.6666666865
154005  -23.541  11.017  -35.315 0.6666666865
154006  -24.217  10.992  -35.206 0.6666666865
153998  -25.077  10.982  -34.015 0.5555555820
156587  -25.378  12.545  -33.976 0.5555555820
155299  -25.014  11.787  -34.370 0.6666666865
156523  -18.012  12.248  -30.940 0.4444444478
156498  -17.679  12.392  -30.398 0.4444444478
155267  -18.094  11.494  -31.099 0.4444444478
156546  -18.631  12.189  -31.692 0.5555555820
155282  -18.815  11.498  -31.945 0.5555555820
155284  -19.730  11.481  -32.684 0.6666666865
153983  -19.931  10.750  -32.870 0.6666666865
153990  -20.847  10.794  -33.660 0.6666666865
152661  -22.090  10.195  -34.679 0.6666666865
154004  -22.895  11.040  -35.100 0.6666666865
155323  -24.487  12.598  -35.395 0.6666666865
156600  -24.990  12.661  -34.657 0.5555555820
157796  -18.386  12.862  -31.337 0.4444444478
156565  -19.975  12.055  -32.865 0.6666666865
155291  -20.655  11.517  -33.391 0.6666666865
156575  -20.841  12.126  -33.598 0.6666666865
153997  -21.725  10.926  -34.571 0.6666666865
155297  -21.075  11.570  -33.815 0.6666666865
155309  -23.897  11.742  -35.588 0.6666666865
130457  -20.283  -3.172  -28.296 0.8888888955
130455  -19.131  -2.631  -27.522 1.0000000000
130472  -20.188  -2.329  -28.320 1.0000000000
131750  -20.930  -1.982  -28.842 1.0000000000
131781  -22.517  -1.582  -29.825 1.0000000000
141451  -18.705  3.379  -29.322 0.5555555820
141533  -24.335  4.131  -33.260 0.8888888955
148660  -18.148  7.789  -30.447 0.5555555820
145888  -19.562  5.735  -31.397 0.7777777910
145910  -21.811  5.864  -33.129 1.0000000000
147353  -24.949  7.005  -33.827 0.8888888955
148643  -17.820  7.937  -29.797 0.2222222239
151367  -25.477  9.484  -33.360 0.6666666865
150056  -21.284  8.578  -33.704 0.7777777910
152654  -25.715  10.122  -32.973 0.4444444478
156573  -19.908  12.600  -32.967 0.6666666865
142844  -18.811  4.027  -29.824 0.4444444478
144383  -18.651  5.034  -29.858 0.4444444478
157851  -25.580  13.335  -33.997 0.5555555820
156577  -25.827  12.496  -33.361 0.5555555820
156497  -17.427  12.462  -29.762 0.2222222239
157862  -25.290  13.309  -34.402 0.5555555820
124722  -18.952  -5.902  -25.817 0.5555555820
124724  -19.936  -6.295  -26.405 0.5555555820
126154  -19.709  -5.291  -26.856 0.6666666865
126155  -20.415  -5.290  -27.298 0.5555555820
126173  -21.149  -5.261  -27.643 0.5555555820
127691  -22.595  -4.327  -28.768 0.7777777910
129150  -22.757  -3.768  -29.083 0.8888888955
127675  -21.363  -4.714  -28.097 0.6666666865
127690  -21.808  -4.308  -28.486 0.8888888955
130492  -23.873  -3.139  -29.623 0.7777777910
131784  -24.348  -2.051  -30.237 0.8888888955
127615  -18.140  -4.758  -24.996 0.4444444478
130432  -18.283  -3.195  -25.862 0.5555555820
133060  -24.074  -1.413  -30.527 1.0000000000
131709  -18.283  -2.416  -25.845 0.2222222239
131722  -18.754  -2.028  -27.067 0.6666666865
134517  -25.414  -0.132  -31.013 0.8888888955
135864  -25.858  0.511  -31.173 0.6666666865
137268  -26.254  1.365  -31.211 0.7777777910
137244  -26.706  1.395  -30.528 0.6666666865
134435  -18.957  -0.817  -27.625 0.5555555820
138604  -27.043  2.336  -30.200 0.6666666865
134446  -18.833  0.118  -27.868 0.4444444478
140029  -27.152  2.853  -30.213 0.5555555820
142846  -27.720  4.637  -30.094 0.5555555820
138529  -18.417  2.070  -28.039 0.2222222239
144402  -27.663  5.338  -30.425 0.5555555820
141434  -18.543  3.441  -28.771 0.4444444478
145889  -27.634  6.110  -30.596 0.5555555820
144361  -18.096  5.253  -28.960 0.3333333433
147299  -27.531  6.846  -30.762 0.5555555820
150004  -27.640  8.333  -30.563 0.4444444478
147258  -17.808  7.111  -29.267 0.3333333433
151341  -27.071  9.166  -31.167 0.5555555820
152645  -26.517  9.955  -31.832 0.4444444478
153929  -17.570  10.889  -30.281 0.3333333433
152607  -17.731  10.130  -30.512 0.3333333433
153984  -25.935  10.867  -32.542 0.4444444478
157852  -25.837  13.384  -33.560 0.2222222239
157777  -17.934  13.082  -30.804 0.3333333433
157797  -18.908  12.971  -31.803 0.6666666865
156584  -20.723  12.670  -33.741 0.6666666865
155306  -21.914  11.768  -34.759 0.6666666865
156597  -22.085  12.606  -34.922 0.6666666865
156612  -23.244  12.692  -35.995 0.6666666865
155335  -24.060  12.915  -35.849 0.6666666865
157873  -25.052  13.424  -34.970 0.6666666865
159147  -25.428  14.089  -34.687 0.4444444478
159135  -25.768  14.103  -34.048 0.3333333433
157820  -19.679  13.118  -32.799 0.5555555820
127645  -18.545  -4.518  -25.935 0.5555555820
127656  -19.267  -4.520  -26.986 0.6666666865
126135  -18.923  -5.266  -26.140 0.5555555820
126136  -19.389  -5.520  -26.471 0.6666666865
127672  -19.561  -4.250  -27.408 0.7777777910
126172  -20.625  -4.891  -27.645 0.7777777910
129133  -20.123  -3.612  -28.094 0.8888888955
127688  -20.549  -4.060  -28.066 0.8888888955
129148  -21.283  -3.472  -28.584 0.8888888955
130456  -19.849  -2.753  -28.126 1.0000000000
130490  -22.204  -2.618  -29.285 1.0000000000
130475  -21.930  -2.908  -29.072 0.8888888955
129149  -22.087  -3.425  -28.956 0.8888888955
126125  -18.647  -5.431  -25.639 0.5555555820
127633  -18.403  -4.789  -25.499 0.4444444478
127644  -18.331  -4.326  -25.618 0.5555555820
129107  -18.286  -3.898  -25.713 0.5555555820
129108  -18.485  -3.868  -26.228 0.6666666865
129116  -18.814  -3.765  -26.807 0.6666666865
129131  -19.040  -3.352  -27.241 0.8888888955
130509  -23.408  -2.221  -29.938 1.0000000000
131764  -21.428  -1.865  -29.185 1.0000000000
131765  -21.987  -1.713  -29.518 1.0000000000
130510  -23.826  -2.468  -29.904 1.0000000000
133059  -23.432  -1.204  -30.393 1.0000000000
130441  -18.371  -2.787  -26.308 0.5555555820
130433  -18.439  -3.301  -26.449 0.6666666865
131731  -19.018  -1.834  -27.538 0.8888888955
133003  -19.149  -1.260  -27.796 0.8888888955
131748  -19.891  -1.919  -28.261 1.0000000000
133021  -20.573  -1.265  -28.870 1.0000000000
134466  -20.595  -0.799  -29.116 1.0000000000
133022  -21.043  -1.452  -29.088 1.0000000000
133057  -22.264  -1.106  -29.818 1.0000000000
134465  -20.143  -0.408  -28.862 1.0000000000
134480  -20.449  -0.040  -29.420 1.0000000000
134501  -23.116  -0.469  -30.542 1.0000000000
133072  -24.401  -0.816  -30.678 0.8888888955
134514  -23.394  -0.028  -30.798 1.0000000000
135833  -22.230  0.045  -30.670 1.0000000000
135860  -22.950  0.274  -30.916 1.0000000000
135862  -24.348  0.468  -31.208 1.0000000000
135863  -25.095  0.347  -31.231 0.8888888955
135891  -25.404  0.744  -31.404 0.7777777910
134464  -19.673  0.026  -28.640 1.0000000000
135771  -18.990  0.540  -28.275 0.5555555820
135806  -20.165  0.350  -29.433 1.0000000000
135831  -20.918  0.775  -30.315 1.0000000000
137262  -21.529  1.230  -31.064 1.0000000000
137264  -22.846  1.015  -31.379 1.0000000000
140072  -25.738  2.218  -32.316 0.8888888955
140060  -26.362  2.503  -31.976 0.7777777910
140028  -26.984  3.173  -30.739 0.6666666865
137170  -18.761  1.239  -28.301 0.5555555820
138530  -18.604  1.670  -28.242 0.6666666865
135788  -19.396  0.419  -28.671 0.7777777910
137200  -19.493  0.752  -29.071 0.7777777910
138580  -19.493  1.847  -29.599 0.7777777910
141465  -19.693  2.869  -30.290 0.6666666865
140044  -20.349  2.658  -30.811 0.8888888955
138600  -19.834  1.893  -30.041 0.8888888955
138620  -20.673  2.334  -30.911 0.8888888955
137222  -19.772  1.105  -29.583 0.8888888955
137241  -20.083  1.501  -30.123 1.0000000000
138621  -21.131  1.983  -31.150 0.8888888955
138633  -21.993  2.165  -31.588 1.0000000000
138647  -23.625  2.630  -32.461 1.0000000000
141515  -25.178  3.240  -33.009 0.8888888955
141516  -26.039  3.067  -32.676 0.8888888955
141482  -26.919  3.655  -31.161 0.7777777910
142872  -26.882  4.399  -31.562 0.6666666865
141452  -27.786  4.086  -29.710 0.5555555820
142873  -27.127  4.909  -31.258 0.6666666865
140025  -19.236  2.889  -29.831 0.5555555820
139992  -18.486  2.847  -28.368 0.3333333433
138554  -18.607  2.422  -28.465 0.3333333433
140009  -19.067  2.620  -29.379 0.4444444478
138579  -19.215  1.889  -29.223 0.6666666865
142855  -19.581  4.076  -30.696 0.6666666865
141480  -19.881  3.271  -30.724 0.7777777910
141498  -21.478  3.347  -31.865 0.8888888955
140059  -22.940  2.578  -32.137 1.0000000000
141512  -23.005  3.692  -32.821 1.0000000000
144417  -27.303  5.478  -31.057 0.5555555820
142871  -20.889  4.289  -31.931 0.8888888955
142906  -22.975  4.614  -33.229 1.0000000000
145928  -26.361  6.423  -32.648 0.7777777910
145912  -26.639  6.221  -32.253 0.7777777910
142831  -18.467  4.211  -29.166 0.4444444478
144427  -20.923  5.301  -32.335 0.8888888955
144430  -22.664  4.872  -33.219 1.0000000000
144443  -23.057  5.193  -33.441 0.8888888955
145939  -25.198  6.428  -33.657 0.7777777910
147326  -26.469  6.981  -32.347 0.6666666865
148665  -26.996  7.899  -31.327 0.5555555820
148666  -27.331  7.601  -30.967 0.5555555820
145871  -18.721  5.856  -30.440 0.5555555820
147296  -19.251  6.236  -31.302 0.6666666865
145899  -20.528  5.785  -32.223 0.8888888955
145922  -22.569  5.929  -33.457 1.0000000000
145938  -24.618  6.414  -33.829 0.8888888955
148717  -25.205  7.480  -33.721 0.8888888955
148691  -26.312  7.742  -32.372 0.6666666865
148715  -24.253  7.692  -34.495 0.8888888955
151349  -26.711  9.188  -31.686 0.5555555820
147294  -18.411  7.298  -30.602 0.5555555820
147295  -18.805  6.769  -30.952 0.5555555820
147323  -20.468  6.620  -32.478 1.0000000000
147322  -20.055  7.136  -32.330 0.7777777910
148676  -19.284  7.660  -31.796 0.7777777910
148703  -21.829  7.206  -33.661 0.8888888955
148689  -20.738  7.084  -32.994 0.7777777910
152637  -26.908  9.917  -31.325 0.5555555820
151336  -17.948  9.403  -30.706 0.5555555820
150022  -18.509  8.496  -31.230 0.5555555820
152633  -18.436  10.046  -31.495 0.4444444478
150023  -18.958  8.394  -31.719 0.6666666865
151355  -19.468  9.211  -32.379 0.6666666865
148687  -19.772  7.647  -32.229 0.7777777910
148661  -18.492  7.721  -30.897 0.7777777910
150011  -18.222  8.284  -30.783 0.6666666865
150044  -20.430  8.535  -32.904 0.7777777910
148688  -20.415  7.638  -32.735 0.7777777910
148713  -22.904  7.947  -34.346 0.7777777910
151378  -22.579  9.185  -34.434 0.6666666865
150066  -24.004  8.724  -35.021 0.6666666865
151391  -24.130  9.574  -34.941 0.6666666865
152672  -23.875  10.213  -35.208 0.6666666865
152673  -24.337  10.227  -34.887 0.6666666865
155285  -25.816  11.698  -32.811 0.4444444478
155293  -25.519  11.684  -33.345 0.5555555820
152621  -18.063  10.085  -31.024 0.4444444478
153970  -18.629  10.772  -31.720 0.5555555820
152642  -19.706  10.001  -32.654 0.6666666865
152651  -20.634  10.022  -33.464 0.7777777910
155310  -24.615  11.984  -35.151 0.6666666865
156563  -19.040  12.260  -32.145 0.6666666865
154003  -22.284  10.998  -34.881 0.6666666865
155308  -23.134  11.905  -35.311 0.6666666865
155321  -23.519  12.295  -35.744 0.6666666865
144382  -18.228  5.453  -29.511 0.4444444478
142810  -18.392  3.877  -28.699 0.4444444478
144362  -18.323  4.924  -29.299 0.4444444478
157835  -26.261  13.299  -32.997 0.3333333433
159148  -25.715  14.434  -34.465 0.3333333433
124723  -19.452  -6.111  -26.151 0.5555555820
127704  -23.131  -4.150  -29.000 0.6666666865
126124  -18.358  -5.417  -25.186 0.4444444478
124713  -18.662  -6.208  -25.336 0.5555555820
133061  -24.823  -1.406  -30.488 0.7777777910
126116  -18.075  -5.392  -24.696 0.3333333433
135865  -26.426  0.813  -30.834 0.6666666865
132993  -18.825  -1.277  -27.325 0.7777777910
138555  -18.810  1.981  -28.670 0.3333333433
137138  -18.239  1.320  -27.488 0.1111111119
139973  -18.248  2.854  -27.835 0.1111111119
142809  -18.207  4.344  -28.553 0.4444444478
145850  -18.029  6.175  -29.354 0.3333333433
151321  -17.661  9.434  -30.168 0.3333333433
157872  -24.722  13.516  -35.518 0.6666666865
159160  -25.025  14.110  -35.350 0.4444444478
121925  -23.100  -7.328  -27.337 0.4444444478
120437  -25.167  -8.053  -26.362 0.2222222239
123304  -20.470  -6.864  -26.298 0.4444444478
123324  -20.672  -6.363  -26.705 0.4444444478
123325  -21.151  -6.595  -26.750 0.4444444478
123327  -22.731  -7.161  -27.202 0.4444444478
123344  -23.763  -6.668  -28.154 0.4444444478
123346  -24.913  -6.426  -27.556 0.2222222239
124760  -21.231  -5.809  -27.307 0.4444444478
124762  -22.522  -5.978  -27.857 0.4444444478
124763  -23.084  -6.248  -28.101 0.4444444478
126157  -25.361  -5.527  -27.131 0.1111111119
126158  -25.991  -5.146  -26.742 0.1111111119
124778  -22.904  -5.773  -28.209 0.4444444478
124780  -24.386  -5.881  -28.317 0.3333333433
126175  -22.579  -5.535  -28.154 0.4444444478
124779  -23.527  -5.898  -28.407 0.3333333433
126190  -24.549  -5.026  -28.530 0.3333333433
126177  -25.464  -5.078  -27.164 0.2222222239
126188  -22.886  -5.147  -28.430 0.4444444478
126189  -23.822  -5.112  -28.738 0.3333333433
126174  -22.050  -5.213  -28.079 0.5555555820
129151  -25.316  -3.815  -28.121 0.2222222239
129152  -25.734  -3.218  -28.061 0.1111111119
130459  -27.026  -2.756  -27.368 0.1111111119
127707  -25.077  -3.981  -28.749 0.3333333433
129167  -25.434  -3.285  -28.772 0.3333333433
130493  -24.340  -3.329  -29.525 0.4444444478
130511  -24.579  -2.807  -29.761 0.5555555820
131785  -25.129  -2.067  -30.073 0.6666666865
133023  -26.291  -1.732  -28.646 0.4444444478
134467  -27.204  -0.170  -28.592 0.3333333433
133062  -25.799  -1.190  -30.236 0.6666666865
134485  -26.835  -0.008  -29.220 0.5555555820
133073  -25.139  -0.707  -30.686 0.6666666865
134504  -26.623  0.121  -29.780 0.5555555820
135809  -26.994  0.741  -29.457 0.5555555820
135790  -27.184  0.468  -28.890 0.4444444478
137225  -27.377  1.539  -29.302 0.3333333433
134518  -25.950  -0.034  -30.861 0.5555555820
138556  -27.739  2.263  -29.060 0.4444444478
139997  -27.704  2.828  -29.290 0.5555555820
141453  -27.975  3.711  -29.242 0.4444444478
156586  -21.640  12.536  -34.502 0.5555555820
157849  -21.434  13.303  -34.263 0.5555555820
156598  -22.437  12.637  -35.454 0.5555555820
156611  -22.676  12.955  -35.845 0.5555555820
156623  -23.602  13.059  -36.098 0.5555555820
159170  -23.953  14.171  -36.494 0.5555555820
121905  -22.201  -7.963  -26.771 0.4444444478
121908  -24.184  -7.638  -27.248 0.2222222239
124743  -20.252  -5.991  -26.728 0.4444444478
124781  -24.807  -5.412  -28.090 0.2222222239
129134  -25.349  -4.275  -27.726 0.2222222239
129135  -25.897  -3.806  -27.357 0.1111111119
130494  -25.485  -2.831  -29.142 0.4444444478
130476  -26.081  -2.646  -28.202 0.3333333433
129179  -25.214  -3.085  -29.298 0.4444444478
133041  -26.261  -1.344  -29.233 0.4444444478
140012  -27.828  3.225  -29.241 0.4444444478
144390  -28.267  5.454  -29.497 0.4444444478
159133  -21.596  14.086  -34.553 0.5555555820
160404  -21.780  14.583  -34.725 0.5555555820
126156  -20.893  -5.614  -27.356 0.4444444478
133024  -26.880  -1.168  -28.423 0.2222222239
157882  -24.226  13.624  -35.880 0.5555555820
120415  -21.047  -8.531  -25.767 0.4444444478
120432  -21.577  -8.528  -26.146 0.4444444478
120434  -22.566  -8.932  -26.659 0.4444444478
120436  -24.401  -8.444  -26.426 0.2222222239
120417  -25.476  -8.428  -25.591 0.1111111119
123289  -19.761  -6.954  -25.806 0.4444444478
121874  -20.639  -8.018  -25.728 0.4444444478
121910  -25.456  -6.883  -26.657 0.1111111119
124747  -25.654  -6.015  -26.685 0.1111111119
120438  -25.918  -8.004  -25.904 0.1111111119
126138  -26.624  -5.577  -26.243 0.1111111119
127658  -26.011  -4.415  -26.978 0.1111111119
129120  -27.411  -3.756  -26.678 0.1111111119
130460  -27.924  -2.564  -27.245 0.1111111119
131734  -27.478  -2.066  -27.621 0.1111111119
133006  -27.710  -1.258  -27.861 0.2222222239
135791  -27.727  0.711  -28.419 0.1111111119
133025  -27.533  -0.581  -28.165 0.2222222239
137201  -27.766  1.556  -28.724 0.2222222239
138557  -28.208  2.259  -28.563 0.2222222239
139999  -28.563  2.861  -28.370 0.3333333433
142835  -28.208  4.583  -29.285 0.4444444478
144369  -28.641  5.232  -28.942 0.3333333433
145858  -28.732  6.015  -29.143 0.3333333433
145878  -28.020  5.981  -30.005 0.4444444478
145879  -28.380  6.190  -29.539 0.3333333433
150010  -17.890  8.627  -30.396 0.4444444478
150016  -27.224  8.429  -31.029 0.4444444478
155286  -26.251  11.653  -32.203 0.3333333433
159088  -19.148  13.773  -32.018 0.4444444478
160435  -24.892  14.609  -35.761 0.5555555820
159109  -19.913  13.707  -33.008 0.5555555820
159111  -20.944  14.340  -33.770 0.5555555820
157871  -22.688  13.569  -35.810 0.5555555820
159168  -22.734  14.221  -35.969 0.5555555820
160380  -20.920  15.049  -33.795 0.5555555820
123303  -19.892  -6.564  -26.174 0.4444444478
126187  -22.326  -4.759  -28.456 0.5555555820
127692  -23.220  -4.650  -28.843 0.5555555820
129165  -24.099  -3.785  -29.373 0.6666666865
135836  -26.635  0.646  -30.234 0.5555555820
138581  -26.970  1.938  -30.208 0.4444444478
147283  -27.909  6.780  -30.244 0.4444444478
124744  -20.855  -5.991  -27.036 0.4444444478
127705  -23.736  -4.377  -29.045 0.3333333433
123326  -22.078  -6.930  -27.005 0.4444444478
121907  -23.487  -7.798  -27.286 0.4444444478
120452  -23.970  -8.202  -26.930 0.3333333433
121926  -23.625  -7.228  -27.572 0.4444444478
121906  -22.767  -7.752  -27.121 0.4444444478
120453  -24.580  -7.992  -26.846 0.3333333433
121909  -24.996  -7.353  -26.955 0.1111111119
123290  -20.206  -7.278  -25.915 0.4444444478
121888  -20.493  -7.539  -25.925 0.4444444478
121889  -21.043  -7.802  -26.091 0.4444444478
123305  -21.413  -7.233  -26.451 0.4444444478
124745  -21.437  -6.237  -27.079 0.4444444478
123306  -21.864  -7.501  -26.625 0.4444444478
123342  -22.325  -6.401  -27.474 0.4444444478
123343  -22.884  -6.756  -27.606 0.4444444478
123358  -23.976  -6.269  -28.443 0.4444444478
121927  -24.367  -7.082  -27.636 0.2222222239
123359  -24.226  -6.402  -28.329 0.4444444478
123328  -25.162  -6.471  -27.060 0.1111111119
124765  -24.956  -5.947  -27.676 0.2222222239
124726  -26.433  -6.148  -26.166 0.1111111119
127694  -25.010  -4.588  -28.286 0.3333333433
126203  -24.229  -4.842  -28.797 0.3333333433
127676  -25.254  -4.646  -27.741 0.2222222239
127677  -25.546  -4.618  -27.298 0.2222222239
129168  -25.750  -2.948  -28.452 0.2222222239
130458  -26.260  -3.010  -27.628 0.1111111119
129136  -26.549  -3.331  -27.204 0.1111111119
131733  -26.904  -2.199  -27.753 0.1111111119
130443  -27.038  -3.345  -26.961 0.1111111119
129166  -24.832  -3.541  -29.361 0.3333333433
130513  -25.639  -2.435  -29.218 0.4444444478
131786  -25.722  -1.992  -29.595 0.4444444478
131767  -25.934  -2.047  -28.990 0.4444444478
131752  -26.524  -2.014  -28.168 0.3333333433
134468  -27.732  0.007  -28.171 0.1111111119
133042  -26.742  -0.665  -29.039 0.4444444478
134503  -26.257  -0.197  -30.348 0.5555555820
134484  -26.470  -0.574  -29.672 0.5555555820
135810  -27.393  1.004  -28.942 0.3333333433
141440  -28.379  4.014  -28.783 0.4444444478
157850  -21.867  13.351  -34.649 0.5555555820
159131  -20.840  13.789  -33.744 0.5555555820
157880  -23.052  13.466  -36.250 0.5555555820
121890  -21.719  -7.933  -26.406 0.4444444478
120450  -22.658  -8.545  -26.825 0.4444444478
129119  -26.659  -3.860  -26.873 0.1111111119
160403  -21.489  15.055  -34.401 0.5555555820
133005  -27.061  -1.711  -27.911 0.2222222239
118907  -21.487  -9.031  -25.901 0.4444444478
118919  -22.911  -9.077  -26.615 0.4444444478
118911  -24.153  -8.933  -26.067 0.2222222239
118920  -23.238  -8.912  -26.706 0.4444444478
121873  -20.176  -7.717  -25.582 0.4444444478
121872  -19.604  -7.692  -25.270 0.4444444478
123307  -25.998  -6.660  -26.299 0.1111111119
121892  -25.623  -7.443  -26.365 0.1111111119
126159  -26.861  -4.966  -26.409 0.1111111119
109633  -22.942  -13.675  -21.801 0.1111111119
114305  -19.877  -11.710  -23.424 0.3333333433
112636  -21.254  -12.853  -23.382 0.2222222239
111046  -22.526  -13.324  -22.186 0.2222222239
111047  -23.265  -13.158  -22.164 0.1111111119
118820  -18.271  -9.602  -23.273 0.3333333433
115784  -18.580  -10.523  -22.984 0.3333333433
115785  -19.110  -10.948  -23.150 0.3333333433
114333  -20.757  -11.495  -24.276 0.3333333433
114307  -21.131  -12.064  -24.146 0.3333333433
112637  -21.579  -12.756  -23.298 0.2222222239
114308  -21.841  -11.974  -24.146 0.2222222239
112638  -22.361  -12.428  -23.137 0.2222222239
112639  -23.328  -12.579  -22.590 0.1111111119
114281  -22.931  -12.139  -23.106 0.2222222239
120378  -17.587  -8.050  -23.527 0.2222222239
120379  -18.027  -8.498  -23.634 0.2222222239
118845  -18.107  -9.119  -23.396 0.2222222239
117310  -19.249  -10.309  -23.643 0.3333333433
115818  -19.366  -10.752  -23.472 0.3333333433
115819  -19.741  -11.000  -23.627 0.3333333433
114309  -22.643  -11.755  -23.757 0.1111111119
121860  -18.187  -7.457  -24.237 0.2222222239
120380  -18.660  -8.543  -24.113 0.3333333433
121861  -18.677  -7.766  -24.576 0.3333333433
121862  -19.233  -8.049  -24.932 0.3333333433
120393  -19.190  -8.563  -24.541 0.3333333433
118866  -19.100  -9.097  -24.171 0.3333333433
118868  -20.313  -9.315  -24.746 0.3333333433
115849  -21.335  -10.908  -24.948 0.3333333433
118869  -20.798  -9.586  -24.987 0.3333333433
115868  -21.689  -10.621  -25.419 0.3333333433
115850  -22.163  -10.986  -25.028 0.3333333433
115821  -23.033  -11.152  -24.105 0.1111111119
115851  -22.936  -10.669  -24.782 0.2222222239
124705  -18.007  -6.172  -24.393 0.2222222239
123282  -18.297  -6.965  -24.526 0.2222222239
124706  -18.324  -6.473  -24.867 0.3333333433
121871  -19.049  -7.504  -25.045 0.3333333433
120413  -20.033  -8.106  -25.252 0.3333333433
120395  -20.316  -8.864  -24.997 0.3333333433
118889  -21.129  -9.305  -25.468 0.3333333433
117352  -21.677  -10.074  -25.717 0.3333333433
118890  -21.718  -9.543  -25.911 0.3333333433
115869  -22.325  -10.586  -25.572 0.3333333433
115852  -23.682  -10.308  -24.491 0.1111111119
124714  -19.170  -6.446  -25.722 0.3333333433
120414  -20.473  -8.519  -25.332 0.3333333433
117353  -22.383  -10.028  -26.099 0.3333333433
117367  -22.478  -9.648  -26.367 0.3333333433
117368  -22.937  -9.734  -26.191 0.3333333433
141441  -28.673  3.573  -28.367 0.2222222239
142818  -28.611  4.732  -28.727 0.2222222239
142819  -28.837  4.351  -28.397 0.2222222239
148651  -27.795  7.544  -30.429 0.3333333433
148652  -28.231  7.455  -29.949 0.2222222239
112660  -20.233  -12.416  -23.474 0.3333333433
112661  -20.977  -12.642  -23.645 0.3333333433
111063  -21.992  -13.084  -22.737 0.2222222239
121848  -17.823  -7.633  -23.831 0.3333333433
117312  -20.442  -10.579  -24.324 0.3333333433
115848  -20.785  -10.957  -24.488 0.3333333433
114334  -21.280  -11.545  -24.530 0.3333333433
114336  -22.578  -11.242  -24.476 0.3333333433
123283  -18.686  -6.985  -24.959 0.3333333433
117354  -23.142  -10.012  -25.781 0.3333333433
109601  -22.134  -14.195  -21.733 0.1111111119
109602  -22.629  -14.165  -21.536 0.1111111119
115766  -18.371  -10.936  -22.643 0.3333333433
114279  -19.098  -11.653  -22.853 0.3333333433
112634  -19.448  -12.222  -22.912 0.3333333433
112635  -19.850  -12.575  -23.187 0.3333333433
111061  -20.325  -13.163  -23.233 0.3333333433
109650  -21.532  -13.515  -22.608 0.3333333433
108317  -23.844  -14.577  -21.174 0.1111111119
109634  -23.579  -13.641  -21.762 0.1111111119
112619  -23.723  -12.949  -22.198 0.1111111119
112640  -24.133  -12.144  -22.560 0.1111111119
114310  -23.479  -11.335  -23.541 0.1111111119
115822  -23.555  -10.797  -24.017 0.1111111119
123268  -17.922  -6.929  -24.104 0.2222222239
117336  -23.356  -10.134  -25.152 0.1111111119
118891  -23.828  -9.483  -25.679 0.1111111119
126115  -17.835  -5.363  -24.179 0.1111111119
151331  -27.865  9.055  -30.165 0.2222222239
149989  -28.575  8.112  -29.495 0.2222222239
129072  -18.052  -4.139  -24.756 0.2222222239
129094  -18.182  -4.127  -25.276 0.3333333433
124712  -18.255  -5.936  -24.914 0.3333333433
123288  -19.149  -6.968  -25.362 0.4444444478
147265  -29.066  6.685  -28.948 0.2222222239
109603  -23.371  -14.098  -21.471 0.1111111119
109632  -22.286  -13.814  -21.902 0.1111111119
111083  -20.764  -12.997  -23.454 0.3333333433
118846  -18.673  -9.373  -23.695 0.3333333433
117281  -18.667  -10.143  -23.280 0.3333333433
118819  -17.833  -9.255  -23.015 0.2222222239
117280  -18.156  -10.075  -22.898 0.2222222239
114306  -20.412  -11.779  -23.850 0.3333333433
115820  -20.357  -10.999  -24.104 0.3333333433
112662  -21.690  -12.386  -23.719 0.2222222239
114335  -21.994  -11.476  -24.560 0.2222222239
118847  -19.334  -9.659  -24.013 0.3333333433
114282  -23.442  -11.886  -23.051 0.1111111119
121849  -18.252  -7.989  -24.105 0.3333333433
118867  -19.709  -9.296  -24.407 0.3333333433
120394  -19.871  -8.533  -24.900 0.3333333433
117333  -20.161  -9.741  -24.459 0.3333333433
117311  -19.951  -10.218  -24.147 0.3333333433
117334  -20.656  -10.160  -24.612 0.3333333433
117335  -21.224  -10.102  -25.180 0.3333333433
118888  -20.588  -9.123  -25.105 0.3333333433
124704  -17.745  -5.892  -23.904 0.2222222239
115870  -22.876  -10.337  -25.525 0.3333333433
117355  -23.696  -9.735  -25.525 0.1111111119
108339  -21.497  -14.684  -21.812 0.1111111119
109649  -20.948  -13.714  -22.798 0.2222222239
114265  -18.667  -11.695  -22.580 0.3333333433
114264  -18.123  -11.677  -22.143 0.2222222239
112618  -19.191  -12.586  -22.624 0.3333333433
111044  -19.822  -13.452  -22.776 0.3333333433
117279  -17.648  -9.673  -22.550 0.2222222239
144327  -29.282  4.925  -28.245 0.1111111119
142798  -29.644  4.466  -27.898 0.1111111119
144330  -30.616  4.962  -27.742 0.1111111119
144329  -30.062  4.969  -27.854 0.1111111119
145841  -29.792  5.973  -28.234 0.1111111119
147241  -30.594  6.112  -27.788 0.1111111119
147264  -28.648  6.739  -29.327 0.1111111119
147252  -30.166  6.588  -28.080 0.1111111119
148638  -28.953  7.480  -29.085 0.1111111119
148625  -29.838  7.310  -28.357 0.1111111119
149975  -29.493  7.995  -28.620 0.1111111119
155253  -26.960  11.120  -31.202 0.1111111119
153985  -26.398  10.785  -31.995 0.2222222239
156567  -26.660  12.500  -31.975 0.1111111119
153959  -27.147  10.644  -31.036 0.1111111119
155274  -27.107  12.009  -31.257 0.1111111119
157834  -20.544  13.219  -33.584 0.4444444478
156566  -26.227  12.448  -32.629 0.1111111119
160348  -19.384  15.207  -32.170 0.4444444478
159090  -19.998  14.278  -32.909 0.4444444478
157836  -26.666  13.583  -32.612 0.1111111119
160421  -22.349  14.608  -35.182 0.4444444478
160436  -25.338  14.894  -35.277 0.3333333433
160422  -25.661  14.679  -34.738 0.2222222239
160405  -26.236  14.799  -33.796 0.1111111119
159113  -26.584  14.058  -32.984 0.1111111119
160406  -26.681  14.955  -33.548 0.1111111119
160420  -22.091  15.045  -34.930 0.4444444478
160419  -21.855  15.506  -34.724 0.4444444478
161596  -22.280  15.824  -35.408 0.4444444478
160443  -22.657  14.924  -36.054 0.4444444478
160452  -22.899  15.155  -36.543 0.4444444478
159179  -23.248  14.456  -36.761 0.4444444478
160454  -24.144  14.970  -37.114 0.4444444478
161607  -24.673  15.317  -36.605 0.4444444478
162744  -25.502  16.292  -36.101 0.2222222239
161597  -25.361  15.653  -35.762 0.2222222239
162731  -26.155  16.122  -35.323 0.2222222239
162712  -26.478  16.009  -34.866 0.2222222239
167466  -25.558  19.169  -39.603 0.1111111119
166298  -26.511  18.805  -37.934 0.1111111119
163851  -27.145  16.911  -35.423 0.1111111119
162672  -20.014  16.277  -32.716 0.4444444478
162673  -20.466  16.389  -33.365 0.4444444478
161540  -20.605  15.758  -33.576 0.4444444478
162694  -21.072  16.604  -34.010 0.3333333433
161579  -21.993  15.945  -34.887 0.4444444478
162743  -22.510  16.622  -35.913 0.4444444478
161625  -23.115  16.314  -36.975 0.4444444478
160472  -23.274  15.958  -37.419 0.4444444478
160463  -23.520  15.402  -37.562 0.4444444478
161616  -24.595  15.930  -37.059 0.4444444478
163900  -23.119  17.484  -37.793 0.3333333433
162768  -24.670  16.636  -37.355 0.3333333433
163880  -25.049  16.947  -37.100 0.1111111119
163881  -25.293  17.122  -36.845 0.1111111119
163882  -25.752  17.574  -36.625 0.1111111119
162745  -25.875  16.379  -35.779 0.2222222239
163866  -25.905  16.915  -36.141 0.1111111119
165057  -26.114  18.122  -36.995 0.1111111119
162710  -21.927  16.479  -34.808 0.3333333433
162742  -22.242  16.957  -35.618 0.3333333433
162754  -22.845  16.784  -36.611 0.3333333433
161635  -23.728  16.483  -37.773 0.4444444478
163901  -23.551  17.192  -38.316 0.2222222239
162777  -23.866  16.835  -38.093 0.2222222239
163892  -24.855  17.268  -37.607 0.2222222239
165070  -25.124  17.771  -37.768 0.1111111119
165093  -23.422  18.274  -39.140 0.1111111119
163910  -23.702  17.516  -38.922 0.1111111119
165095  -24.664  17.989  -38.975 0.1111111119
166296  -25.484  18.293  -37.883 0.1111111119
165094  -24.029  17.885  -39.408 0.1111111119
166322  -25.214  18.692  -39.127 0.1111111119
166309  -25.471  18.450  -38.292 0.1111111119
163823  -21.008  16.924  -34.036 0.3333333433
163833  -21.754  16.974  -34.634 0.3333333433
165013  -21.670  17.696  -34.512 0.3333333433
165033  -22.069  17.793  -35.176 0.3333333433
163864  -22.386  17.218  -35.834 0.3333333433
163890  -22.817  17.428  -37.030 0.3333333433
165069  -22.678  18.143  -37.470 0.2222222239
165082  -23.040  18.180  -38.336 0.2222222239
166333  -23.705  18.947  -40.005 0.1111111119
166335  -25.171  19.045  -39.860 0.1111111119
168615  -24.477  19.831  -41.546 0.1111111119
167373  -22.277  19.387  -33.284 0.1111111119
167388  -22.327  19.218  -33.957 0.1111111119
166266  -22.284  18.569  -35.249 0.2222222239
166275  -22.421  18.891  -35.908 0.2222222239
165043  -22.275  18.095  -35.698 0.3333333433
166284  -22.436  19.125  -36.517 0.2222222239
165055  -22.536  18.070  -36.938 0.3333333433
166294  -22.429  18.961  -37.067 0.3333333433
167446  -22.446  19.444  -37.627 0.2222222239
167455  -22.481  19.534  -38.172 0.1111111119
168590  -22.611  20.239  -38.796 0.1111111119
167456  -22.675  19.370  -38.567 0.1111111119
168597  -22.888  20.270  -39.714 0.1111111119
165105  -23.597  18.669  -39.556 0.1111111119
167478  -23.613  19.723  -40.578 0.1111111119
166345  -24.550  19.248  -40.530 0.1111111119
167481  -26.252  19.735  -40.488 0.1111111119
167467  -26.118  19.440  -39.631 0.1111111119
167404  -23.326  19.556  -34.756 0.1111111119
167403  -22.387  19.075  -34.661 0.1111111119
167420  -23.491  20.020  -35.587 0.1111111119
169694  -23.525  21.085  -36.875 0.1111111119
169704  -23.323  21.126  -37.244 0.1111111119
168571  -22.588  20.104  -37.478 0.2222222239
169714  -23.090  21.306  -37.881 0.1111111119
168581  -22.638  20.633  -38.023 0.1111111119
172039  -23.025  22.579  -39.083 0.1111111119
169732  -22.696  21.100  -39.476 0.1111111119
172047  -22.831  22.836  -39.760 0.1111111119
169741  -22.870  20.998  -40.401 0.1111111119
167405  -24.135  20.136  -34.878 0.1111111119
167406  -24.606  20.369  -34.652 0.1111111119
169681  -24.605  21.135  -35.767 0.1111111119
169706  -24.151  21.501  -36.906 0.1111111119
170854  -24.227  22.495  -37.388 0.1111111119
170843  -24.132  21.728  -37.257 0.1111111119
172032  -24.146  22.931  -37.667 0.1111111119
172040  -23.428  22.976  -38.801 0.1111111119
170834  -25.070  22.446  -35.974 0.1111111119
172001  -25.250  22.803  -35.570 0.1111111119
172012  -24.804  22.728  -36.504 0.1111111119
142799  -30.211  4.354  -27.741 0.1111111119
144350  -29.531  5.485  -28.251 0.1111111119
145825  -30.384  5.516  -27.791 0.1111111119
145842  -31.532  5.753  -27.809 0.1111111119
151332  -28.330  9.006  -29.641 0.1111111119
149990  -29.093  8.311  -29.037 0.1111111119
152615  -28.222  9.792  -29.920 0.1111111119
157805  -27.159  12.943  -31.636 0.1111111119
160362  -20.336  14.943  -33.168 0.4444444478
160444  -24.585  14.697  -36.349 0.4444444478
160445  -24.947  15.189  -36.007 0.3333333433
161598  -25.752  15.570  -35.240 0.2222222239
160423  -25.932  14.858  -34.377 0.1111111119
161581  -26.555  15.858  -34.532 0.1111111119
160383  -27.007  14.706  -33.114 0.1111111119
160433  -22.244  15.469  -35.198 0.4444444478
163850  -26.470  16.661  -35.544 0.2222222239
163893  -25.231  17.623  -37.369 0.1111111119
165072  -25.718  18.146  -37.310 0.1111111119
165058  -26.893  18.217  -37.118 0.1111111119
166323  -25.802  19.126  -39.152 0.1111111119
167429  -22.825  19.772  -36.206 0.2222222239
168580  -22.497  19.972  -38.092 0.1111111119
169680  -24.202  21.066  -36.149 0.1111111119
170862  -23.580  22.524  -38.293 0.1111111119
173183  -24.637  23.591  -36.777 0.1111111119
172013  -25.095  22.946  -36.057 0.1111111119
144371  -32.464  5.134  -28.436 0.1111111119
144352  -31.889  5.078  -27.931 0.1111111119
151342  -27.487  9.118  -30.696 0.2222222239
153975  -26.787  10.665  -31.487 0.2222222239
157822  -26.990  13.390  -32.147 0.1111111119
160360  -19.322  14.301  -32.222 0.4444444478
161615  -22.881  16.032  -36.448 0.4444444478
162728  -22.130  16.582  -35.386 0.4444444478
160474  -23.992  16.082  -37.950 0.4444444478
162778  -24.308  16.831  -37.812 0.2222222239
167390  -23.962  19.605  -34.091 0.1111111119
167376  -24.540  19.509  -33.339 0.1111111119
169668  -25.198  21.205  -34.921 0.1111111119
169696  -24.365  21.424  -36.437 0.1111111119
172024  -24.424  22.897  -37.126 0.1111111119
142821  -32.112  4.299  -28.119 0.1111111119
141422  -29.718  3.753  -27.794 0.1111111119
141423  -30.363  3.635  -27.621 0.1111111119
142820  -31.514  4.304  -27.730 0.1111111119
144372  -32.929  5.072  -29.127 0.1111111119
142836  -32.568  4.259  -28.700 0.1111111119
147255  -32.425  6.857  -28.335 0.1111111119
147253  -30.876  6.771  -27.849 0.1111111119
148627  -31.251  7.497  -28.041 0.1111111119
151291  -29.883  8.517  -28.519 0.1111111119
152616  -28.795  9.823  -29.441 0.1111111119
152589  -29.275  9.577  -29.128 0.1111111119
151313  -29.564  8.993  -28.749 0.1111111119
153936  -28.624  10.624  -29.828 0.1111111119
155255  -28.094  11.573  -30.476 0.1111111119
157783  -27.965  12.966  -31.080 0.1111111119
159089  -19.572  13.865  -32.534 0.4444444478
157806  -27.710  13.271  -31.501 0.1111111119
157823  -27.426  13.462  -31.830 0.1111111119
161562  -27.562  15.754  -33.834 0.1111111119
160384  -27.670  14.935  -33.018 0.1111111119
161518  -19.259  15.609  -31.974 0.4444444478
161527  -20.107  15.650  -32.989 0.4444444478
162715  -28.418  16.254  -34.740 0.1111111119
163852  -27.769  17.103  -35.693 0.1111111119
163799  -20.411  17.001  -32.836 0.2222222239
163811  -20.932  17.078  -33.868 0.3333333433
165000  -20.885  17.572  -33.491 0.2222222239
165012  -21.515  17.528  -34.389 0.2222222239
165059  -27.677  18.342  -37.530 0.1111111119
166214  -21.175  18.793  -33.246 0.1111111119
166246  -21.832  18.358  -34.419 0.2222222239
167458  -26.737  19.386  -39.197 0.1111111119
167468  -26.818  19.577  -39.874 0.1111111119
166215  -21.712  19.445  -32.876 0.1111111119
166216  -22.297  19.407  -32.377 0.1111111119
167375  -23.676  19.373  -33.354 0.1111111119
167359  -24.106  19.238  -32.640 0.1111111119
167494  -25.617  19.824  -41.270 0.1111111119
167377  -25.481  19.926  -33.372 0.1111111119
170883  -23.030  21.735  -40.820 0.1111111119
170888  -23.793  21.801  -41.842 0.1111111119
170889  -24.351  21.887  -42.191 0.1111111119
168521  -25.318  20.682  -34.281 0.1111111119
169669  -25.576  21.487  -34.537 0.1111111119
173202  -24.061  23.596  -38.022 0.1111111119
175355  -23.316  25.201  -39.161 0.1111111119
174294  -24.527  24.391  -36.585 0.1111111119
152628  -27.345  9.895  -30.863 0.1111111119
145859  -29.128  6.143  -28.817 0.1111111119
155273  -26.775  11.583  -31.536 0.2222222239
161559  -21.291  15.834  -34.195 0.4444444478
147251  -29.516  6.534  -28.517 0.1111111119
147254  -31.667  6.672  -27.921 0.1111111119
148626  -30.502  7.425  -28.086 0.1111111119
153960  -27.717  10.695  -30.588 0.1111111119
155254  -27.350  11.576  -30.942 0.1111111119
159091  -27.032  14.061  -32.577 0.1111111119
161561  -26.759  15.534  -34.005 0.1111111119
161542  -27.301  15.274  -33.457 0.1111111119
162756  -24.969  16.549  -36.951 0.2222222239
161617  -24.945  16.204  -36.747 0.2222222239
163865  -25.452  16.717  -36.399 0.1111111119
162713  -26.859  16.238  -34.681 0.1111111119
167457  -26.241  19.263  -38.978 0.1111111119
167480  -25.498  19.466  -40.279 0.1111111119
166286  -26.404  18.481  -37.406 0.1111111119
166310  -25.956  18.884  -38.511 0.1111111119
166311  -26.668  19.163  -38.546 0.1111111119
166299  -27.260  18.906  -38.079 0.1111111119
162734  -28.109  16.729  -35.315 0.1111111119
162714  -27.553  16.518  -34.844 0.1111111119
163867  -26.628  17.215  -36.023 0.2222222239
162776  -23.559  16.963  -37.668 0.3333333433
165045  -26.763  17.778  -36.531 0.2222222239
163863  -22.178  17.355  -35.499 0.3333333433
163902  -24.339  17.295  -38.432 0.2222222239
165083  -24.888  17.779  -38.227 0.1111111119
166334  -24.551  18.798  -39.898 0.1111111119
163812  -21.221  17.174  -34.297 0.3333333433
165024  -22.035  17.590  -34.910 0.3333333433
166232  -21.354  18.206  -34.076 0.1111111119
166257  -22.069  18.236  -34.846 0.3333333433
163877  -22.427  17.688  -35.948 0.3333333433
166320  -23.052  18.831  -38.831 0.1111111119
166332  -23.343  18.971  -39.444 0.1111111119
166344  -24.102  19.174  -40.465 0.1111111119
167493  -24.907  19.563  -40.907 0.1111111119
168614  -23.732  20.312  -41.338 0.1111111119
168616  -25.031  19.756  -41.479 0.1111111119
168627  -24.274  20.520  -41.917 0.1111111119
166233  -21.750  18.963  -33.713 0.1111111119
167419  -22.735  19.356  -35.361 0.1111111119
165054  -22.405  18.308  -36.570 0.3333333433
166295  -22.485  18.784  -37.610 0.2222222239
166308  -22.749  18.710  -38.170 0.1111111119
169723  -22.712  21.254  -38.613 0.1111111119
168605  -23.168  20.252  -40.364 0.1111111119
169742  -23.087  20.624  -40.705 0.1111111119
167389  -23.109  19.374  -34.016 0.1111111119
167421  -23.993  20.284  -35.436 0.1111111119
167430  -23.237  20.229  -36.085 0.1111111119
168563  -23.614  20.721  -36.233 0.1111111119
169715  -23.540  21.511  -37.631 0.1111111119
168561  -22.751  20.189  -36.884 0.1111111119
170861  -23.211  22.069  -38.429 0.1111111119
170869  -22.752  21.969  -39.218 0.1111111119
173219  -23.247  23.491  -39.445 0.1111111119
170876  -22.694  21.873  -40.077 0.1111111119
172056  -22.743  22.626  -40.667 0.1111111119
169751  -23.022  21.250  -40.760 0.1111111119
168520  -24.874  20.520  -34.566 0.1111111119
169667  -24.883  21.081  -35.320 0.1111111119
170833  -24.824  21.872  -36.163 0.1111111119
173194  -24.343  23.584  -37.446 0.1111111119
173201  -23.725  23.625  -38.542 0.1111111119
174322  -23.622  24.244  -38.859 0.1111111119
141424  -31.057  3.568  -27.578 0.1111111119
145843  -32.209  5.944  -28.118 0.1111111119
152629  -27.751  9.829  -30.370 0.1111111119
162696  -27.297  16.141  -34.239 0.1111111119
163868  -27.300  17.388  -36.130 0.1111111119
165046  -27.455  17.834  -36.777 0.1111111119
173218  -22.948  23.628  -39.975 0.1111111119
175341  -24.237  25.004  -37.000 0.1111111119
145860  -32.872  6.132  -28.767 0.1111111119
167392  -25.299  20.255  -33.903 0.1111111119
153961  -28.226  10.958  -30.214 0.1111111119
156528  -27.991  12.347  -30.786 0.1111111119
162697  -27.895  16.121  -34.272 0.1111111119
163869  -28.059  17.478  -36.336 0.1111111119
165073  -27.787  18.707  -38.058 0.1111111119
166199  -21.093  19.076  -32.343 0.1111111119
166312  -27.352  19.206  -38.835 0.1111111119
167357  -22.687  19.428  -32.792 0.1111111119
170884  -23.409  21.750  -41.392 0.1111111119
174313  -23.922  24.276  -38.375 0.1111111119
175356  -23.564  25.043  -38.787 0.1111111119
174330  -23.185  24.204  -39.826 0.1111111119
111043  -19.229  -13.249  -22.370 0.2222222239
134434  -18.615  -0.349  -27.255 0.2222222239
135745  -18.248  0.574  -27.146 0.2222222239
132992  -18.511  -1.378  -26.721 0.3333333433
160346  -18.632  14.203  -31.375 0.3333333433
162659  -18.739  16.167  -31.216 0.1111111119
163798  -19.969  16.626  -32.361 0.1111111119
162664  -19.570  16.260  -32.212 0.2222222239
152606  -17.454  10.177  -29.937 0.2222222239
149996  -17.516  8.787  -29.837 0.1111111119
151320  -17.388  9.489  -29.620 0.1111111119
156482  -17.245  12.478  -29.118 0.1111111119
157741  -17.202  13.153  -28.805 0.1111111119
160317  -18.068  14.594  -30.236 0.1111111119
162647  -18.641  16.122  -30.581 0.1111111119
163782  -18.975  16.838  -31.201 0.1111111119
163788  -19.663  17.033  -31.867 0.1111111119
159068  -18.279  13.753  -31.178 0.2222222239
157757  -17.375  13.180  -29.466 0.1111111119
130415  -18.222  -3.411  -25.263 0.2222222239
132974  -18.284  -1.647  -25.976 0.2222222239
131721  -18.441  -2.185  -26.469 0.3333333433
141433  -18.332  3.498  -28.347 0.2222222239
159056  -17.977  13.906  -30.612 0.1111111119
141411  -18.164  3.637  -27.885 0.3333333433
160347  -18.932  14.784  -31.823 0.3333333433
160334  -18.725  15.091  -31.374 0.3333333433
161517  -18.866  15.554  -31.556 0.1111111119
134414  -18.358  -0.779  -26.219 0.2222222239
160316  -17.656  14.233  -29.984 0.1111111119
160333  -18.521  14.622  -31.012 0.1111111119
162658  -18.621  15.775  -30.889 0.1111111119
159015  -17.171  13.822  -28.497 0.1111111119
161506  -18.529  15.329  -30.659 0.1111111119
160294  -17.542  14.392  -29.670 0.1111111119
160295  -18.162  14.746  -29.611 0.1111111119
161490  -18.537  15.413  -30.182 0.1111111119
159043  -17.506  13.833  -29.778 0.1111111119
131735  -28.253  -1.873  -27.498 0.1111111119
111042  -18.519  -13.265  -21.753 0.1111111119
109629  -19.786  -14.038  -22.387 0.1111111119
112596  -17.212  -12.327  -21.063 0.1111111119
114247  -17.743  -11.909  -21.711 0.1111111119
115765  -17.755  -10.895  -22.111 0.1111111119
117260  -17.803  -10.353  -22.477 0.1111111119
131652  -18.191  -3.110  -24.601 0.1111111119
135715  -18.211  0.143  -26.451 0.1111111119
145833  -17.935  6.021  -28.692 0.2222222239
147246  -17.879  6.560  -28.942 0.2222222239
147245  -17.717  6.930  -28.523 0.2222222239
112597  -17.608  -12.382  -21.454 0.1111111119
135770  -18.586  0.693  -27.750 0.1111111119
111014  -17.595  -13.004  -21.061 0.1111111119
109628  -19.081  -14.007  -21.765 0.1111111119
109648  -20.291  -13.775  -22.794 0.1111111119
114226  -16.919  -11.883  -20.973 0.1111111119
114246  -17.273  -11.648  -21.352 0.1111111119
115746  -17.305  -10.906  -21.655 0.1111111119
117259  -17.281  -10.098  -22.011 0.1111111119
118795  -17.287  -9.223  -22.293 0.1111111119
118818  -17.479  -9.070  -22.686 0.1111111119
120361  -17.814  -8.833  -23.286 0.1111111119
121847  -17.379  -7.575  -23.386 0.1111111119
130382  -18.134  -3.563  -24.541 0.1111111119
131653  -18.163  -2.753  -24.662 0.1111111119
145832  -17.841  5.967  -28.155 0.2222222239
148619  -17.711  7.764  -28.308 0.2222222239
148631  -17.547  7.940  -28.864 0.1111111119
109631  -21.583  -14.153  -22.147 0.1111111119
111015  -18.119  -13.304  -21.299 0.1111111119
147257  -17.638  7.444  -29.047 0.2222222239
148632  -17.615  7.898  -29.178 0.1111111119
144338  -18.000  5.227  -28.298 0.2222222239
130414  -18.199  -3.334  -24.872 0.1111111119
120360  -17.404  -8.423  -23.011 0.1111111119
123251  -17.286  -6.882  -23.118 0.1111111119
124690  -17.778  -6.415  -23.881 0.1111111119
130383  -18.139  -3.683  -24.953 0.1111111119
112617  -18.660  -12.448  -22.314 0.1111111119
112616  -18.068  -12.444  -21.850 0.1111111119
131680  -18.180  -2.722  -25.211 0.1111111119
131679  -18.201  -3.052  -24.935 0.1111111119
111041  -17.948  -12.900  -21.517 0.1111111119
114263  -17.666  -11.395  -21.760 0.1111111119
131636  -18.185  -3.237  -24.333 0.1111111119
147233  -18.046  6.415  -27.854 0.1111111119
129071  -18.053  -4.121  -24.244 0.1111111119
130357  -18.178  -3.535  -23.980 0.1111111119
132936  -18.187  -2.255  -24.631 0.1111111119
149955  -17.945  8.197  -28.088 0.1111111119
149970  -17.534  8.473  -28.394 0.1111111119
152585  -17.269  10.200  -29.297 0.1111111119
151305  -17.278  9.434  -29.048 0.1111111119
153903  -17.169  11.049  -28.895 0.1111111119
155223  -17.274  11.747  -29.382 0.1111111119
108315  -22.076  -14.729  -21.484 0.1111111119
109627  -18.697  -13.736  -21.564 0.1111111119
109630  -20.629  -14.260  -22.465 0.1111111119
111045  -21.972  -13.554  -22.280 0.1111111119
111048  -24.102  -13.345  -21.883 0.1111111119
111060  -19.614  -12.892  -22.888 0.3333333433
111062  -21.181  -13.109  -23.159 0.3333333433
111064  -22.767  -12.902  -22.528 0.1111111119
111065  -23.128  -12.889  -22.435 0.1111111119
111082  -20.561  -12.827  -23.498 0.3333333433
112633  -19.004  -12.124  -22.665 0.3333333433
112659  -19.800  -12.108  -23.196 0.3333333433
112663  -22.139  -12.149  -23.699 0.2222222239
114280  -19.497  -11.652  -23.119 0.3333333433
114311  -24.032  -10.984  -23.476 0.1111111119
115767  -18.822  -11.301  -22.785 0.3333333433
115786  -19.560  -11.323  -23.321 0.3333333433
115853  -24.213  -10.081  -24.422 0.1111111119
117369  -23.335  -9.737  -25.925 0.3333333433
118908  -22.015  -9.272  -26.270 0.3333333433
118909  -22.636  -9.313  -26.507 0.4444444478
118910  -23.493  -9.343  -26.132 0.1111111119
120433  -22.173  -8.631  -26.569 0.4444444478
120435  -23.784  -8.762  -26.581 0.4444444478
120449  -22.322  -8.394  -26.738 0.4444444478
120451  -23.318  -8.404  -27.022 0.3333333433
121891  -25.271  -7.628  -26.574 0.1111111119
121928  -24.840  -6.778  -27.463 0.2222222239
123329  -25.535  -6.497  -26.638 0.1111111119
123345  -24.606  -6.486  -27.991 0.4444444478
124725  -26.044  -6.151  -26.378 0.1111111119
124742  -19.739  -5.846  -26.528 0.5555555820
124746  -25.251  -5.979  -27.109 0.1111111119
124761  -21.836  -5.956  -27.460 0.4444444478
124764  -24.707  -6.132  -28.045 0.4444444478
126137  -26.138  -5.801  -26.427 0.1111111119
126176  -25.155  -5.103  -27.685 0.2222222239
126191  -24.896  -5.041  -28.164 0.2222222239
126202  -24.074  -4.733  -28.931 0.3333333433
127659  -26.474  -4.463  -26.716 0.1111111119
127693  -24.674  -4.704  -28.601 0.3333333433
127706  -24.499  -4.449  -28.931 0.3333333433
129118  -26.243  -4.118  -26.948 0.1111111119
129147  -20.648  -3.533  -28.298 0.8888888955
129164  -23.331  -3.616  -29.326 0.8888888955
129178  -24.986  -3.038  -29.527 0.4444444478
130477  -26.546  -2.521  -27.821 0.1111111119
130489  -21.773  -2.222  -29.249 1.0000000000
130495  -25.748  -2.620  -28.751 0.4444444478
130512  -25.299  -2.655  -29.584 0.4444444478
131751  -26.091  -2.205  -28.541 0.4444444478
131782  -23.061  -1.831  -29.970 1.0000000000
133039  -21.393  -1.129  -29.397 1.0000000000
133058  -22.790  -1.112  -30.100 1.0000000000
133071  -23.850  -0.905  -30.653 1.0000000000
133074  -25.750  -0.506  -30.720 0.6666666865
134483  -22.036  -0.753  -29.852 1.0000000000
134515  -23.869  -0.286  -30.792 1.0000000000
135835  -26.259  0.328  -30.719 0.5555555820
135858  -21.851  0.915  -31.009 1.0000000000
135861  -23.655  0.327  -31.036 1.0000000000
135889  -24.553  0.884  -31.492 0.7777777910
137169  -18.505  1.397  -27.961 0.3333333433
137202  -28.348  1.508  -28.280 0.2222222239
137223  -20.262  0.733  -29.781 1.0000000000
137224  -27.000  1.422  -29.904 0.5555555820
137242  -20.464  1.129  -30.211 1.0000000000
137263  -22.162  1.381  -31.383 1.0000000000
137267  -25.766  0.990  -31.426 0.7777777910
137286  -22.814  1.675  -31.715 1.0000000000
137289  -24.820  1.171  -31.714 1.0000000000
137291  -25.844  1.287  -31.543 0.7777777910
138558  -28.742  2.281  -28.177 0.2222222239
138582  -27.312  2.303  -29.718 0.4444444478
138601  -20.394  1.942  -30.542 0.8888888955
138603  -26.782  2.251  -30.721 0.6666666865
138632  -21.534  2.431  -31.544 0.8888888955
138635  -23.342  2.199  -32.150 1.0000000000
138637  -24.669  1.621  -32.022 1.0000000000
138648  -24.014  2.414  -32.452 1.0000000000
138650  -25.166  1.991  -32.237 0.8888888955
138651  -25.512  1.858  -32.093 0.8888888955
139998  -28.127  3.092  -28.850 0.4444444478
140010  -19.342  2.223  -29.496 0.7777777910
140011  -27.564  3.259  -29.659 0.4444444478
140046  -26.722  2.842  -31.322 0.6666666865
140056  -21.242  2.789  -31.548 0.8888888955
140067  -22.767  3.298  -32.474 1.0000000000
141421  -29.193  3.986  -28.070 0.2222222239
141463  -19.001  3.281  -29.849 0.5555555820
141467  -27.352  3.770  -30.354 0.6666666865
141479  -19.509  3.567  -30.480 0.6666666865
141483  -27.130  3.962  -30.828 0.6666666865
141497  -20.792  3.475  -31.614 0.8888888955
141499  -21.974  3.303  -32.093 1.0000000000
141511  -22.343  3.643  -32.512 1.0000000000
141532  -23.902  4.033  -33.224 0.8888888955
142797  -29.256  4.645  -28.186 0.1111111119
142800  -30.841  4.312  -27.643 0.1111111119
142830  -18.239  4.675  -28.999 0.4444444478
142834  -27.939  4.548  -29.695 0.5555555820
142847  -28.027  4.894  -29.705 0.5555555820
142856  -20.011  3.944  -31.028 0.7777777910
142870  -20.326  4.256  -31.486 0.7777777910
142888  -23.093  4.220  -33.099 1.0000000000
142889  -25.036  3.781  -33.147 0.8888888955
142907  -23.485  4.538  -33.287 0.8888888955
144328  -29.527  5.022  -28.088 0.1111111119
144348  -28.755  5.031  -28.696 0.2222222239
144349  -29.060  5.099  -28.475 0.2222222239
144351  -31.235  5.007  -27.717 0.1111111119
144370  -28.976  5.661  -28.807 0.1111111119
144389  -27.945  5.259  -29.944 0.4444444478
144429  -22.176  5.022  -33.043 1.0000000000
144442  -22.542  5.286  -33.307 1.0000000000
144447  -25.982  5.393  -33.045 0.7777777910
145824  -29.930  5.484  -28.018 0.1111111119
145826  -30.921  5.595  -27.736 0.1111111119
145840  -29.327  5.820  -28.526 0.1111111119
145870  -18.351  5.959  -29.959 0.5555555820
145898  -20.028  5.726  -31.863 0.8888888955
145927  -26.016  6.270  -33.043 0.7777777910
145936  -23.617  6.633  -33.972 0.8888888955
145940  -25.657  6.518  -33.425 0.7777777910
147240  -30.179  5.938  -27.963 0.1111111119
147242  -31.130  6.194  -27.713 0.1111111119
147284  -28.295  6.742  -29.772 0.4444444478
147310  -19.145  7.201  -31.478 0.7777777910
147325  -26.133  7.240  -32.675 0.6666666865
147336  -21.748  6.726  -33.398 0.8888888955
147337  -22.383  6.829  -33.702 0.8888888955
147340  -26.162  6.775  -32.764 0.7777777910
147349  -22.624  7.356  -34.033 0.8888888955
148624  -29.340  7.204  -28.674 0.1111111119
148637  -28.527  7.307  -29.519 0.1111111119
148704  -25.224  7.985  -33.720 0.8888888955
148705  -25.579  7.731  -33.373 0.7777777910
148716  -24.821  7.729  -34.047 0.7777777910
148721  -23.109  8.422  -34.643 0.7777777910
148722  -23.439  8.218  -34.780 0.7777777910
149976  -30.142  8.081  -28.336 0.1111111119
149983  -17.483  8.411  -29.427 0.1111111119
149995  -17.347  8.933  -29.378 0.1111111119
150005  -28.088  8.253  -30.056 0.2222222239
150021  -18.150  8.824  -30.878 0.5555555820
150024  -26.560  8.446  -32.061 0.5555555820
150031  -19.401  8.373  -32.125 0.6666666865
150045  -20.792  8.538  -33.372 0.7777777910
150057  -21.844  8.646  -33.896 0.7777777910
150059  -24.278  8.200  -34.815 0.7777777910
150064  -22.900  8.747  -34.490 0.7777777910
150067  -24.448  9.184  -34.799 0.6666666865
151312  -28.912  8.974  -29.226 0.1111111119
151346  -18.276  9.343  -31.194 0.5555555820
151348  -19.089  8.935  -32.026 0.6666666865
151364  -20.506  9.267  -33.186 0.7777777910
151376  -21.456  9.334  -33.963 0.6666666865
151389  -22.962  9.475  -34.763 0.6666666865
151392  -24.482  9.690  -34.768 0.6666666865
152641  -19.235  10.050  -32.299 0.6666666865
152643  -20.190  10.004  -33.037 0.7777777910
152660  -21.542  10.091  -34.362 0.6666666865
152670  -22.641  10.248  -34.916 0.6666666865
152674  -24.642  10.070  -34.606 0.6666666865
153928  -17.332  10.953  -29.646 0.3333333433
153935  -28.103  10.382  -30.185 0.1111111119
153969  -18.231  10.781  -31.304 0.5555555820
153982  -19.478  10.764  -32.492 0.5555555820
153989  -20.396  10.763  -33.248 0.6666666865
153992  -25.569  10.959  -33.107 0.4444444478
153996  -21.262  10.850  -34.128 0.6666666865
155224  -17.484  11.672  -30.025 0.1111111119
155268  -18.444  11.466  -31.520 0.4444444478
155283  -19.231  11.515  -32.373 0.6666666865
155290  -20.190  11.489  -33.029 0.6666666865
155292  -25.270  11.705  -33.790 0.5555555820
155298  -21.462  11.684  -34.302 0.6666666865
155307  -22.449  11.829  -35.122 0.6666666865
155322  -24.174  12.463  -35.673 0.6666666865
155334  -23.770  12.669  -35.939 0.6666666865
156545  -18.297  12.055  -31.329 0.4444444478
156552  -26.998  12.321  -31.491 0.1111111119
156553  -27.431  12.517  -31.190 0.1111111119
156564  -19.554  12.300  -32.581 0.6666666865
156574  -20.363  12.358  -33.293 0.6666666865
156576  -25.476  12.112  -33.597 0.5555555820
156585  -21.152  12.450  -34.033 0.5555555820
156588  -25.691  12.934  -33.744 0.5555555820
156599  -22.960  12.441  -35.713 0.6666666865
156613  -24.384  13.043  -35.623 0.6666666865
156614  -24.742  12.867  -35.223 0.6666666865
156622  -22.981  13.072  -36.108 0.5555555820
156624  -24.033  13.244  -35.913 0.6666666865
157735  -17.012  13.127  -28.138 0.1111111119
157758  -17.646  13.272  -30.144 0.3333333433
157819  -19.333  13.048  -32.291 0.6666666865
157821  -26.557  13.045  -32.464 0.1111111119
157833  -20.108  13.177  -33.205 0.4444444478
157848  -20.976  13.254  -33.922 0.5555555820
157860  -22.187  13.401  -35.050 0.5555555820
157861  -22.431  13.496  -35.429 0.5555555820
157881  -23.684  13.578  -36.129 0.5555555820
159009  -16.966  13.808  -27.732 0.1111111119
159025  -17.329  13.822  -29.201 0.1111111119
159044  -17.740  13.986  -30.160 0.1111111119
159069  -18.721  13.716  -31.573 0.4444444478
159077  -27.701  13.638  -31.801 0.1111111119
159092  -27.622  13.973  -32.172 0.1111111119
159110  -20.474  14.059  -33.376 0.5555555820
159112  -26.120  14.070  -33.386 0.1111111119
159132  -21.206  14.083  -34.094 0.5555555820
159134  -25.524  13.711  -34.284 0.5555555820
159145  -22.037  14.068  -34.882 0.5555555820
159146  -22.269  14.141  -35.107 0.4444444478
159158  -22.497  14.182  -35.450 0.4444444478
159159  -24.605  14.106  -35.907 0.5555555820
159169  -23.175  13.929  -36.492 0.5555555820
159178  -22.872  14.519  -36.387 0.4444444478
159180  -23.674  14.565  -36.925 0.4444444478
160277  -17.457  14.426  -28.993 0.1111111119
160361  -19.673  14.829  -32.514 0.4444444478
160363  -27.455  14.493  -32.650 0.1111111119
160381  -21.076  14.695  -33.962 0.5555555820
160382  -26.492  14.553  -33.323 0.1111111119
160402  -21.079  15.437  -33.978 0.5555555820
160434  -22.433  15.010  -35.477 0.4444444478
160437  -25.775  15.121  -34.849 0.1111111119
160453  -23.342  14.918  -37.137 0.4444444478
160462  -23.110  15.613  -37.045 0.4444444478
160464  -24.104  15.680  -37.657 0.4444444478
160473  -23.607  15.991  -37.752 0.4444444478
161507  -18.651  15.431  -31.113 0.1111111119
161526  -19.643  15.647  -32.440 0.4444444478
161541  -26.936  15.126  -33.530 0.1111111119
161558  -21.012  15.925  -33.976 0.4444444478
161560  -26.281  15.194  -34.204 0.1111111119
161578  -21.701  15.945  -34.594 0.4444444478
161580  -26.199  15.551  -34.659 0.2222222239
161595  -22.103  15.916  -35.120 0.4444444478
161606  -22.560  15.688  -35.884 0.4444444478
161608  -25.036  15.860  -36.417 0.2222222239
161626  -24.267  16.265  -37.634 0.4444444478
161634  -23.455  16.458  -37.405 0.4444444478
161636  -23.936  16.434  -38.081 0.2222222239
162648  -18.788  16.525  -30.873 0.1111111119
162663  -19.139  16.226  -31.755 0.1111111119
162684  -20.855  16.484  -33.905 0.4444444478
162695  -21.540  16.570  -34.457 0.3333333433
162711  -22.065  16.440  -35.170 0.3333333433
162729  -22.339  16.191  -35.594 0.4444444478
162730  -25.718  16.015  -35.630 0.2222222239
162732  -26.574  16.301  -35.125 0.2222222239
162733  -27.641  16.825  -35.311 0.1111111119
162755  -22.944  16.823  -36.741 0.3333333433
162757  -25.194  16.465  -36.573 0.2222222239
162766  -23.120  16.995  -37.123 0.3333333433
162767  -22.928  17.018  -36.922 0.3333333433
163787  -19.075  16.599  -31.535 0.1111111119
163824  -21.430  17.095  -34.251 0.3333333433
163834  -22.006  16.975  -34.923 0.3333333433
163835  -26.824  16.545  -35.148 0.2222222239
163836  -27.082  16.585  -34.997 0.1111111119
163848  -21.985  17.124  -35.119 0.3333333433
163849  -26.099  16.526  -35.694 0.2222222239
163878  -22.628  17.421  -36.408 0.3333333433
163879  -22.753  17.163  -36.659 0.3333333433
163891  -22.797  17.192  -36.860 0.3333333433
163909  -23.282  17.714  -38.527 0.2222222239
163911  -24.226  17.565  -39.019 0.1111111119
165001  -21.040  17.631  -33.960 0.2222222239
165023  -21.679  17.310  -34.576 0.3333333433
165044  -26.205  17.580  -36.401 0.1111111119
165047  -28.056  17.821  -37.004 0.1111111119
165056  -25.543  17.818  -37.084 0.1111111119
165068  -22.460  18.520  -37.184 0.3333333433
165071  -25.434  18.055  -37.577 0.1111111119
165084  -25.249  18.092  -38.052 0.1111111119
165096  -25.112  18.186  -38.546 0.1111111119
165106  -23.928  18.451  -39.646 0.1111111119
165107  -24.393  18.302  -39.483 0.1111111119
166188  -20.702  18.589  -31.794 0.1111111119
166245  -21.604  17.958  -34.403 0.1111111119
166285  -26.121  18.379  -37.341 0.1111111119
166287  -26.955  18.616  -37.566 0.1111111119
166297  -25.884  18.453  -37.668 0.1111111119
166300  -27.778  18.914  -38.425 0.1111111119
166321  -24.743  18.399  -39.419 0.1111111119
167356  -22.248  19.527  -32.840 0.1111111119
167374  -22.917  19.364  -33.354 0.1111111119
167391  -24.789  20.098  -34.140 0.1111111119
167439  -22.527  19.610  -36.946 0.2222222239
167447  -22.519  19.139  -38.054 0.1111111119
167459  -27.232  19.419  -39.438 0.1111111119
167465  -22.957  19.524  -39.233 0.1111111119
167477  -23.228  19.576  -39.923 0.1111111119
167479  -24.946  19.213  -40.311 0.1111111119
167492  -24.200  19.566  -40.953 0.1111111119
168532  -24.249  20.479  -35.363 0.1111111119
168533  -24.675  20.693  -35.086 0.1111111119
168534  -25.011  20.771  -34.709 0.1111111119
168548  -23.511  20.437  -36.073 0.1111111119
168549  -24.003  20.636  -35.866 0.1111111119
168550  -24.382  20.732  -35.521 0.1111111119
168562  -23.194  20.661  -36.553 0.1111111119
168572  -22.863  20.710  -37.325 0.1111111119
168589  -22.510  19.778  -38.436 0.1111111119
168606  -23.360  20.378  -40.811 0.1111111119
168626  -23.850  20.778  -41.769 0.1111111119
169657  -25.473  21.144  -34.444 0.1111111119
169682  -24.993  21.362  -35.462 0.1111111119
169695  -23.843  21.076  -36.521 0.1111111119
169705  -23.808  21.403  -37.205 0.1111111119
169752  -23.188  21.010  -41.037 0.1111111119
169759  -23.617  21.143  -41.590 0.1111111119
169760  -24.087  21.210  -41.946 0.1111111119
170810  -25.505  21.843  -34.868 0.1111111119
170821  -24.943  21.553  -35.741 0.1111111119
170822  -25.195  21.944  -35.471 0.1111111119
170844  -24.360  22.087  -36.949 0.1111111119
170852  -23.453  21.732  -37.944 0.1111111119
170853  -23.912  22.102  -37.764 0.1111111119
172031  -23.784  22.962  -38.167 0.1111111119
172048  -23.148  22.959  -39.289 0.1111111119
173174  -25.126  23.457  -35.809 0.1111111119
173184  -24.970  23.335  -36.304 0.1111111119
173210  -23.509  23.703  -39.001 0.1111111119
174304  -24.395  24.266  -37.200 0.1111111119
174331  -23.417  24.196  -39.295 0.1111111119
175364  -23.296  24.919  -39.461 0.1111111119
175365  -23.500  24.607  -39.110 0.1111111119
176329  -23.378  25.850  -38.683 0.1111111119
