#!ascii label  , from subject FS6EXPERT_subj01_ver10 vox2ras=TkReg
804
22029  -39.335  -64.179  -12.073 0.0000000000
35357  -43.312  -56.622  -14.735 0.0000000000
28831  -34.110  -60.298  -13.484 0.0000000000
27506  -40.730  -61.432  -15.738 0.0000000000
36589  -36.353  -55.891  -12.633 0.0000000000
27381  -36.788  -60.755  -9.390 0.0000000000
33878  -34.096  -57.112  -5.724 0.0000000000
35096  -37.759  -56.260  -0.094 0.0000000000
35251  -32.328  -56.439  -10.355 0.0000000000
32707  -35.258  -58.157  -13.738 0.0000000000
39403  -33.813  -54.564  -10.908 0.0000000000
31379  -35.035  -59.082  -8.250 0.0000000000
33865  -37.236  -56.968  -5.528 0.0000000000
42175  -38.401  -52.640  0.219 0.0000000000
40688  -35.008  -54.041  -0.331 0.0000000000
19511  -41.979  -66.374  -12.440 0.0000000000
31482  -41.865  -58.937  -14.631 0.0000000000
26107  -43.451  -61.684  -15.730 0.0000000000
30235  -45.031  -59.599  -16.279 0.0000000000
24670  -36.893  -63.151  -13.479 0.0000000000
23377  -39.607  -63.797  -14.698 0.0000000000
31454  -38.452  -58.606  -14.558 0.0000000000
35334  -39.598  -56.416  -13.641 0.0000000000
27410  -35.238  -61.461  -11.364 0.0000000000
31396  -32.862  -59.057  -10.088 0.0000000000
35219  -31.824  -55.845  -6.931 0.0000000000
33823  -38.501  -57.154  -2.861 0.0000000000
36478  -35.800  -55.737  -2.618 0.0000000000
37897  -33.286  -54.689  -3.483 0.0000000000
42260  -31.661  -52.333  -4.107 0.0000000000
20766  -43.289  -64.339  -14.553 0.0000000000
45335  -38.733  -51.107  -14.849 0.0000000000
38060  -43.715  -54.128  -14.884 0.0000000000
38100  -45.125  -54.636  -16.888 0.0000000000
37975  -32.108  -54.665  -9.018 0.0000000000
36559  -33.195  -55.802  -11.198 0.0000000000
20709  -40.711  -64.996  -12.375 0.0000000000
32734  -43.001  -57.919  -13.927 0.0000000000
30199  -43.801  -59.282  -14.888 0.0000000000
32746  -44.597  -58.207  -14.436 0.0000000000
32769  -46.009  -58.163  -16.098 0.0000000000
35374  -45.078  -56.378  -15.198 0.0000000000
26053  -35.483  -61.979  -13.815 0.0000000000
28847  -35.690  -60.628  -14.556 0.0000000000
35311  -35.900  -56.823  -13.155 0.0000000000
32726  -37.141  -58.156  -14.158 0.0000000000
34020  -37.521  -57.603  -13.778 0.0000000000
34023  -39.688  -57.828  -13.880 0.0000000000
35314  -38.358  -56.558  -13.153 0.0000000000
26016  -36.339  -62.074  -11.476 0.0000000000
27388  -35.905  -60.804  -10.314 0.0000000000
32628  -34.176  -58.256  -7.136 0.0000000000
30110  -34.286  -59.524  -9.190 0.0000000000
31355  -33.243  -58.320  -7.959 0.0000000000
32659  -32.318  -57.842  -9.043 0.0000000000
33899  -32.644  -56.919  -6.490 0.0000000000
33801  -38.027  -57.118  -1.254 0.0000000000
35136  -36.996  -56.371  -2.537 0.0000000000
35122  -36.448  -56.071  -1.286 0.0000000000
42213  -33.599  -52.644  -0.880 0.0000000000
39268  -33.902  -54.197  -1.699 0.0000000000
42227  -32.807  -52.975  -2.023 0.0000000000
40758  -32.199  -53.355  -3.713 0.0000000000
24706  -40.620  -62.761  -15.419 0.0000000000
23379  -41.286  -63.675  -14.729 0.0000000000
24684  -42.085  -62.962  -15.027 0.0000000000
23409  -42.622  -63.557  -16.479 0.0000000000
46752  -37.691  -50.296  -15.865 0.0000000000
40910  -41.320  -52.879  -15.001 0.0000000000
40948  -44.533  -53.112  -16.243 0.0000000000
31420  -33.289  -59.064  -12.598 0.0000000000
31449  -34.585  -59.442  -13.849 0.0000000000
33981  -33.820  -57.520  -12.631 0.0000000000
36586  -34.542  -56.296  -12.415 0.0000000000
37997  -35.074  -55.389  -11.981 0.0000000000
30112  -35.746  -59.797  -9.201 0.0000000000
32607  -35.536  -58.069  -6.736 0.0000000000
33863  -35.460  -56.962  -5.283 0.0000000000
39229  -37.881  -54.032  0.690 0.0000000000
37813  -36.283  -54.845  0.103 0.0000000000
40672  -36.695  -53.494  0.540 0.0000000000
43628  -35.172  -51.927  -0.043 0.0000000000
46384  -34.780  -50.723  -0.393 0.0000000000
30215  -41.600  -59.941  -15.491 0.0000000000
27508  -42.179  -61.178  -15.653 0.0000000000
28872  -42.940  -60.445  -15.593 0.0000000000
27511  -43.988  -60.765  -15.896 0.0000000000
27565  -43.359  -60.624  -17.709 0.0000000000
30274  -44.290  -59.503  -18.048 0.0000000000
31564  -45.280  -58.412  -18.227 0.0000000000
34125  -46.152  -56.806  -18.575 0.0000000000
23368  -38.058  -63.854  -13.391 0.0000000000
22068  -39.448  -64.504  -13.451 0.0000000000
24703  -38.355  -62.706  -15.194 0.0000000000
28867  -38.975  -60.850  -15.591 0.0000000000
31474  -36.343  -59.709  -14.696 0.0000000000
30191  -37.965  -59.922  -15.157 0.0000000000
30193  -39.487  -59.580  -15.245 0.0000000000
31480  -40.429  -59.007  -14.815 0.0000000000
32710  -40.856  -57.698  -13.591 0.0000000000
35337  -41.365  -56.700  -14.179 0.0000000000
24650  -37.289  -62.995  -12.070 0.0000000000
24648  -35.908  -62.533  -12.749 0.0000000000
27420  -34.463  -61.374  -12.345 0.0000000000
30124  -34.699  -59.952  -9.691 0.0000000000
27397  -34.155  -60.847  -11.173 0.0000000000
28795  -33.179  -60.038  -11.853 0.0000000000
31403  -32.565  -58.649  -11.029 0.0000000000
35241  -31.757  -56.042  -8.894 0.0000000000
37970  -31.709  -54.567  -7.888 0.0000000000
35167  -38.261  -56.429  -4.447 0.0000000000
35165  -36.541  -56.264  -4.082 0.0000000000
35186  -35.084  -56.505  -4.746 0.0000000000
37857  -35.175  -55.116  -1.306 0.0000000000
36476  -34.545  -55.328  -3.258 0.0000000000
35161  -33.385  -55.689  -4.526 0.0000000000
37935  -32.220  -54.897  -5.136 0.0000000000
39349  -31.637  -53.748  -5.714 0.0000000000
22070  -40.897  -64.591  -13.791 0.0000000000
20747  -42.915  -65.204  -13.740 0.0000000000
23394  -43.481  -63.042  -15.493 0.0000000000
20801  -42.745  -64.440  -15.896 0.0000000000
36623  -37.914  -55.376  -14.070 0.0000000000
36642  -39.485  -55.734  -14.499 0.0000000000
36665  -41.821  -55.416  -15.222 0.0000000000
39486  -41.809  -54.123  -15.234 0.0000000000
36667  -43.585  -55.704  -15.047 0.0000000000
36669  -45.376  -55.461  -15.311 0.0000000000
36725  -46.576  -55.434  -17.401 0.0000000000
39390  -31.943  -53.777  -8.142 0.0000000000
39397  -32.499  -54.197  -9.407 0.0000000000
20688  -40.784  -65.314  -11.535 0.0000000000
22030  -40.078  -64.645  -12.051 0.0000000000
34027  -43.296  -57.485  -14.113 0.0000000000
31462  -43.883  -58.328  -14.149 0.0000000000
34040  -44.425  -57.479  -14.506 0.0000000000
34041  -45.167  -57.269  -14.994 0.0000000000
35359  -44.575  -56.860  -14.910 0.0000000000
27454  -34.759  -61.205  -13.754 0.0000000000
27455  -35.421  -61.270  -14.300 0.0000000000
28833  -35.050  -60.551  -14.197 0.0000000000
35292  -36.125  -56.336  -12.901 0.0000000000
34000  -37.075  -57.090  -13.402 0.0000000000
34001  -37.905  -57.083  -13.409 0.0000000000
35294  -37.143  -56.049  -12.781 0.0000000000
27390  -37.023  -61.286  -9.577 0.0000000000
27401  -36.810  -61.489  -10.254 0.0000000000
27389  -36.430  -60.907  -9.967 0.0000000000
32605  -33.912  -57.684  -6.427 0.0000000000
31356  -33.760  -58.523  -7.816 0.0000000000
32604  -33.391  -57.654  -6.692 0.0000000000
33923  -32.799  -57.315  -6.857 0.0000000000
33900  -33.228  -57.344  -6.452 0.0000000000
35073  -38.240  -55.857  0.399 0.0000000000
35075  -39.785  -56.245  0.462 0.0000000000
33762  -38.713  -56.675  0.042 0.0000000000
33785  -38.511  -56.999  -0.430 0.0000000000
33784  -37.900  -56.842  -0.658 0.0000000000
35108  -37.458  -56.725  -1.026 0.0000000000
35107  -36.970  -56.305  -0.802 0.0000000000
43663  -33.093  -51.834  -1.196 0.0000000000
42212  -33.108  -52.787  -1.450 0.0000000000
42226  -32.418  -52.417  -2.292 0.0000000000
43685  -32.543  -51.625  -1.783 0.0000000000
26103  -40.718  -62.094  -15.646 0.0000000000
24707  -41.401  -62.570  -15.399 0.0000000000
26104  -41.430  -61.944  -15.609 0.0000000000
43900  -41.621  -51.584  -14.836 0.0000000000
42440  -43.920  -51.990  -15.356 0.0000000000
43922  -43.511  -51.882  -15.683 0.0000000000
33973  -32.912  -57.513  -11.711 0.0000000000
32689  -33.396  -58.313  -12.665 0.0000000000
33980  -33.306  -57.573  -12.202 0.0000000000
37980  -33.475  -54.795  -10.793 0.0000000000
35278  -33.705  -56.430  -12.000 0.0000000000
37995  -34.069  -55.437  -11.635 0.0000000000
36573  -34.769  -55.812  -12.222 0.0000000000
37986  -34.319  -54.947  -11.528 0.0000000000
33880  -35.755  -57.394  -5.859 0.0000000000
33864  -36.333  -57.023  -5.377 0.0000000000
39230  -38.669  -53.954  0.636 0.0000000000
40674  -38.178  -53.313  0.502 0.0000000000
39228  -37.158  -54.101  0.615 0.0000000000
42174  -37.667  -52.720  0.339 0.0000000000
45018  -35.330  -51.204  -0.218 0.0000000000
18419  -41.897  -66.776  -13.166 0.0000000000
30196  -41.724  -59.402  -15.099 0.0000000000
30216  -42.328  -59.867  -15.454 0.0000000000
30197  -42.442  -59.358  -15.024 0.0000000000
30219  -44.621  -59.547  -15.361 0.0000000000
30218  -43.723  -59.769  -15.318 0.0000000000
28891  -44.579  -60.106  -16.479 0.0000000000
27548  -44.125  -60.482  -17.031 0.0000000000
28929  -43.907  -60.030  -17.878 0.0000000000
32770  -46.201  -57.645  -16.351 0.0000000000
31540  -45.587  -58.617  -17.202 0.0000000000
32787  -46.299  -57.561  -17.213 0.0000000000
32842  -45.611  -57.724  -18.707 0.0000000000
34083  -46.494  -57.112  -17.655 0.0000000000
23374  -37.443  -63.443  -13.707 0.0000000000
26101  -39.198  -62.160  -15.583 0.0000000000
27503  -38.659  -61.486  -15.571 0.0000000000
31450  -35.048  -59.093  -14.013 0.0000000000
30178  -35.411  -59.892  -14.347 0.0000000000
31451  -35.993  -59.220  -14.449 0.0000000000
31476  -37.432  -59.336  -14.826 0.0000000000
31477  -38.195  -59.208  -14.868 0.0000000000
30192  -38.729  -59.679  -15.227 0.0000000000
31478  -38.955  -59.103  -14.885 0.0000000000
30194  -40.248  -59.514  -15.216 0.0000000000
34003  -39.599  -57.327  -13.569 0.0000000000
32709  -40.216  -57.764  -13.735 0.0000000000
34004  -40.343  -57.271  -13.502 0.0000000000
34006  -41.476  -57.225  -13.749 0.0000000000
35336  -40.797  -56.640  -13.976 0.0000000000
26002  -35.914  -61.605  -11.120 0.0000000000
26028  -36.106  -62.365  -12.088 0.0000000000
26015  -35.661  -61.931  -11.732 0.0000000000
26027  -35.471  -62.125  -12.403 0.0000000000
26014  -35.016  -61.717  -12.023 0.0000000000
30097  -35.418  -59.432  -8.693 0.0000000000
30125  -35.293  -59.945  -9.593 0.0000000000
30111  -35.035  -59.672  -9.180 0.0000000000
30109  -33.665  -59.455  -9.457 0.0000000000
30123  -33.944  -59.858  -9.946 0.0000000000
30134  -33.520  -59.804  -10.291 0.0000000000
28787  -33.575  -60.485  -11.482 0.0000000000
30133  -33.129  -59.581  -10.670 0.0000000000
30140  -32.928  -59.372  -11.502 0.0000000000
31404  -32.708  -59.025  -10.633 0.0000000000
33934  -31.884  -56.848  -8.002 0.0000000000
33945  -31.897  -56.900  -8.823 0.0000000000
35238  -31.671  -55.908  -8.289 0.0000000000
36543  -31.644  -55.307  -8.063 0.0000000000
36535  -31.616  -55.231  -7.350 0.0000000000
35138  -38.440  -56.898  -3.360 0.0000000000
35148  -36.204  -55.930  -3.195 0.0000000000
35149  -37.184  -56.318  -3.441 0.0000000000
35164  -35.544  -56.111  -3.956 0.0000000000
36493  -35.369  -55.838  -3.562 0.0000000000
39226  -35.824  -54.209  0.161 0.0000000000
37839  -35.446  -55.065  -0.694 0.0000000000
37838  -34.990  -54.789  -0.934 0.0000000000
39304  -33.499  -54.402  -2.702 0.0000000000
37866  -34.100  -54.661  -2.226 0.0000000000
37898  -33.708  -54.856  -3.267 0.0000000000
36491  -34.198  -55.576  -3.878 0.0000000000
36490  -33.327  -55.244  -4.081 0.0000000000
36504  -33.161  -55.567  -4.588 0.0000000000
37909  -32.703  -54.719  -4.126 0.0000000000
40757  -31.873  -53.017  -4.036 0.0000000000
39340  -31.820  -53.893  -4.983 0.0000000000
40780  -31.558  -53.130  -5.310 0.0000000000
40791  -31.515  -53.059  -5.988 0.0000000000
22087  -39.498  -64.255  -14.141 0.0000000000
22069  -40.155  -64.605  -13.670 0.0000000000
22088  -40.274  -64.242  -14.294 0.0000000000
22091  -42.742  -64.127  -14.442 0.0000000000
22072  -42.500  -64.676  -13.846 0.0000000000
20765  -43.111  -65.004  -14.461 0.0000000000
19539  -42.829  -65.684  -13.928 0.0000000000
26106  -42.823  -61.735  -15.551 0.0000000000
24709  -42.762  -62.305  -15.387 0.0000000000
24710  -43.392  -62.347  -15.580 0.0000000000
22121  -42.078  -63.541  -16.762 0.0000000000
22109  -43.068  -63.876  -16.065 0.0000000000
36603  -37.418  -55.402  -13.706 0.0000000000
38040  -37.350  -54.994  -14.189 0.0000000000
38058  -39.957  -55.213  -15.056 0.0000000000
36643  -40.505  -55.712  -14.891 0.0000000000
38077  -40.544  -54.873  -15.312 0.0000000000
40911  -42.208  -53.092  -14.912 0.0000000000
40929  -41.525  -53.547  -15.163 0.0000000000
39487  -42.585  -53.905  -15.003 0.0000000000
38079  -42.247  -54.732  -15.242 0.0000000000
38080  -43.148  -54.694  -15.043 0.0000000000
36668  -44.545  -55.579  -15.112 0.0000000000
38082  -44.900  -54.780  -15.061 0.0000000000
40950  -45.756  -53.866  -16.370 0.0000000000
38102  -46.458  -54.661  -16.699 0.0000000000
38138  -46.154  -54.998  -17.178 0.0000000000
36550  -32.466  -55.581  -10.146 0.0000000000
36558  -32.696  -55.962  -10.731 0.0000000000
37978  -32.476  -54.780  -9.745 0.0000000000
37979  -33.046  -54.886  -10.367 0.0000000000
39399  -33.604  -54.253  -10.529 0.0000000000
42199  -37.898  -52.087  0.008 0.0000000000
43632  -38.148  -51.466  -0.345 0.0000000000
20710  -41.337  -65.345  -12.184 0.0000000000
31460  -42.761  -58.458  -14.061 0.0000000000
30198  -43.147  -59.321  -14.951 0.0000000000
31484  -43.324  -58.847  -14.515 0.0000000000
31485  -44.179  -58.737  -14.528 0.0000000000
31499  -45.311  -58.806  -15.211 0.0000000000
30236  -45.301  -59.134  -16.603 0.0000000000
32757  -45.800  -57.902  -15.503 0.0000000000
34050  -46.220  -56.828  -16.013 0.0000000000
24669  -36.200  -62.578  -13.817 0.0000000000
26054  -36.053  -62.190  -14.210 0.0000000000
27477  -36.052  -61.323  -14.677 0.0000000000
27478  -36.759  -61.420  -14.992 0.0000000000
33998  -35.630  -57.407  -13.469 0.0000000000
32725  -36.169  -58.243  -14.046 0.0000000000
34019  -36.716  -57.598  -13.811 0.0000000000
32727  -37.973  -58.102  -14.194 0.0000000000
32728  -38.748  -58.115  -14.192 0.0000000000
34021  -38.330  -57.607  -13.828 0.0000000000
34002  -38.750  -57.166  -13.489 0.0000000000
35315  -39.214  -56.666  -13.317 0.0000000000
26003  -36.566  -61.788  -10.861 0.0000000000
27399  -35.485  -61.075  -10.712 0.0000000000
31357  -34.602  -58.716  -7.735 0.0000000000
30096  -34.787  -59.384  -8.727 0.0000000000
31378  -34.209  -59.047  -8.438 0.0000000000
31377  -33.358  -58.716  -8.512 0.0000000000
31389  -33.162  -59.012  -9.349 0.0000000000
31388  -32.540  -58.543  -9.606 0.0000000000
32650  -32.787  -58.189  -8.251 0.0000000000
33922  -32.320  -57.066  -7.269 0.0000000000
35220  -32.206  -56.401  -6.666 0.0000000000
33802  -38.813  -57.579  -1.450 0.0000000000
33815  -38.232  -57.225  -2.153 0.0000000000
35137  -37.827  -56.775  -2.865 0.0000000000
35124  -37.531  -56.842  -1.919 0.0000000000
35135  -36.285  -56.009  -2.148 0.0000000000
40687  -34.630  -53.479  -0.362 0.0000000000
39246  -34.146  -53.858  -1.030 0.0000000000
40704  -33.564  -53.457  -1.331 0.0000000000
39267  -33.407  -53.887  -1.977 0.0000000000
40741  -32.826  -53.704  -2.862 0.0000000000
39318  -32.611  -54.066  -3.628 0.0000000000
40740  -32.554  -53.495  -3.187 0.0000000000
42243  -32.178  -52.718  -3.068 0.0000000000
43715  -31.840  -52.164  -3.409 0.0000000000
23393  -40.263  -63.181  -15.239 0.0000000000
23378  -40.429  -63.679  -14.812 0.0000000000
24682  -40.798  -63.288  -15.066 0.0000000000
23380  -42.046  -63.560  -14.693 0.0000000000
23381  -42.742  -63.399  -14.770 0.0000000000
24726  -43.347  -62.726  -16.458 0.0000000000
46754  -39.033  -50.734  -15.517 0.0000000000
45336  -39.604  -50.882  -15.092 0.0000000000
43898  -39.996  -51.594  -14.793 0.0000000000
43899  -40.831  -51.553  -14.752 0.0000000000
42425  -41.849  -52.281  -14.838 0.0000000000
40912  -43.020  -52.866  -14.771 0.0000000000
39470  -44.778  -53.519  -14.943 0.0000000000
40932  -45.224  -53.071  -15.697 0.0000000000
39505  -44.770  -54.030  -16.560 0.0000000000
30162  -33.416  -59.614  -12.811 0.0000000000
30176  -34.320  -59.789  -13.713 0.0000000000
31433  -33.647  -59.030  -13.053 0.0000000000
32705  -33.898  -58.497  -13.170 0.0000000000
32706  -34.429  -58.175  -13.376 0.0000000000
35277  -33.287  -56.838  -11.846 0.0000000000
33982  -34.318  -57.202  -12.847 0.0000000000
33997  -34.850  -57.412  -13.197 0.0000000000
35310  -35.264  -56.982  -13.105 0.0000000000
35291  -35.478  -56.499  -12.886 0.0000000000
36588  -35.721  -56.038  -12.620 0.0000000000
28763  -36.182  -60.309  -9.560 0.0000000000
31380  -35.796  -59.077  -8.244 0.0000000000
32630  -35.884  -58.433  -7.256 0.0000000000
31358  -35.429  -58.747  -7.742 0.0000000000
32629  -35.058  -58.399  -7.187 0.0000000000
32606  -34.752  -58.005  -6.627 0.0000000000
32585  -34.377  -57.462  -6.020 0.0000000000
37817  -39.098  -54.667  0.680 0.0000000000
36398  -37.891  -55.439  0.463 0.0000000000
36422  -37.135  -55.669  0.021 0.0000000000
37814  -36.927  -54.742  0.437 0.0000000000
39227  -36.469  -54.176  0.439 0.0000000000
40671  -35.993  -53.590  0.379 0.0000000000
42198  -37.151  -52.166  0.096 0.0000000000
42196  -35.686  -52.419  0.212 0.0000000000
42195  -34.957  -52.751  0.051 0.0000000000
43627  -34.589  -52.111  -0.233 0.0000000000
43664  -33.946  -51.807  -0.546 0.0000000000
45055  -33.572  -50.982  -0.868 0.0000000000
28869  -40.747  -60.723  -15.676 0.0000000000
27507  -41.455  -61.283  -15.681 0.0000000000
28870  -41.507  -60.605  -15.636 0.0000000000
27509  -42.880  -61.099  -15.634 0.0000000000
27510  -43.570  -61.032  -15.781 0.0000000000
26129  -43.847  -61.621  -16.202 0.0000000000
27546  -43.065  -61.234  -17.455 0.0000000000
31539  -45.131  -59.020  -17.264 0.0000000000
31581  -44.712  -58.841  -18.605 0.0000000000
30304  -44.234  -59.173  -19.457 0.0000000000
31582  -45.044  -58.271  -19.118 0.0000000000
32868  -45.079  -57.654  -19.753 0.0000000000
22066  -38.408  -64.049  -12.930 0.0000000000
22046  -39.399  -64.435  -12.713 0.0000000000
22067  -38.735  -64.234  -13.265 0.0000000000
22086  -38.925  -64.220  -13.891 0.0000000000
23376  -38.717  -63.711  -14.505 0.0000000000
24681  -38.603  -63.136  -15.010 0.0000000000
23391  -39.105  -63.382  -14.992 0.0000000000
24705  -39.781  -62.760  -15.485 0.0000000000
26102  -39.979  -62.173  -15.683 0.0000000000
27505  -40.150  -61.631  -15.751 0.0000000000
30188  -36.053  -60.034  -14.659 0.0000000000
31452  -36.836  -58.816  -14.529 0.0000000000
30190  -37.252  -59.984  -14.994 0.0000000000
30211  -38.581  -60.261  -15.432 0.0000000000
30212  -39.277  -60.209  -15.514 0.0000000000
30213  -40.075  -60.131  -15.541 0.0000000000
30214  -40.853  -60.034  -15.506 0.0000000000
30195  -40.993  -59.459  -15.159 0.0000000000
31481  -41.147  -58.976  -14.729 0.0000000000
32730  -40.102  -58.162  -14.115 0.0000000000
32731  -40.748  -58.134  -13.983 0.0000000000
31458  -41.293  -58.559  -14.243 0.0000000000
32733  -42.143  -57.805  -13.727 0.0000000000
34026  -42.617  -57.356  -14.042 0.0000000000
34037  -42.359  -56.967  -14.385 0.0000000000
23357  -38.199  -63.829  -12.633 0.0000000000
23356  -37.629  -63.495  -12.557 0.0000000000
24660  -37.076  -63.214  -12.718 0.0000000000
24642  -36.778  -62.536  -11.789 0.0000000000
24649  -36.581  -62.767  -12.423 0.0000000000
24659  -36.388  -62.826  -13.108 0.0000000000
26041  -35.385  -62.155  -13.099 0.0000000000
26040  -34.948  -61.744  -13.390 0.0000000000
27432  -34.483  -61.361  -13.055 0.0000000000
28771  -35.979  -60.573  -10.019 0.0000000000
28770  -35.314  -60.432  -10.098 0.0000000000
28779  -35.034  -60.816  -10.585 0.0000000000
28778  -34.559  -60.616  -10.599 0.0000000000
27398  -34.822  -61.055  -10.990 0.0000000000
27408  -33.979  -60.986  -11.917 0.0000000000
27419  -33.962  -60.970  -12.661 0.0000000000
28811  -33.679  -60.314  -12.944 0.0000000000
30147  -33.146  -59.504  -12.238 0.0000000000
31412  -32.764  -58.685  -11.573 0.0000000000
33966  -32.308  -57.229  -10.580 0.0000000000
32666  -32.278  -57.891  -10.022 0.0000000000
33956  -32.117  -57.098  -9.748 0.0000000000
35242  -32.019  -56.240  -9.591 0.0000000000
36547  -32.043  -55.425  -9.381 0.0000000000
37971  -31.987  -54.331  -8.474 0.0000000000
35150  -38.004  -56.521  -3.703 0.0000000000
35166  -37.437  -56.377  -4.261 0.0000000000
35188  -36.871  -56.565  -4.851 0.0000000000
35187  -35.972  -56.581  -4.705 0.0000000000
35185  -34.168  -56.462  -4.973 0.0000000000
36421  -36.480  -55.552  -0.314 0.0000000000
36447  -35.920  -55.767  -1.579 0.0000000000
36462  -35.373  -55.500  -2.430 0.0000000000
37856  -34.688  -54.783  -1.430 0.0000000000
36461  -34.878  -55.287  -2.644 0.0000000000
36477  -35.348  -55.643  -3.119 0.0000000000
36492  -34.939  -55.766  -3.673 0.0000000000
35206  -33.601  -56.685  -5.399 0.0000000000
35205  -33.167  -56.579  -5.624 0.0000000000
35204  -32.592  -56.254  -5.845 0.0000000000
36526  -32.072  -55.816  -6.300 0.0000000000
37922  -32.176  -54.458  -4.777 0.0000000000
37934  -31.870  -54.492  -5.418 0.0000000000
36525  -31.708  -55.155  -6.480 0.0000000000
37960  -31.597  -54.499  -7.093 0.0000000000
39377  -31.610  -53.707  -6.979 0.0000000000
22047  -40.158  -64.757  -12.907 0.0000000000
22048  -40.740  -64.854  -13.223 0.0000000000
20730  -41.942  -65.383  -12.748 0.0000000000
22071  -41.668  -64.546  -13.801 0.0000000000
22050  -42.057  -64.902  -13.353 0.0000000000
20731  -42.525  -65.270  -13.344 0.0000000000
19523  -42.471  -66.051  -13.300 0.0000000000
26105  -42.138  -61.817  -15.566 0.0000000000
24685  -42.739  -62.811  -15.080 0.0000000000
23382  -43.319  -63.210  -14.979 0.0000000000
22110  -43.457  -63.380  -15.891 0.0000000000
22101  -43.437  -63.750  -15.398 0.0000000000
20786  -43.320  -64.398  -15.028 0.0000000000
40846  -33.114  -53.298  -9.620 0.0000000000
40857  -34.383  -53.996  -11.577 0.0000000000
37988  -35.284  -54.947  -11.864 0.0000000000
37999  -36.181  -55.056  -12.425 0.0000000000
38010  -36.349  -55.036  -13.062 0.0000000000
36591  -37.456  -55.968  -12.801 0.0000000000
36604  -37.921  -55.829  -13.298 0.0000000000
36625  -39.263  -56.088  -13.833 0.0000000000
38056  -38.134  -54.818  -14.722 0.0000000000
36641  -38.544  -55.354  -14.502 0.0000000000
35352  -39.737  -56.222  -14.046 0.0000000000
35354  -41.005  -56.353  -14.531 0.0000000000
36644  -41.388  -55.938  -14.941 0.0000000000
36645  -42.198  -56.043  -14.972 0.0000000000
40908  -40.069  -52.664  -15.055 0.0000000000
40927  -39.867  -53.230  -15.285 0.0000000000
39484  -40.214  -54.076  -15.382 0.0000000000
38078  -41.416  -54.782  -15.335 0.0000000000
36666  -42.661  -55.471  -15.160 0.0000000000
36647  -43.381  -56.214  -14.931 0.0000000000
35373  -44.243  -56.287  -14.997 0.0000000000
35385  -46.471  -55.948  -16.267 0.0000000000
36691  -46.520  -55.149  -16.209 0.0000000000
35386  -46.753  -56.000  -17.008 0.0000000000
35419  -46.521  -56.287  -18.200 0.0000000000
19524  -42.853  -65.569  -13.478 0.0000000000
19555  -42.646  -65.856  -14.583 0.0000000000
20728  -40.685  -64.944  -12.825 0.0000000000
20729  -41.148  -65.063  -12.767 0.0000000000
22044  -38.442  -64.002  -12.705 0.0000000000
22045  -38.735  -64.068  -12.553 0.0000000000
22049  -41.428  -64.848  -13.252 0.0000000000
22089  -41.088  -64.194  -14.337 0.0000000000
22090  -41.912  -64.149  -14.321 0.0000000000
22092  -43.294  -63.846  -14.755 0.0000000000
22100  -43.196  -64.321  -15.593 0.0000000000
22108  -42.268  -64.128  -16.390 0.0000000000
23347  -37.478  -63.296  -12.341 0.0000000000
23358  -38.539  -63.900  -12.427 0.0000000000
23367  -37.524  -63.546  -13.088 0.0000000000
23369  -38.427  -63.969  -13.874 0.0000000000
23392  -39.688  -63.299  -15.152 0.0000000000
23410  -43.124  -63.195  -16.356 0.0000000000
23411  -43.569  -62.855  -16.013 0.0000000000
24658  -35.825  -62.455  -13.403 0.0000000000
24668  -35.812  -62.360  -13.701 0.0000000000
24678  -36.401  -62.452  -14.273 0.0000000000
24680  -37.947  -62.957  -14.802 0.0000000000
24683  -41.381  -63.137  -15.062 0.0000000000
24686  -43.225  -62.700  -15.220 0.0000000000
24704  -38.995  -62.826  -15.342 0.0000000000
24708  -42.111  -62.419  -15.378 0.0000000000
24727  -43.653  -62.257  -16.231 0.0000000000
26026  -34.897  -61.817  -12.729 0.0000000000
26052  -35.017  -61.673  -13.692 0.0000000000
26069  -35.839  -61.798  -14.389 0.0000000000
26070  -36.449  -62.064  -14.613 0.0000000000
27400  -36.214  -61.237  -10.579 0.0000000000
27409  -34.592  -61.265  -11.634 0.0000000000
27431  -34.151  -60.846  -13.303 0.0000000000
27453  -34.335  -60.705  -13.642 0.0000000000
27504  -39.467  -61.533  -15.663 0.0000000000
27547  -43.590  -60.973  -17.166 0.0000000000
28762  -35.642  -60.096  -9.634 0.0000000000
28768  -33.997  -60.120  -10.237 0.0000000000
28769  -34.349  -60.257  -10.158 0.0000000000
28776  -33.352  -59.936  -10.811 0.0000000000
28777  -33.749  -60.186  -10.634 0.0000000000
28786  -33.235  -59.992  -11.141 0.0000000000
28796  -33.532  -60.526  -12.236 0.0000000000
28810  -33.305  -60.031  -12.450 0.0000000000
28832  -34.522  -60.409  -13.842 0.0000000000
28848  -36.371  -60.700  -14.863 0.0000000000
28868  -39.905  -60.919  -15.686 0.0000000000
28871  -42.240  -60.512  -15.642 0.0000000000
28874  -44.188  -60.280  -15.762 0.0000000000
28910  -43.742  -60.376  -17.540 0.0000000000
28911  -44.263  -60.022  -17.361 0.0000000000
30122  -33.352  -59.490  -9.954 0.0000000000
30132  -32.757  -59.148  -11.030 0.0000000000
30139  -32.720  -58.974  -11.294 0.0000000000
30163  -33.873  -59.683  -13.290 0.0000000000
30177  -34.794  -59.862  -14.022 0.0000000000
30220  -45.288  -59.239  -15.883 0.0000000000
30256  -45.207  -59.059  -17.030 0.0000000000
31390  -33.720  -59.177  -8.972 0.0000000000
31395  -32.461  -58.562  -10.360 0.0000000000
31413  -33.030  -58.853  -12.115 0.0000000000
31434  -34.267  -59.026  -13.578 0.0000000000
31435  -34.730  -58.601  -13.698 0.0000000000
31456  -39.912  -58.567  -14.498 0.0000000000
31457  -40.602  -58.570  -14.389 0.0000000000
31459  -42.009  -58.498  -14.112 0.0000000000
31461  -43.478  -58.436  -14.092 0.0000000000
31475  -36.729  -59.508  -14.775 0.0000000000
31483  -42.589  -58.888  -14.557 0.0000000000
31486  -44.856  -58.601  -14.678 0.0000000000
31498  -44.784  -58.983  -14.874 0.0000000000
31514  -45.748  -58.687  -16.120 0.0000000000
31515  -45.999  -58.282  -16.540 0.0000000000
31541  -46.083  -58.064  -16.956 0.0000000000
31563  -44.958  -58.966  -17.737 0.0000000000
31600  -44.577  -58.775  -19.530 0.0000000000
31601  -44.882  -58.283  -19.743 0.0000000000
31615  -44.719  -58.521  -19.989 0.0000000000
32586  -34.626  -57.684  -6.185 0.0000000000
32587  -35.244  -57.763  -6.212 0.0000000000
32588  -35.921  -57.757  -6.354 0.0000000000
32626  -32.539  -57.507  -7.491 0.0000000000
32627  -33.088  -57.828  -7.266 0.0000000000
32649  -32.291  -57.539  -7.985 0.0000000000
32660  -32.781  -58.506  -8.929 0.0000000000
32673  -32.391  -57.973  -10.791 0.0000000000
32680  -32.628  -58.063  -11.418 0.0000000000
32681  -32.981  -58.162  -11.962 0.0000000000
32690  -33.933  -58.014  -12.999 0.0000000000
32708  -35.779  -57.837  -13.767 0.0000000000
32711  -41.454  -57.556  -13.562 0.0000000000
32712  -41.754  -57.399  -13.709 0.0000000000
32724  -35.606  -58.670  -14.067 0.0000000000
32729  -39.454  -58.158  -14.173 0.0000000000
32732  -41.418  -58.065  -13.829 0.0000000000
32735  -43.616  -57.977  -14.072 0.0000000000
32736  -44.124  -58.065  -14.245 0.0000000000
32747  -45.130  -58.053  -14.766 0.0000000000
32758  -46.030  -57.353  -15.800 0.0000000000
32786  -45.980  -57.990  -17.460 0.0000000000
32815  -45.741  -58.077  -17.932 0.0000000000
32816  -46.079  -57.542  -17.964 0.0000000000
32843  -45.960  -57.187  -18.515 0.0000000000
33862  -34.741  -56.867  -5.305 0.0000000000
33876  -33.000  -56.843  -6.040 0.0000000000
33877  -33.441  -57.013  -5.862 0.0000000000
33879  -34.895  -57.331  -5.786 0.0000000000
33901  -33.656  -57.319  -6.093 0.0000000000
33921  -31.862  -56.545  -7.611 0.0000000000
33933  -31.722  -56.349  -7.989 0.0000000000
33944  -31.748  -56.419  -8.405 0.0000000000
33972  -32.546  -57.398  -11.244 0.0000000000
33996  -34.248  -57.647  -13.033 0.0000000000
33999  -36.333  -57.180  -13.444 0.0000000000
34005  -40.971  -57.144  -13.640 0.0000000000
34018  -36.112  -57.619  -13.742 0.0000000000
34022  -39.094  -57.678  -13.878 0.0000000000
34024  -41.307  -56.942  -13.886 0.0000000000
34025  -41.867  -57.098  -14.002 0.0000000000
34028  -43.848  -57.614  -14.199 0.0000000000
34038  -42.965  -57.046  -14.417 0.0000000000
34039  -43.639  -57.176  -14.446 0.0000000000
34049  -45.736  -56.986  -15.467 0.0000000000
34059  -46.740  -56.384  -17.264 0.0000000000
34084  -46.697  -56.610  -17.608 0.0000000000
34105  -46.316  -57.064  -18.194 0.0000000000
34106  -46.558  -56.805  -18.019 0.0000000000
34126  -46.446  -56.740  -18.341 0.0000000000
35074  -38.755  -56.208  0.368 0.0000000000
35094  -36.684  -55.802  -0.446 0.0000000000
35095  -36.944  -55.923  -0.376 0.0000000000
35097  -38.422  -56.557  0.004 0.0000000000
35106  -36.598  -55.929  -0.670 0.0000000000
35123  -36.910  -56.444  -1.621 0.0000000000
35147  -35.625  -55.856  -3.474 0.0000000000
35162  -33.817  -55.868  -4.440 0.0000000000
35163  -34.618  -56.077  -4.256 0.0000000000
35183  -32.649  -55.748  -5.289 0.0000000000
35184  -33.236  -56.036  -5.027 0.0000000000
35230  -31.689  -55.954  -7.631 0.0000000000
35231  -31.928  -56.390  -7.208 0.0000000000
35263  -32.737  -56.613  -11.161 0.0000000000
35264  -33.167  -56.346  -11.492 0.0000000000
35276  -32.852  -57.083  -11.505 0.0000000000
35288  -33.581  -57.160  -12.286 0.0000000000
35289  -33.997  -56.762  -12.381 0.0000000000
35290  -34.804  -56.784  -12.823 0.0000000000
35293  -36.778  -56.185  -12.802 0.0000000000
35309  -34.966  -57.054  -13.043 0.0000000000
35312  -36.597  -56.660  -13.104 0.0000000000
35313  -37.401  -56.430  -13.065 0.0000000000
35316  -39.923  -56.791  -13.415 0.0000000000
35317  -40.471  -56.806  -13.567 0.0000000000
35335  -40.133  -56.514  -13.831 0.0000000000
35353  -40.251  -56.264  -14.356 0.0000000000
35355  -41.818  -56.545  -14.551 0.0000000000
35356  -42.593  -56.586  -14.708 0.0000000000
35358  -43.981  -56.804  -14.756 0.0000000000
35372  -43.696  -56.340  -14.909 0.0000000000
35375  -45.873  -56.155  -15.606 0.0000000000
35408  -46.777  -56.092  -17.582 0.0000000000
35431  -46.022  -56.422  -18.590 0.0000000000
35432  -46.322  -56.562  -18.466 0.0000000000
36396  -36.813  -55.244  0.175 0.0000000000
36397  -37.306  -55.268  0.365 0.0000000000
36399  -38.618  -55.405  0.603 0.0000000000
36420  -35.887  -55.445  -0.646 0.0000000000
36423  -37.522  -55.674  0.218 0.0000000000
36432  -35.628  -55.466  -1.153 0.0000000000
36433  -36.132  -55.753  -0.922 0.0000000000
36445  -35.042  -55.265  -2.168 0.0000000000
36446  -35.400  -55.425  -1.804 0.0000000000
36463  -35.756  -55.683  -2.130 0.0000000000
36474  -33.560  -55.001  -3.591 0.0000000000
36475  -33.910  -55.171  -3.538 0.0000000000
36489  -32.910  -55.085  -4.312 0.0000000000
36503  -32.691  -55.270  -4.741 0.0000000000
36515  -31.799  -54.836  -5.938 0.0000000000
36516  -32.165  -55.333  -5.625 0.0000000000
36546  -31.797  -55.356  -8.698 0.0000000000
36551  -32.934  -55.480  -10.662 0.0000000000
36560  -33.698  -55.683  -11.579 0.0000000000
36571  -33.501  -56.166  -11.712 0.0000000000
36572  -34.077  -55.981  -12.011 0.0000000000
36574  -35.378  -55.684  -12.333 0.0000000000
36575  -35.965  -55.563  -12.401 0.0000000000
36576  -36.508  -55.384  -12.508 0.0000000000
36587  -35.111  -56.180  -12.561 0.0000000000
36590  -37.015  -55.593  -12.943 0.0000000000
36605  -38.804  -56.147  -13.436 0.0000000000
36606  -39.234  -56.317  -13.529 0.0000000000
36622  -37.555  -55.256  -14.004 0.0000000000
36624  -38.661  -55.742  -13.924 0.0000000000
36640  -38.090  -55.204  -14.451 0.0000000000
36646  -42.951  -56.123  -14.949 0.0000000000
36663  -40.617  -55.328  -15.156 0.0000000000
36664  -41.040  -55.367  -15.197 0.0000000000
36670  -46.096  -55.305  -15.702 0.0000000000
36692  -46.704  -55.362  -16.750 0.0000000000
36740  -46.606  -55.841  -17.858 0.0000000000
37812  -35.664  -54.675  -0.220 0.0000000000
37815  -37.566  -54.735  0.633 0.0000000000
37816  -38.287  -54.716  0.709 0.0000000000
37840  -35.929  -55.143  -0.318 0.0000000000
37855  -34.301  -54.621  -1.760 0.0000000000
37867  -34.625  -54.951  -2.118 0.0000000000
37868  -34.980  -55.111  -1.779 0.0000000000
37881  -33.496  -54.585  -3.032 0.0000000000
37882  -33.846  -54.702  -2.771 0.0000000000
37883  -34.361  -54.971  -2.709 0.0000000000
37896  -32.921  -54.531  -3.682 0.0000000000
37899  -34.088  -54.994  -3.125 0.0000000000
37910  -33.065  -54.802  -3.842 0.0000000000
37921  -31.957  -54.285  -5.060 0.0000000000
37950  -31.623  -54.298  -6.274 0.0000000000
37974  -31.829  -54.840  -8.438 0.0000000000
37984  -33.278  -55.209  -10.849 0.0000000000
37985  -33.754  -55.114  -11.197 0.0000000000
37987  -34.823  -54.950  -11.745 0.0000000000
37996  -34.520  -55.433  -11.847 0.0000000000
37998  -35.734  -55.172  -11.989 0.0000000000
38022  -36.900  -55.188  -13.551 0.0000000000
38041  -37.855  -55.121  -14.376 0.0000000000
38057  -39.148  -54.883  -15.014 0.0000000000
38059  -40.373  -55.289  -15.118 0.0000000000
38061  -44.466  -54.136  -14.920 0.0000000000
38062  -45.140  -54.079  -15.067 0.0000000000
38075  -39.406  -54.572  -15.242 0.0000000000
38081  -44.065  -54.839  -14.997 0.0000000000
38084  -46.274  -54.544  -15.869 0.0000000000
38101  -45.816  -54.567  -16.923 0.0000000000
38103  -46.626  -55.109  -16.985 0.0000000000
38136  -44.862  -55.248  -17.112 0.0000000000
38137  -45.537  -55.096  -17.176 0.0000000000
38139  -46.487  -55.012  -17.101 0.0000000000
39225  -35.393  -54.214  -0.163 0.0000000000
39247  -34.647  -54.306  -0.802 0.0000000000
39248  -35.172  -54.527  -0.508 0.0000000000
39269  -34.302  -54.382  -1.331 0.0000000000
39287  -33.346  -54.106  -2.459 0.0000000000
39288  -33.675  -54.343  -2.306 0.0000000000
39302  -32.846  -53.940  -3.213 0.0000000000
39303  -33.173  -54.170  -2.947 0.0000000000
39319  -32.980  -54.280  -3.397 0.0000000000
39329  -31.918  -53.719  -4.499 0.0000000000
39330  -32.213  -53.987  -4.209 0.0000000000
39341  -32.026  -54.024  -4.612 0.0000000000
39362  -31.550  -53.572  -6.323 0.0000000000
39389  -31.697  -54.014  -7.550 0.0000000000
39393  -32.318  -53.804  -8.875 0.0000000000
39398  -33.029  -54.088  -9.894 0.0000000000
39405  -34.733  -54.305  -11.517 0.0000000000
39406  -35.133  -54.505  -11.837 0.0000000000
39412  -35.820  -54.890  -12.508 0.0000000000
39467  -42.776  -53.341  -14.847 0.0000000000
39468  -43.307  -53.523  -14.792 0.0000000000
39469  -44.100  -53.507  -14.819 0.0000000000
39485  -41.045  -54.133  -15.361 0.0000000000
39488  -43.183  -54.068  -14.894 0.0000000000
39490  -46.118  -54.031  -16.209 0.0000000000
39506  -45.478  -54.113  -16.631 0.0000000000
39507  -45.972  -54.195  -16.605 0.0000000000
40669  -34.994  -53.261  0.017 0.0000000000
40670  -35.283  -53.649  0.092 0.0000000000
40673  -37.422  -53.403  0.565 0.0000000000
40686  -34.016  -53.226  -0.782 0.0000000000
40703  -33.150  -53.370  -1.812 0.0000000000
40722  -32.592  -53.187  -2.614 0.0000000000
40723  -33.008  -53.658  -2.368 0.0000000000
40770  -31.705  -53.147  -4.573 0.0000000000
40771  -31.966  -53.457  -4.195 0.0000000000
40804  -31.556  -53.014  -6.651 0.0000000000
40909  -40.559  -52.764  -15.038 0.0000000000
40913  -43.774  -52.876  -14.767 0.0000000000
40928  -40.752  -53.429  -15.243 0.0000000000
40930  -42.027  -53.666  -15.078 0.0000000000
40931  -44.795  -52.708  -15.894 0.0000000000
40933  -45.754  -53.558  -16.062 0.0000000000
40949  -45.288  -53.574  -16.292 0.0000000000
42170  -35.185  -53.177  0.153 0.0000000000
42171  -35.542  -53.076  0.268 0.0000000000
42172  -36.208  -52.925  0.401 0.0000000000
42173  -36.930  -52.818  0.380 0.0000000000
42194  -34.257  -52.668  -0.414 0.0000000000
42197  -36.415  -52.260  0.189 0.0000000000
42261  -31.927  -52.731  -3.653 0.0000000000
42347  -32.935  -52.586  -9.325 0.0000000000
42422  -39.554  -52.470  -15.063 0.0000000000
42423  -40.335  -52.198  -14.875 0.0000000000
42424  -41.074  -52.201  -14.827 0.0000000000
42426  -42.615  -52.297  -14.801 0.0000000000
42441  -44.567  -52.491  -15.518 0.0000000000
42442  -44.965  -52.710  -15.312 0.0000000000
42454  -43.883  -52.337  -16.022 0.0000000000
42455  -44.492  -52.584  -15.937 0.0000000000
43629  -35.879  -51.726  -0.018 0.0000000000
43901  -42.291  -51.738  -14.908 0.0000000000
45017  -34.654  -51.451  -0.279 0.0000000000
45056  -34.201  -51.018  -0.495 0.0000000000
46416  -34.907  -50.119  -0.526 0.0000000000
46740  -38.976  -50.793  -15.101 0.0000000000
46753  -38.380  -50.574  -15.684 0.0000000000
