#!ascii label  , from subject FS6EXPERT_subj01_ver10 vox2ras=TkReg
540
127660  -27.146  -4.353  -26.541 0.0000000000
133062  -25.799  -1.190  -30.236 0.0000000000
154006  -24.217  10.992  -35.206 0.0000000000
148691  -26.312  7.742  -32.372 0.0000000000
142818  -28.611  4.732  -28.727 0.0000000000
135776  -31.074  0.482  -27.833 0.0000000000
156612  -23.244  12.692  -35.995 0.0000000000
145889  -27.634  6.110  -30.596 0.0000000000
141482  -26.919  3.655  -31.161 0.0000000000
130476  -26.081  -2.646  -28.202 0.0000000000
134468  -27.732  0.007  -28.171 0.0000000000
131736  -29.060  -1.772  -27.391 0.0000000000
118919  -22.911  -9.077  -26.615 0.0000000000
126190  -24.549  -5.026  -28.530 0.0000000000
166295  -22.485  18.784  -37.610 0.0000000000
162776  -23.559  16.963  -37.668 0.0000000000
161607  -24.673  15.317  -36.605 0.0000000000
160422  -25.661  14.679  -34.738 0.0000000000
157835  -26.261  13.299  -32.997 0.0000000000
151367  -25.477  9.484  -33.360 0.0000000000
155253  -26.960  11.120  -31.202 0.0000000000
152615  -28.222  9.792  -29.920 0.0000000000
148625  -29.838  7.310  -28.357 0.0000000000
144352  -31.889  5.078  -27.931 0.0000000000
137225  -27.377  1.539  -29.302 0.0000000000
138538  -29.965  2.129  -27.683 0.0000000000
142891  -26.379  4.110  -32.414 0.0000000000
140071  -25.230  2.517  -32.657 0.0000000000
129136  -26.549  -3.331  -27.204 0.0000000000
131734  -27.478  -2.066  -27.621 0.0000000000
130444  -27.647  -3.152  -26.889 0.0000000000
114282  -23.442  -11.886  -23.051 0.0000000000
115822  -23.555  -10.797  -24.017 0.0000000000
115852  -23.682  -10.308  -24.491 0.0000000000
127705  -23.736  -4.377  -29.045 0.0000000000
126188  -22.886  -5.147  -28.430 0.0000000000
160474  -23.992  16.082  -37.950 0.0000000000
155309  -23.897  11.742  -35.588 0.0000000000
157872  -24.722  13.516  -35.518 0.0000000000
156600  -24.990  12.661  -34.657 0.0000000000
159135  -25.768  14.103  -34.048 0.0000000000
156587  -25.378  12.545  -33.976 0.0000000000
151357  -25.906  9.165  -32.890 0.0000000000
153984  -25.935  10.867  -32.542 0.0000000000
152637  -26.908  9.917  -31.325 0.0000000000
153960  -27.717  10.695  -30.588 0.0000000000
150016  -27.224  8.429  -31.029 0.0000000000
144390  -28.267  5.454  -29.497 0.0000000000
147264  -28.648  6.739  -29.327 0.0000000000
145859  -29.128  6.143  -28.817 0.0000000000
147241  -30.594  6.112  -27.788 0.0000000000
144329  -30.062  4.969  -27.854 0.0000000000
134517  -25.414  -0.132  -31.013 0.0000000000
135865  -26.426  0.813  -30.834 0.0000000000
134504  -26.623  0.121  -29.780 0.0000000000
135774  -29.588  0.532  -27.689 0.0000000000
137175  -28.713  1.212  -27.949 0.0000000000
137178  -30.856  1.252  -27.787 0.0000000000
140000  -31.872  2.713  -28.003 0.0000000000
137205  -32.325  1.148  -28.981 0.0000000000
120416  -24.758  -8.668  -25.807 0.0000000000
120452  -23.970  -8.202  -26.930 0.0000000000
120437  -25.167  -8.053  -26.362 0.0000000000
121910  -25.456  -6.883  -26.657 0.0000000000
145928  -26.361  6.423  -32.648 0.0000000000
148678  -27.011  7.360  -31.437 0.0000000000
145900  -26.973  5.998  -31.606 0.0000000000
142873  -27.127  4.909  -31.258 0.0000000000
141452  -27.786  4.086  -29.710 0.0000000000
131786  -25.722  -1.992  -29.595 0.0000000000
133042  -26.742  -0.665  -29.039 0.0000000000
133024  -26.880  -1.168  -28.423 0.0000000000
133007  -28.623  -1.092  -27.629 0.0000000000
133009  -30.235  -1.021  -27.515 0.0000000000
117356  -24.110  -9.703  -25.163 0.0000000000
131784  -24.348  -2.051  -30.237 0.0000000000
129179  -25.214  -3.085  -29.298 0.0000000000
129151  -25.316  -3.815  -28.121 0.0000000000
127677  -25.546  -4.618  -27.298 0.0000000000
168590  -22.611  20.239  -38.796 0.0000000000
163877  -22.427  17.688  -35.948 0.0000000000
165069  -22.678  18.143  -37.470 0.0000000000
163902  -24.339  17.295  -38.432 0.0000000000
163880  -25.049  16.947  -37.100 0.0000000000
163865  -25.452  16.717  -36.399 0.0000000000
159170  -23.953  14.171  -36.494 0.0000000000
160445  -24.947  15.189  -36.007 0.0000000000
162731  -26.155  16.122  -35.323 0.0000000000
161581  -26.555  15.858  -34.532 0.0000000000
160406  -26.681  14.955  -33.548 0.0000000000
159091  -27.032  14.061  -32.577 0.0000000000
152662  -24.942  10.151  -34.228 0.0000000000
155285  -25.816  11.698  -32.811 0.0000000000
156567  -26.660  12.500  -31.975 0.0000000000
157806  -27.710  13.271  -31.501 0.0000000000
156528  -27.991  12.347  -30.786 0.0000000000
152617  -29.333  10.110  -29.249 0.0000000000
148651  -27.795  7.544  -30.429 0.0000000000
149990  -29.093  8.311  -29.037 0.0000000000
138639  -25.883  1.724  -31.806 0.0000000000
138604  -27.043  2.336  -30.200 0.0000000000
140012  -27.828  3.225  -29.241 0.0000000000
135810  -27.393  1.004  -28.942 0.0000000000
138557  -28.208  2.259  -28.563 0.0000000000
141422  -29.718  3.753  -27.794 0.0000000000
141424  -31.057  3.568  -27.578 0.0000000000
141454  -32.633  3.412  -28.929 0.0000000000
123359  -24.226  -6.402  -28.329 0.0000000000
126157  -25.361  -5.527  -27.131 0.0000000000
126138  -26.624  -5.577  -26.243 0.0000000000
129119  -26.659  -3.860  -26.873 0.0000000000
130443  -27.038  -3.345  -26.961 0.0000000000
129120  -27.411  -3.756  -26.678 0.0000000000
129121  -28.152  -3.677  -26.640 0.0000000000
127661  -27.890  -4.275  -26.452 0.0000000000
114283  -24.239  -11.535  -22.978 0.0000000000
114310  -23.479  -11.335  -23.541 0.0000000000
155323  -24.487  12.598  -35.395 0.0000000000
155310  -24.615  11.984  -35.151 0.0000000000
155299  -25.014  11.787  -34.370 0.0000000000
148690  -25.954  7.739  -32.845 0.0000000000
150033  -25.834  8.328  -33.051 0.0000000000
150034  -26.150  8.429  -32.574 0.0000000000
151358  -26.330  9.194  -32.237 0.0000000000
151349  -26.711  9.188  -31.686 0.0000000000
151341  -27.071  9.166  -31.167 0.0000000000
150015  -26.878  8.464  -31.513 0.0000000000
144369  -28.641  5.232  -28.942 0.0000000000
145858  -28.732  6.015  -29.143 0.0000000000
144350  -29.531  5.485  -28.251 0.0000000000
144327  -29.282  4.925  -28.245 0.0000000000
133073  -25.139  -0.707  -30.686 0.0000000000
134518  -25.950  -0.034  -30.861 0.0000000000
134503  -26.257  -0.197  -30.348 0.0000000000
135775  -30.371  0.508  -27.643 0.0000000000
137179  -31.493  1.212  -28.044 0.0000000000
135777  -31.667  0.465  -28.164 0.0000000000
135794  -32.346  0.465  -29.197 0.0000000000
135793  -32.099  0.460  -28.632 0.0000000000
120436  -24.401  -8.444  -26.426 0.0000000000
144448  -26.377  5.896  -32.703 0.0000000000
145912  -26.639  6.221  -32.253 0.0000000000
144432  -26.577  5.224  -32.270 0.0000000000
141500  -26.650  3.410  -31.895 0.0000000000
142872  -26.882  4.399  -31.562 0.0000000000
142857  -27.028  4.154  -31.079 0.0000000000
142858  -27.306  4.573  -30.845 0.0000000000
141466  -27.088  3.642  -30.759 0.0000000000
131767  -25.934  -2.047  -28.990 0.0000000000
133023  -26.291  -1.732  -28.646 0.0000000000
131752  -26.524  -2.014  -28.168 0.0000000000
131735  -28.253  -1.873  -27.498 0.0000000000
133008  -29.455  -1.036  -27.545 0.0000000000
131737  -29.838  -1.750  -27.372 0.0000000000
131738  -30.593  -1.791  -27.477 0.0000000000
114281  -22.931  -12.139  -23.106 0.0000000000
112638  -22.361  -12.428  -23.137 0.0000000000
117337  -23.922  -9.950  -24.920 0.0000000000
118871  -24.879  -9.331  -24.790 0.0000000000
130511  -24.579  -2.807  -29.761 0.0000000000
126203  -24.229  -4.842  -28.797 0.0000000000
127707  -25.077  -3.981  -28.749 0.0000000000
127694  -25.010  -4.588  -28.286 0.0000000000
129134  -25.349  -4.275  -27.726 0.0000000000
127676  -25.254  -4.646  -27.741 0.0000000000
167446  -22.446  19.444  -37.627 0.0000000000
168580  -22.497  19.972  -38.092 0.0000000000
167455  -22.481  19.534  -38.172 0.0000000000
167456  -22.675  19.370  -38.567 0.0000000000
166308  -22.749  18.710  -38.170 0.0000000000
162754  -22.845  16.784  -36.611 0.0000000000
163890  -22.817  17.428  -37.030 0.0000000000
163900  -23.119  17.484  -37.793 0.0000000000
165082  -23.040  18.180  -38.336 0.0000000000
163901  -23.551  17.192  -38.316 0.0000000000
163910  -23.702  17.516  -38.922 0.0000000000
162777  -23.866  16.835  -38.093 0.0000000000
161616  -24.595  15.930  -37.059 0.0000000000
162768  -24.670  16.636  -37.355 0.0000000000
162756  -24.969  16.549  -36.951 0.0000000000
163881  -25.293  17.122  -36.845 0.0000000000
161617  -24.945  16.204  -36.747 0.0000000000
156623  -23.602  13.059  -36.098 0.0000000000
159160  -25.025  14.110  -35.350 0.0000000000
160435  -24.892  14.609  -35.761 0.0000000000
160436  -25.338  14.894  -35.277 0.0000000000
161597  -25.361  15.653  -35.762 0.0000000000
161598  -25.752  15.570  -35.240 0.0000000000
162712  -26.478  16.009  -34.866 0.0000000000
160423  -25.932  14.858  -34.377 0.0000000000
157852  -25.837  13.384  -33.560 0.0000000000
160405  -26.236  14.799  -33.796 0.0000000000
159113  -26.584  14.058  -32.984 0.0000000000
160383  -27.007  14.706  -33.114 0.0000000000
157836  -26.666  13.583  -32.612 0.0000000000
150046  -25.056  8.423  -33.947 0.0000000000
151366  -25.099  9.275  -33.951 0.0000000000
152653  -25.313  10.291  -33.593 0.0000000000
153991  -25.312  11.120  -33.544 0.0000000000
153985  -26.398  10.785  -31.995 0.0000000000
155286  -26.251  11.653  -32.203 0.0000000000
155273  -26.775  11.583  -31.536 0.0000000000
157805  -27.159  12.943  -31.636 0.0000000000
155274  -27.107  12.009  -31.257 0.0000000000
157783  -27.965  12.966  -31.080 0.0000000000
155254  -27.350  11.576  -30.942 0.0000000000
152629  -27.751  9.829  -30.370 0.0000000000
153961  -28.226  10.958  -30.214 0.0000000000
153936  -28.624  10.624  -29.828 0.0000000000
153937  -29.178  10.567  -29.456 0.0000000000
152616  -28.795  9.823  -29.441 0.0000000000
147314  -27.160  6.811  -31.264 0.0000000000
148666  -27.331  7.601  -30.967 0.0000000000
147299  -27.531  6.846  -30.762 0.0000000000
148638  -28.953  7.480  -29.085 0.0000000000
149989  -28.575  8.112  -29.495 0.0000000000
149975  -29.493  7.995  -28.620 0.0000000000
151313  -29.564  8.993  -28.749 0.0000000000
151291  -29.883  8.517  -28.519 0.0000000000
145842  -31.532  5.753  -27.809 0.0000000000
144371  -32.464  5.134  -28.436 0.0000000000
138638  -25.244  1.572  -31.937 0.0000000000
137244  -26.706  1.395  -30.528 0.0000000000
138581  -26.970  1.938  -30.208 0.0000000000
139997  -27.704  2.828  -29.290 0.0000000000
138556  -27.739  2.263  -29.060 0.0000000000
134467  -27.204  -0.170  -28.592 0.0000000000
135790  -27.184  0.468  -28.890 0.0000000000
135791  -27.727  0.711  -28.419 0.0000000000
137203  -28.900  1.721  -28.026 0.0000000000
138537  -29.301  2.261  -27.850 0.0000000000
139999  -28.563  2.861  -28.370 0.0000000000
139983  -29.827  2.953  -27.708 0.0000000000
141423  -30.363  3.635  -27.621 0.0000000000
139984  -30.526  2.844  -27.567 0.0000000000
140001  -32.343  2.661  -28.550 0.0000000000
141443  -32.253  3.479  -28.319 0.0000000000
123307  -25.998  -6.660  -26.299 0.0000000000
123328  -25.162  -6.471  -27.060 0.0000000000
124747  -25.654  -6.015  -26.685 0.0000000000
126158  -25.991  -5.146  -26.742 0.0000000000
124726  -26.433  -6.148  -26.166 0.0000000000
144431  -26.097  4.656  -32.837 0.0000000000
141516  -26.039  3.067  -32.676 0.0000000000
140060  -26.362  2.503  -31.976 0.0000000000
130458  -26.260  -3.010  -27.628 0.0000000000
131733  -26.904  -2.199  -27.753 0.0000000000
130459  -27.026  -2.756  -27.368 0.0000000000
130460  -27.924  -2.564  -27.245 0.0000000000
130461  -28.716  -2.449  -27.164 0.0000000000
130462  -29.478  -2.410  -27.141 0.0000000000
130445  -28.419  -3.061  -26.868 0.0000000000
129122  -28.894  -3.665  -26.731 0.0000000000
115823  -24.271  -10.471  -23.860 0.0000000000
129165  -24.099  -3.785  -29.373 0.0000000000
127704  -23.131  -4.150  -29.000 0.0000000000
127692  -23.220  -4.650  -28.843 0.0000000000
126189  -23.822  -5.112  -28.738 0.0000000000
166294  -22.429  18.961  -37.067 0.0000000000
161625  -23.115  16.314  -36.975 0.0000000000
161635  -23.728  16.483  -37.773 0.0000000000
160472  -23.274  15.958  -37.419 0.0000000000
160463  -23.520  15.402  -37.562 0.0000000000
160454  -24.144  14.970  -37.114 0.0000000000
155335  -24.060  12.915  -35.849 0.0000000000
157873  -25.052  13.424  -34.970 0.0000000000
159147  -25.428  14.089  -34.687 0.0000000000
159148  -25.715  14.434  -34.465 0.0000000000
157862  -25.290  13.309  -34.402 0.0000000000
157851  -25.580  13.335  -33.997 0.0000000000
156577  -25.827  12.496  -33.361 0.0000000000
152654  -25.715  10.122  -32.973 0.0000000000
152644  -26.111  10.008  -32.390 0.0000000000
152645  -26.517  9.955  -31.832 0.0000000000
153975  -26.787  10.665  -31.487 0.0000000000
153959  -27.147  10.644  -31.036 0.0000000000
152628  -27.345  9.895  -30.863 0.0000000000
151342  -27.487  9.118  -30.696 0.0000000000
145878  -28.020  5.981  -30.005 0.0000000000
147283  -27.909  6.780  -30.244 0.0000000000
145879  -28.380  6.190  -29.539 0.0000000000
147265  -29.066  6.685  -28.948 0.0000000000
147251  -29.516  6.534  -28.517 0.0000000000
147252  -30.166  6.588  -28.080 0.0000000000
145841  -29.792  5.973  -28.234 0.0000000000
145825  -30.384  5.516  -27.791 0.0000000000
144330  -30.616  4.962  -27.742 0.0000000000
135891  -25.404  0.744  -31.404 0.0000000000
135864  -25.858  0.511  -31.173 0.0000000000
135836  -26.635  0.646  -30.234 0.0000000000
135809  -26.994  0.741  -29.457 0.0000000000
134450  -29.079  -0.275  -27.667 0.0000000000
135773  -28.739  0.548  -27.767 0.0000000000
137177  -30.132  1.306  -27.702 0.0000000000
138539  -30.688  2.041  -27.675 0.0000000000
139985  -31.245  2.766  -27.643 0.0000000000
138540  -31.375  1.976  -27.848 0.0000000000
138559  -31.937  1.930  -28.244 0.0000000000
138583  -32.565  1.786  -29.336 0.0000000000
138605  -32.786  1.787  -29.850 0.0000000000
137226  -32.554  1.131  -29.566 0.0000000000
118911  -24.153  -8.933  -26.067 0.0000000000
118920  -23.238  -8.912  -26.706 0.0000000000
120453  -24.580  -7.992  -26.846 0.0000000000
121908  -24.184  -7.638  -27.248 0.0000000000
121927  -24.367  -7.082  -27.636 0.0000000000
121909  -24.996  -7.353  -26.955 0.0000000000
121892  -25.623  -7.443  -26.365 0.0000000000
147339  -25.862  7.031  -33.116 0.0000000000
147326  -26.469  6.981  -32.347 0.0000000000
148677  -26.719  7.670  -31.830 0.0000000000
147313  -26.839  6.836  -31.796 0.0000000000
145901  -27.314  6.246  -31.051 0.0000000000
144416  -26.978  5.198  -31.553 0.0000000000
144417  -27.303  5.478  -31.057 0.0000000000
144402  -27.663  5.338  -30.425 0.0000000000
142846  -27.720  4.637  -30.094 0.0000000000
142835  -28.208  4.583  -29.285 0.0000000000
134484  -26.470  -0.574  -29.672 0.0000000000
133041  -26.261  -1.344  -29.233 0.0000000000
133025  -27.533  -0.581  -28.165 0.0000000000
133005  -27.061  -1.711  -27.911 0.0000000000
133006  -27.710  -1.258  -27.861 0.0000000000
134449  -28.200  -0.322  -27.848 0.0000000000
134451  -29.894  -0.263  -27.615 0.0000000000
134452  -30.651  -0.267  -27.659 0.0000000000
134453  -31.325  -0.271  -27.906 0.0000000000
133010  -30.956  -1.029  -27.709 0.0000000000
130463  -30.197  -2.464  -27.269 0.0000000000
111063  -21.992  -13.084  -22.737 0.0000000000
117368  -22.937  -9.734  -26.191 0.0000000000
117336  -23.356  -10.134  -25.152 0.0000000000
117355  -23.696  -9.735  -25.525 0.0000000000
118891  -23.828  -9.483  -25.679 0.0000000000
118892  -24.302  -9.327  -25.394 0.0000000000
118893  -25.144  -8.902  -25.127 0.0000000000
131785  -25.129  -2.067  -30.073 0.0000000000
130513  -25.639  -2.435  -29.218 0.0000000000
130494  -25.485  -2.831  -29.142 0.0000000000
129166  -24.832  -3.541  -29.361 0.0000000000
129167  -25.434  -3.285  -28.772 0.0000000000
129168  -25.750  -2.948  -28.452 0.0000000000
129152  -25.734  -3.218  -28.061 0.0000000000
129135  -25.897  -3.806  -27.357 0.0000000000
127658  -26.011  -4.415  -26.978 0.0000000000
168581  -22.638  20.633  -38.023 0.0000000000
165043  -22.275  18.095  -35.698 0.0000000000
165054  -22.405  18.308  -36.570 0.0000000000
165055  -22.536  18.070  -36.938 0.0000000000
165093  -23.422  18.274  -39.140 0.0000000000
162778  -24.308  16.831  -37.812 0.0000000000
163892  -24.855  17.268  -37.607 0.0000000000
165070  -25.124  17.771  -37.768 0.0000000000
163893  -25.231  17.623  -37.369 0.0000000000
163882  -25.752  17.574  -36.625 0.0000000000
163866  -25.905  16.915  -36.141 0.0000000000
160444  -24.585  14.697  -36.349 0.0000000000
157882  -24.226  13.624  -35.880 0.0000000000
162744  -25.502  16.292  -36.101 0.0000000000
162745  -25.875  16.379  -35.779 0.0000000000
163850  -26.470  16.661  -35.544 0.0000000000
162696  -27.297  16.141  -34.239 0.0000000000
161561  -26.759  15.534  -34.005 0.0000000000
152673  -24.337  10.227  -34.887 0.0000000000
154007  -24.657  10.882  -34.608 0.0000000000
153998  -25.077  10.982  -34.015 0.0000000000
155293  -25.519  11.684  -33.345 0.0000000000
156566  -26.227  12.448  -32.629 0.0000000000
157822  -26.990  13.390  -32.147 0.0000000000
157823  -27.426  13.462  -31.830 0.0000000000
155255  -28.094  11.573  -30.476 0.0000000000
155231  -29.342  11.274  -29.698 0.0000000000
155210  -29.780  11.022  -29.437 0.0000000000
148665  -26.996  7.899  -31.327 0.0000000000
150004  -27.640  8.333  -30.563 0.0000000000
151331  -27.865  9.055  -30.165 0.0000000000
148652  -28.231  7.455  -29.949 0.0000000000
151332  -28.330  9.006  -29.641 0.0000000000
152589  -29.275  9.577  -29.128 0.0000000000
147253  -30.876  6.771  -27.849 0.0000000000
140072  -25.738  2.218  -32.316 0.0000000000
137268  -26.254  1.365  -31.211 0.0000000000
138623  -26.426  2.124  -31.412 0.0000000000
140028  -26.984  3.173  -30.739 0.0000000000
140029  -27.152  2.853  -30.213 0.0000000000
141453  -27.975  3.711  -29.242 0.0000000000
141440  -28.379  4.014  -28.783 0.0000000000
134485  -26.835  -0.008  -29.220 0.0000000000
135792  -28.315  0.874  -28.055 0.0000000000
137201  -27.766  1.556  -28.724 0.0000000000
141441  -28.673  3.573  -28.367 0.0000000000
142819  -28.837  4.351  -28.397 0.0000000000
142798  -29.644  4.466  -27.898 0.0000000000
142799  -30.211  4.354  -27.741 0.0000000000
142820  -31.514  4.304  -27.730 0.0000000000
141442  -31.723  3.522  -27.834 0.0000000000
142821  -32.112  4.299  -28.119 0.0000000000
124779  -23.527  -5.898  -28.407 0.0000000000
124780  -24.386  -5.881  -28.317 0.0000000000
123346  -24.913  -6.426  -27.556 0.0000000000
124765  -24.956  -5.947  -27.676 0.0000000000
124781  -24.807  -5.412  -28.090 0.0000000000
126177  -25.464  -5.078  -27.164 0.0000000000
126159  -26.861  -4.966  -26.409 0.0000000000
114311  -24.032  -10.984  -23.476 0.0000000000
115853  -24.213  -10.081  -24.422 0.0000000000
117369  -23.335  -9.737  -25.925 0.0000000000
118870  -24.553  -9.455  -24.983 0.0000000000
118910  -23.493  -9.343  -26.132 0.0000000000
120435  -23.784  -8.762  -26.581 0.0000000000
120451  -23.318  -8.404  -27.022 0.0000000000
121891  -25.271  -7.628  -26.574 0.0000000000
121928  -24.840  -6.778  -27.463 0.0000000000
123329  -25.535  -6.497  -26.638 0.0000000000
123345  -24.606  -6.486  -27.991 0.0000000000
123358  -23.976  -6.269  -28.443 0.0000000000
124725  -26.044  -6.151  -26.378 0.0000000000
124746  -25.251  -5.979  -27.109 0.0000000000
124764  -24.707  -6.132  -28.045 0.0000000000
126137  -26.138  -5.801  -26.427 0.0000000000
126176  -25.155  -5.103  -27.685 0.0000000000
126191  -24.896  -5.041  -28.164 0.0000000000
126202  -24.074  -4.733  -28.931 0.0000000000
127659  -26.474  -4.463  -26.716 0.0000000000
127693  -24.674  -4.704  -28.601 0.0000000000
127706  -24.499  -4.449  -28.931 0.0000000000
129118  -26.243  -4.118  -26.948 0.0000000000
129178  -24.986  -3.038  -29.527 0.0000000000
130477  -26.546  -2.521  -27.821 0.0000000000
130495  -25.748  -2.620  -28.751 0.0000000000
130512  -25.299  -2.655  -29.584 0.0000000000
131751  -26.091  -2.205  -28.541 0.0000000000
133074  -25.750  -0.506  -30.720 0.0000000000
134454  -31.843  -0.256  -28.339 0.0000000000
135772  -28.124  0.367  -28.018 0.0000000000
135835  -26.259  0.328  -30.719 0.0000000000
137176  -29.329  1.386  -27.782 0.0000000000
137202  -28.348  1.508  -28.280 0.0000000000
137204  -32.014  1.177  -28.438 0.0000000000
137224  -27.000  1.422  -29.904 0.0000000000
137267  -25.766  0.990  -31.426 0.0000000000
137291  -25.844  1.287  -31.543 0.0000000000
138558  -28.742  2.281  -28.177 0.0000000000
138560  -32.342  1.877  -28.780 0.0000000000
138582  -27.312  2.303  -29.718 0.0000000000
138603  -26.782  2.251  -30.721 0.0000000000
138606  -33.032  1.931  -30.409 0.0000000000
138637  -24.669  1.621  -32.022 0.0000000000
138651  -25.512  1.858  -32.093 0.0000000000
139982  -29.135  3.096  -28.018 0.0000000000
139998  -28.127  3.092  -28.850 0.0000000000
140011  -27.564  3.259  -29.659 0.0000000000
140046  -26.722  2.842  -31.322 0.0000000000
141421  -29.193  3.986  -28.070 0.0000000000
141467  -27.352  3.770  -30.354 0.0000000000
141483  -27.130  3.962  -30.828 0.0000000000
142797  -29.256  4.645  -28.186 0.0000000000
142800  -30.841  4.312  -27.643 0.0000000000
142834  -27.939  4.548  -29.695 0.0000000000
142847  -28.027  4.894  -29.705 0.0000000000
144328  -29.527  5.022  -28.088 0.0000000000
144348  -28.755  5.031  -28.696 0.0000000000
144349  -29.060  5.099  -28.475 0.0000000000
144351  -31.235  5.007  -27.717 0.0000000000
144370  -28.976  5.661  -28.807 0.0000000000
144389  -27.945  5.259  -29.944 0.0000000000
144447  -25.982  5.393  -33.045 0.0000000000
145824  -29.930  5.484  -28.018 0.0000000000
145826  -30.921  5.595  -27.736 0.0000000000
145840  -29.327  5.820  -28.526 0.0000000000
147240  -30.179  5.938  -27.963 0.0000000000
147242  -31.130  6.194  -27.713 0.0000000000
147284  -28.295  6.742  -29.772 0.0000000000
147325  -26.133  7.240  -32.675 0.0000000000
147340  -26.162  6.775  -32.764 0.0000000000
148624  -29.340  7.204  -28.674 0.0000000000
148637  -28.527  7.307  -29.519 0.0000000000
148705  -25.579  7.731  -33.373 0.0000000000
149976  -30.142  8.081  -28.336 0.0000000000
150005  -28.088  8.253  -30.056 0.0000000000
150024  -26.560  8.446  -32.061 0.0000000000
151312  -28.912  8.974  -29.226 0.0000000000
152674  -24.642  10.070  -34.606 0.0000000000
153908  -29.642  10.580  -29.263 0.0000000000
153935  -28.103  10.382  -30.185 0.0000000000
153992  -25.569  10.959  -33.107 0.0000000000
155209  -29.474  10.879  -29.445 0.0000000000
155292  -25.270  11.705  -33.790 0.0000000000
155322  -24.174  12.463  -35.673 0.0000000000
155334  -23.770  12.669  -35.939 0.0000000000
156552  -26.998  12.321  -31.491 0.0000000000
156553  -27.431  12.517  -31.190 0.0000000000
156576  -25.476  12.112  -33.597 0.0000000000
156588  -25.691  12.934  -33.744 0.0000000000
156599  -22.960  12.441  -35.713 0.0000000000
156613  -24.384  13.043  -35.623 0.0000000000
156614  -24.742  12.867  -35.223 0.0000000000
156624  -24.033  13.244  -35.913 0.0000000000
157821  -26.557  13.045  -32.464 0.0000000000
157881  -23.684  13.578  -36.129 0.0000000000
159077  -27.701  13.638  -31.801 0.0000000000
159092  -27.622  13.973  -32.172 0.0000000000
159112  -26.120  14.070  -33.386 0.0000000000
159134  -25.524  13.711  -34.284 0.0000000000
159159  -24.605  14.106  -35.907 0.0000000000
159169  -23.175  13.929  -36.492 0.0000000000
159180  -23.674  14.565  -36.925 0.0000000000
160382  -26.492  14.553  -33.323 0.0000000000
160437  -25.775  15.121  -34.849 0.0000000000
160453  -23.342  14.918  -37.137 0.0000000000
160462  -23.110  15.613  -37.045 0.0000000000
160464  -24.104  15.680  -37.657 0.0000000000
160473  -23.607  15.991  -37.752 0.0000000000
161541  -26.936  15.126  -33.530 0.0000000000
161560  -26.281  15.194  -34.204 0.0000000000
161580  -26.199  15.551  -34.659 0.0000000000
161608  -25.036  15.860  -36.417 0.0000000000
161626  -24.267  16.265  -37.634 0.0000000000
161634  -23.455  16.458  -37.405 0.0000000000
161636  -23.936  16.434  -38.081 0.0000000000
162730  -25.718  16.015  -35.630 0.0000000000
162732  -26.574  16.301  -35.125 0.0000000000
162755  -22.944  16.823  -36.741 0.0000000000
162757  -25.194  16.465  -36.573 0.0000000000
162766  -23.120  16.995  -37.123 0.0000000000
162767  -22.928  17.018  -36.922 0.0000000000
163835  -26.824  16.545  -35.148 0.0000000000
163849  -26.099  16.526  -35.694 0.0000000000
163878  -22.628  17.421  -36.408 0.0000000000
163879  -22.753  17.163  -36.659 0.0000000000
163891  -22.797  17.192  -36.860 0.0000000000
163909  -23.282  17.714  -38.527 0.0000000000
163911  -24.226  17.565  -39.019 0.0000000000
165044  -26.205  17.580  -36.401 0.0000000000
165056  -25.543  17.818  -37.084 0.0000000000
165068  -22.460  18.520  -37.184 0.0000000000
165071  -25.434  18.055  -37.577 0.0000000000
165084  -25.249  18.092  -38.052 0.0000000000
167447  -22.519  19.139  -38.054 0.0000000000
168589  -22.510  19.778  -38.436 0.0000000000
