#!ascii label  , from subject FS6EXPERT_subj01_ver10 vox2ras=TkReg
1377
111063  -21.992  -13.084  -22.737 0.4285714328
114309  -22.643  -11.755  -23.757 0.2857142985
114281  -22.931  -12.139  -23.106 0.4285714328
114282  -23.442  -11.886  -23.051 0.4285714328
114283  -24.239  -11.535  -22.978 0.4285714328
115821  -23.033  -11.152  -24.105 0.2857142985
115822  -23.555  -10.797  -24.017 0.4285714328
115823  -24.271  -10.471  -23.860 0.4285714328
117336  -23.356  -10.134  -25.152 0.4285714328
117337  -23.922  -9.950  -24.920 0.4285714328
118891  -23.828  -9.483  -25.679 0.4285714328
120416  -24.758  -8.668  -25.807 0.4285714328
120452  -23.970  -8.202  -26.930 0.5714285970
120436  -24.401  -8.444  -26.426 0.5714285970
120438  -25.918  -8.004  -25.904 0.2857142985
121908  -24.184  -7.638  -27.248 0.7142857313
121909  -24.996  -7.353  -26.955 0.7142857313
124747  -25.654  -6.015  -26.685 0.7142857313
124726  -26.433  -6.148  -26.166 0.4285714328
121910  -25.456  -6.883  -26.657 0.7142857313
123307  -25.998  -6.660  -26.299 0.5714285970
126159  -26.861  -4.966  -26.409 0.5714285970
126157  -25.361  -5.527  -27.131 0.5714285970
126158  -25.991  -5.146  -26.742 0.5714285970
127658  -26.011  -4.415  -26.978 0.5714285970
127660  -27.146  -4.353  -26.541 0.5714285970
126177  -25.464  -5.078  -27.164 0.5714285970
127661  -27.890  -4.275  -26.452 0.4285714328
130443  -27.038  -3.345  -26.961 0.5714285970
130461  -28.716  -2.449  -27.164 0.5714285970
129152  -25.734  -3.218  -28.061 0.7142857313
130460  -27.924  -2.564  -27.245 0.7142857313
131735  -28.253  -1.873  -27.498 0.7142857313
131736  -29.060  -1.772  -27.391 0.5714285970
129136  -26.549  -3.331  -27.204 0.5714285970
127707  -25.077  -3.981  -28.749 0.5714285970
131733  -26.904  -2.199  -27.753 0.8571428657
131737  -29.838  -1.750  -27.372 0.5714285970
130476  -26.081  -2.646  -28.202 0.7142857313
130494  -25.485  -2.831  -29.142 0.5714285970
134450  -29.079  -0.275  -27.667 0.7142857313
133009  -30.235  -1.021  -27.515 0.5714285970
133005  -27.061  -1.711  -27.911 0.7142857313
133007  -28.623  -1.092  -27.629 0.7142857313
135774  -29.588  0.532  -27.689 0.5714285970
133006  -27.710  -1.258  -27.861 0.7142857313
135775  -30.371  0.508  -27.643 0.5714285970
133024  -26.880  -1.168  -28.423 0.5714285970
133025  -27.533  -0.581  -28.165 0.7142857313
137177  -30.132  1.306  -27.702 0.7142857313
135791  -27.727  0.711  -28.419 0.7142857313
135773  -28.739  0.548  -27.767 0.7142857313
137175  -28.713  1.212  -27.949 0.7142857313
138538  -29.965  2.129  -27.683 0.7142857313
138539  -30.688  2.041  -27.675 0.5714285970
135792  -28.315  0.874  -28.055 0.7142857313
133042  -26.742  -0.665  -29.039 0.5714285970
139984  -30.526  2.844  -27.567 0.5714285970
141424  -31.057  3.568  -27.578 0.5714285970
137201  -27.766  1.556  -28.724 0.8571428657
135810  -27.393  1.004  -28.942 0.8571428657
141423  -30.363  3.635  -27.621 0.7142857313
141422  -29.718  3.753  -27.794 0.7142857313
138557  -28.208  2.259  -28.563 0.8571428657
139999  -28.563  2.861  -28.370 0.7142857313
144369  -28.641  5.232  -28.942 0.8571428657
144329  -30.062  4.969  -27.854 0.5714285970
142819  -28.837  4.351  -28.397 0.8571428657
141440  -28.379  4.014  -28.783 0.8571428657
141441  -28.673  3.573  -28.367 0.8571428657
145879  -28.380  6.190  -29.539 0.8571428657
147264  -28.648  6.739  -29.327 0.8571428657
148651  -27.795  7.544  -30.429 0.8571428657
142818  -28.611  4.732  -28.727 0.8571428657
147283  -27.909  6.780  -30.244 0.8571428657
147314  -27.160  6.811  -31.264 1.0000000000
147299  -27.531  6.846  -30.762 1.0000000000
144390  -28.267  5.454  -29.497 0.8571428657
148666  -27.331  7.601  -30.967 1.0000000000
145889  -27.634  6.110  -30.596 1.0000000000
150015  -26.878  8.464  -31.513 1.0000000000
151357  -25.906  9.165  -32.890 0.7142857313
148665  -26.996  7.899  -31.327 1.0000000000
148677  -26.719  7.670  -31.830 1.0000000000
151349  -26.711  9.188  -31.686 1.0000000000
155293  -25.519  11.684  -33.345 1.0000000000
153998  -25.077  10.982  -34.015 0.8571428657
156600  -24.990  12.661  -34.657 0.8571428657
161607  -24.673  15.317  -36.605 0.8571428657
160435  -24.892  14.609  -35.761 0.8571428657
159160  -25.025  14.110  -35.350 1.0000000000
162768  -24.670  16.636  -37.355 0.8571428657
162756  -24.969  16.549  -36.951 0.8571428657
162778  -24.308  16.831  -37.812 0.7142857313
160472  -23.274  15.958  -37.419 0.5714285970
163901  -23.551  17.192  -38.316 0.7142857313
163910  -23.702  17.516  -38.922 0.5714285970
165055  -22.536  18.070  -36.938 0.5714285970
162754  -22.845  16.784  -36.611 0.5714285970
165054  -22.405  18.308  -36.570 0.4285714328
167455  -22.481  19.534  -38.172 0.4285714328
167456  -22.675  19.370  -38.567 0.4285714328
167429  -22.825  19.772  -36.206 0.2857142985
167430  -23.237  20.229  -36.085 0.2857142985
168563  -23.614  20.721  -36.233 0.2857142985
129119  -26.659  -3.860  -26.873 0.5714285970
133008  -29.455  -1.036  -27.545 0.5714285970
142799  -30.211  4.354  -27.741 0.5714285970
138537  -29.301  2.261  -27.850 0.7142857313
139983  -29.827  2.953  -27.708 0.7142857313
144327  -29.282  4.925  -28.245 0.8571428657
145859  -29.128  6.143  -28.817 0.8571428657
147265  -29.066  6.685  -28.948 0.8571428657
148652  -28.231  7.455  -29.949 0.8571428657
152644  -26.111  10.008  -32.390 0.8571428657
169668  -25.198  21.205  -34.921 0.1428571492
114335  -21.994  -11.476  -24.560 0.2857142985
115850  -22.163  -10.986  -25.028 0.2857142985
115851  -22.936  -10.669  -24.782 0.2857142985
115852  -23.682  -10.308  -24.491 0.4285714328
118871  -24.879  -9.331  -24.790 0.4285714328
115870  -22.876  -10.337  -25.525 0.2857142985
118911  -24.153  -8.933  -26.067 0.4285714328
118893  -25.144  -8.902  -25.127 0.4285714328
118919  -22.911  -9.077  -26.615 0.5714285970
120453  -24.580  -7.992  -26.846 0.5714285970
121892  -25.623  -7.443  -26.365 0.4285714328
121926  -23.625  -7.228  -27.572 0.2857142985
121927  -24.367  -7.082  -27.636 0.7142857313
123328  -25.162  -6.471  -27.060 0.7142857313
124781  -24.807  -5.412  -28.090 0.5714285970
129122  -28.894  -3.665  -26.731 0.4285714328
127676  -25.254  -4.646  -27.741 0.7142857313
129134  -25.349  -4.275  -27.726 0.7142857313
129120  -27.411  -3.756  -26.678 0.7142857313
130444  -27.647  -3.152  -26.889 0.5714285970
130445  -28.419  -3.061  -26.868 0.4285714328
131734  -27.478  -2.066  -27.621 0.7142857313
129167  -25.434  -3.285  -28.772 0.5714285970
129168  -25.750  -2.948  -28.452 0.5714285970
135776  -31.074  0.482  -27.833 0.5714285970
131767  -25.934  -2.047  -28.990 0.5714285970
134452  -30.651  -0.267  -27.659 0.5714285970
134468  -27.732  0.007  -28.171 0.7142857313
134449  -28.200  -0.322  -27.848 0.7142857313
137178  -30.856  1.252  -27.787 0.5714285970
137203  -28.900  1.721  -28.026 0.7142857313
144350  -29.531  5.485  -28.251 0.5714285970
142835  -28.208  4.583  -29.285 1.0000000000
150004  -27.640  8.333  -30.563 1.0000000000
145901  -27.314  6.246  -31.051 1.0000000000
150034  -26.150  8.429  -32.574 0.8571428657
151367  -25.477  9.484  -33.360 0.7142857313
152654  -25.715  10.122  -32.973 1.0000000000
153984  -25.935  10.867  -32.542 1.0000000000
153991  -25.312  11.120  -33.544 0.7142857313
152653  -25.313  10.291  -33.593 0.7142857313
156587  -25.378  12.545  -33.976 0.8571428657
160444  -24.585  14.697  -36.349 0.8571428657
159147  -25.428  14.089  -34.687 1.0000000000
157862  -25.290  13.309  -34.402 1.0000000000
160474  -23.992  16.082  -37.950 0.7142857313
166295  -22.485  18.784  -37.610 0.7142857313
161625  -23.115  16.314  -36.975 0.5714285970
163900  -23.119  17.484  -37.793 0.7142857313
165082  -23.040  18.180  -38.336 0.7142857313
163877  -22.427  17.688  -35.948 0.4285714328
168561  -22.751  20.189  -36.884 0.2857142985
168580  -22.497  19.972  -38.092 0.4285714328
165093  -23.422  18.274  -39.140 0.4285714328
168590  -22.611  20.239  -38.796 0.4285714328
169694  -23.525  21.085  -36.875 0.2857142985
168581  -22.638  20.633  -38.023 0.4285714328
123359  -24.226  -6.402  -28.329 0.4285714328
124780  -24.386  -5.881  -28.317 0.4285714328
167446  -22.446  19.444  -37.627 0.4285714328
165069  -22.678  18.143  -37.470 0.7142857313
168571  -22.588  20.104  -37.478 0.2857142985
169704  -23.323  21.126  -37.244 0.2857142985
112638  -22.361  -12.428  -23.137 0.4285714328
114308  -21.841  -11.974  -24.146 0.2857142985
112662  -21.690  -12.386  -23.719 0.2857142985
114310  -23.479  -11.335  -23.541 0.4285714328
114336  -22.578  -11.242  -24.476 0.2857142985
117354  -23.142  -10.012  -25.781 0.2857142985
117355  -23.696  -9.735  -25.525 0.4285714328
117356  -24.110  -9.703  -25.163 0.4285714328
118892  -24.302  -9.327  -25.394 0.4285714328
117368  -22.937  -9.734  -26.191 0.4285714328
118920  -23.238  -8.912  -26.706 0.4285714328
121907  -23.487  -7.798  -27.286 0.2857142985
120437  -25.167  -8.053  -26.362 0.4285714328
123346  -24.913  -6.426  -27.556 0.5714285970
124765  -24.956  -5.947  -27.676 0.5714285970
127677  -25.546  -4.618  -27.298 0.5714285970
129135  -25.897  -3.806  -27.357 0.5714285970
129121  -28.152  -3.677  -26.640 0.4285714328
130459  -27.026  -2.756  -27.368 0.7142857313
130462  -29.478  -2.410  -27.141 0.5714285970
129151  -25.316  -3.815  -28.121 0.7142857313
130458  -26.260  -3.010  -27.628 0.7142857313
127694  -25.010  -4.588  -28.286 0.7142857313
131752  -26.524  -2.014  -28.168 0.5714285970
134451  -29.894  -0.263  -27.615 0.5714285970
133023  -26.291  -1.732  -28.646 0.7142857313
134467  -27.204  -0.170  -28.592 0.8571428657
135790  -27.184  0.468  -28.890 0.8571428657
142798  -29.644  4.466  -27.898 0.8571428657
145858  -28.732  6.015  -29.143 0.8571428657
140012  -27.828  3.225  -29.241 0.8571428657
145878  -28.020  5.981  -30.005 1.0000000000
148691  -26.312  7.742  -32.372 1.0000000000
161616  -24.595  15.930  -37.059 0.8571428657
161635  -23.728  16.483  -37.773 0.7142857313
162777  -23.866  16.835  -38.093 0.7142857313
162776  -23.559  16.963  -37.668 0.5714285970
163890  -22.817  17.428  -37.030 0.5714285970
165043  -22.275  18.095  -35.698 0.4285714328
166294  -22.429  18.961  -37.067 0.4285714328
166308  -22.749  18.710  -38.170 0.4285714328
167420  -23.491  20.020  -35.587 0.2857142985
166284  -22.436  19.125  -36.517 0.2857142985
169680  -24.202  21.066  -36.149 0.2857142985
169667  -24.883  21.081  -35.320 0.1428571492
115869  -22.325  -10.586  -25.572 0.2857142985
123344  -23.763  -6.668  -28.154 0.2857142985
174341  -22.854  24.145  -40.383 0.2857142985
176336  -22.933  25.488  -39.895 0.1428571492
172047  -22.831  22.836  -39.760 0.2857142985
172056  -22.743  22.626  -40.667 0.2857142985
174330  -23.185  24.204  -39.826 0.1428571492
176328  -23.093  25.622  -39.245 0.1428571492
170861  -23.211  22.069  -38.429 0.1428571492
170869  -22.752  21.969  -39.218 0.2857142985
172040  -23.428  22.976  -38.801 0.1428571492
170884  -23.409  21.750  -41.392 0.2857142985
167467  -26.118  19.440  -39.631 0.2857142985
167493  -24.907  19.563  -40.907 0.2857142985
175356  -23.564  25.043  -38.787 0.1428571492
168597  -22.888  20.270  -39.714 0.2857142985
166322  -25.214  18.692  -39.127 0.2857142985
169742  -23.087  20.624  -40.705 0.2857142985
170876  -22.694  21.873  -40.077 0.2857142985
166286  -26.404  18.481  -37.406 0.1428571492
166335  -25.171  19.045  -39.860 0.2857142985
166344  -24.102  19.174  -40.465 0.2857142985
174322  -23.622  24.244  -38.859 0.1428571492
166333  -23.705  18.947  -40.005 0.2857142985
169741  -22.870  20.998  -40.401 0.2857142985
163870  -28.788  17.064  -36.402 0.1428571492
165046  -27.455  17.834  -36.777 0.1428571492
166310  -25.956  18.884  -38.511 0.4285714328
165094  -24.029  17.885  -39.408 0.2857142985
162713  -26.859  16.238  -34.681 0.2857142985
163882  -25.752  17.574  -36.625 0.4285714328
165083  -24.888  17.779  -38.227 0.2857142985
166320  -23.052  18.831  -38.831 0.2857142985
161563  -28.237  15.745  -33.901 0.1428571492
163867  -26.628  17.215  -36.023 0.2857142985
165070  -25.124  17.771  -37.768 0.4285714328
162745  -25.875  16.379  -35.779 0.5714285970
163880  -25.049  16.947  -37.100 0.7142857313
160384  -27.670  14.935  -33.018 0.1428571492
161562  -27.562  15.754  -33.834 0.1428571492
163881  -25.293  17.122  -36.845 0.7142857313
163902  -24.339  17.295  -38.432 0.4285714328
162712  -26.478  16.009  -34.866 0.4285714328
159078  -28.056  13.770  -31.776 0.2857142985
159091  -27.032  14.061  -32.577 0.7142857313
162744  -25.502  16.292  -36.101 0.7142857313
157851  -25.580  13.335  -33.997 0.8571428657
160405  -26.236  14.799  -33.796 0.8571428657
161598  -25.752  15.570  -35.240 0.5714285970
157784  -28.550  12.945  -30.976 0.2857142985
157807  -28.326  13.398  -31.414 0.2857142985
160423  -25.932  14.858  -34.377 0.7142857313
159170  -23.953  14.171  -36.494 0.5714285970
160422  -25.661  14.679  -34.738 0.8571428657
156529  -28.746  12.299  -30.460 0.1428571492
157822  -26.990  13.390  -32.147 0.7142857313
156504  -29.224  11.918  -30.103 0.1428571492
144431  -26.097  4.656  -32.837 0.5714285970
147313  -26.839  6.836  -31.796 0.8571428657
147326  -26.469  6.981  -32.347 0.8571428657
145928  -26.361  6.423  -32.648 0.4285714328
148690  -25.954  7.739  -32.845 0.5714285970
155285  -25.816  11.698  -32.811 0.8571428657
153975  -26.787  10.665  -31.487 0.8571428657
156577  -25.827  12.496  -33.361 0.8571428657
155230  -28.665  11.482  -30.050 0.2857142985
155273  -26.775  11.583  -31.536 0.8571428657
156566  -26.227  12.448  -32.629 0.8571428657
159148  -25.715  14.434  -34.465 0.8571428657
155210  -29.780  11.022  -29.437 0.4285714328
155254  -27.350  11.576  -30.942 0.7142857313
157805  -27.159  12.943  -31.636 0.7142857313
142890  -25.587  3.992  -32.894 0.2857142985
145900  -26.973  5.998  -31.606 0.5714285970
144432  -26.577  5.224  -32.270 0.5714285970
148678  -27.011  7.360  -31.437 0.8571428657
152637  -26.908  9.917  -31.325 0.8571428657
152645  -26.517  9.955  -31.832 0.8571428657
153985  -26.398  10.785  -31.995 0.8571428657
155286  -26.251  11.653  -32.203 0.8571428657
153936  -28.624  10.624  -29.828 0.4285714328
153960  -27.717  10.695  -30.588 0.8571428657
155253  -26.960  11.120  -31.202 0.8571428657
152617  -29.333  10.110  -29.249 0.4285714328
134518  -25.950  -0.034  -30.861 0.7142857313
135891  -25.404  0.744  -31.404 0.4285714328
134504  -26.623  0.121  -29.780 0.7142857313
138581  -26.970  1.938  -30.208 0.8571428657
138623  -26.426  2.124  -31.412 0.5714285970
140060  -26.362  2.503  -31.976 0.5714285970
140071  -25.230  2.517  -32.657 0.4285714328
140029  -27.152  2.853  -30.213 0.8571428657
141482  -26.919  3.655  -31.161 0.5714285970
142891  -26.379  4.110  -32.414 0.5714285970
142846  -27.720  4.637  -30.094 0.8571428657
142873  -27.127  4.909  -31.258 0.7142857313
142872  -26.882  4.399  -31.562 0.5714285970
149989  -28.575  8.112  -29.495 0.7142857313
151342  -27.487  9.118  -30.696 0.7142857313
152628  -27.345  9.895  -30.863 0.8571428657
149977  -30.853  8.190  -28.265 0.2857142985
151313  -29.564  8.993  -28.749 0.4285714328
152589  -29.275  9.577  -29.128 0.5714285970
131786  -25.722  -1.992  -29.595 0.4285714328
133062  -25.799  -1.190  -30.236 0.4285714328
134517  -25.414  -0.132  -31.013 0.4285714328
138556  -27.739  2.263  -29.060 0.7142857313
137225  -27.377  1.539  -29.302 0.7142857313
141452  -27.786  4.086  -29.710 0.8571428657
147251  -29.516  6.534  -28.517 0.7142857313
148626  -30.502  7.425  -28.086 0.2857142985
148625  -29.838  7.310  -28.357 0.5714285970
148638  -28.953  7.480  -29.085 0.5714285970
130513  -25.639  -2.435  -29.218 0.4285714328
131784  -24.348  -2.051  -30.237 0.5714285970
134484  -26.470  -0.574  -29.672 0.5714285970
134503  -26.257  -0.197  -30.348 0.5714285970
144330  -30.616  4.962  -27.742 0.4285714328
147241  -30.594  6.112  -27.788 0.4285714328
147253  -30.876  6.771  -27.849 0.4285714328
147252  -30.166  6.588  -28.080 0.4285714328
126203  -24.229  -4.842  -28.797 0.5714285970
133010  -30.956  -1.029  -27.709 0.4285714328
141443  -32.253  3.479  -28.319 0.4285714328
139985  -31.245  2.766  -27.643 0.4285714328
141454  -32.633  3.412  -28.929 0.4285714328
142820  -31.514  4.304  -27.730 0.4285714328
118894  -25.789  -8.671  -25.028 0.1428571492
137179  -31.493  1.212  -28.044 0.4285714328
138559  -31.937  1.930  -28.244 0.4285714328
140001  -32.343  2.661  -28.550 0.4285714328
121893  -26.588  -7.507  -25.819 0.1428571492
123308  -26.822  -6.686  -25.955 0.1428571492
126161  -28.369  -4.831  -26.307 0.2857142985
130465  -31.568  -2.580  -28.186 0.2857142985
133063  -32.532  -0.891  -30.104 0.2857142985
133026  -32.017  -0.939  -28.588 0.2857142985
130463  -30.197  -2.464  -27.269 0.4285714328
134486  -32.526  -0.202  -29.968 0.2857142985
134469  -32.198  -0.219  -28.858 0.2857142985
131739  -31.280  -1.807  -27.839 0.2857142985
135811  -32.531  0.459  -29.793 0.2857142985
135794  -32.346  0.465  -29.197 0.4285714328
120419  -26.847  -8.076  -25.280 0.1428571492
121875  -26.936  -7.748  -25.505 0.1428571492
120417  -25.476  -8.428  -25.591 0.1428571492
123309  -27.559  -6.592  -25.805 0.2857142985
124728  -27.845  -5.983  -25.878 0.2857142985
127664  -30.013  -4.324  -26.878 0.2857142985
129138  -31.307  -3.482  -27.957 0.2857142985
130448  -30.397  -3.102  -27.287 0.2857142985
129123  -29.593  -3.679  -26.890 0.2857142985
130464  -30.904  -2.693  -27.592 0.2857142985
121876  -27.371  -7.633  -25.394 0.1428571492
124748  -29.867  -5.562  -26.245 0.2857142985
123310  -28.313  -6.523  -25.680 0.2857142985
126142  -29.421  -5.314  -26.246 0.2857142985
124729  -28.616  -5.916  -25.868 0.2857142985
124727  -27.097  -6.064  -25.968 0.2857142985
126162  -29.073  -4.864  -26.449 0.2857142985
114311  -24.032  -10.984  -23.476 0.2857142985
118872  -25.825  -9.203  -24.359 0.1428571492
117338  -24.483  -9.692  -24.766 0.2857142985
120396  -26.425  -8.597  -24.779 0.1428571492
111047  -23.265  -13.158  -22.164 0.2857142985
111046  -22.526  -13.324  -22.186 0.2857142985
117314  -25.397  -9.930  -23.851 0.2857142985
112619  -23.723  -12.949  -22.198 0.1428571492
109632  -22.286  -13.814  -21.902 0.2857142985
109601  -22.134  -14.195  -21.733 0.1428571492
123311  -29.106  -6.443  -25.632 0.2857142985
126163  -29.822  -5.001  -26.543 0.2857142985
129124  -30.218  -3.679  -27.109 0.2857142985
131754  -32.180  -1.555  -28.921 0.2857142985
131738  -30.593  -1.791  -27.477 0.4285714328
134453  -31.325  -0.271  -27.906 0.4285714328
134470  -32.392  -0.179  -29.413 0.2857142985
137245  -32.832  1.143  -30.287 0.2857142985
135865  -26.426  0.813  -30.834 0.7142857313
138583  -32.565  1.786  -29.336 0.4285714328
142857  -27.028  4.154  -31.079 0.5714285970
145825  -30.384  5.516  -27.791 0.4285714328
147254  -31.667  6.672  -27.921 0.2857142985
148627  -31.251  7.497  -28.041 0.2857142985
151291  -29.883  8.517  -28.519 0.5714285970
157873  -25.052  13.424  -34.970 0.7142857313
152615  -28.222  9.792  -29.920 0.7142857313
160463  -23.520  15.402  -37.562 0.4285714328
160454  -24.144  14.970  -37.114 0.5714285970
160445  -24.947  15.189  -36.007 0.7142857313
152590  -29.916  9.992  -29.065 0.2857142985
157835  -26.261  13.299  -32.997 0.8571428657
160436  -25.338  14.894  -35.277 0.8571428657
157806  -27.710  13.271  -31.501 0.5714285970
165105  -23.597  18.669  -39.556 0.2857142985
162696  -27.297  16.141  -34.239 0.4285714328
163850  -26.470  16.661  -35.544 0.4285714328
175347  -23.958  24.875  -38.025 0.1428571492
166298  -26.511  18.805  -37.934 0.2857142985
165058  -26.893  18.217  -37.118 0.1428571492
168614  -23.732  20.312  -41.338 0.2857142985
112620  -24.183  -12.727  -22.188 0.1428571492
112637  -21.579  -12.756  -23.298 0.2857142985
114284  -25.251  -11.649  -22.643 0.1428571492
117340  -25.576  -9.577  -24.030 0.1428571492
117313  -24.763  -10.036  -24.128 0.2857142985
121877  -28.377  -7.766  -25.024 0.1428571492
123292  -28.769  -7.064  -25.387 0.1428571492
126139  -27.350  -5.447  -26.060 0.2857142985
126141  -28.846  -5.354  -26.133 0.2857142985
127663  -29.344  -4.304  -26.683 0.2857142985
129153  -31.805  -3.363  -28.723 0.2857142985
127662  -28.627  -4.269  -26.545 0.2857142985
130478  -32.035  -2.371  -28.866 0.2857142985
131785  -25.129  -2.067  -30.073 0.5714285970
130446  -29.167  -3.045  -26.942 0.2857142985
130447  -29.851  -3.063  -27.087 0.2857142985
133072  -24.401  -0.816  -30.678 0.2857142985
137269  -32.874  0.768  -30.646 0.2857142985
138624  -33.089  1.976  -31.032 0.2857142985
135836  -26.635  0.646  -30.234 0.7142857313
135809  -26.994  0.741  -29.457 0.5714285970
138638  -25.244  1.572  -31.937 0.4285714328
137268  -26.254  1.365  -31.211 0.5714285970
138605  -32.786  1.787  -29.850 0.4285714328
142909  -24.862  4.385  -33.232 0.2857142985
141516  -26.039  3.067  -32.676 0.5714285970
140013  -32.707  2.588  -29.263 0.2857142985
138540  -31.375  1.976  -27.848 0.4285714328
140028  -26.984  3.173  -30.739 0.7142857313
142910  -25.580  4.708  -33.134 0.2857142985
142837  -32.897  4.130  -29.360 0.1428571492
144371  -32.464  5.134  -28.436 0.4285714328
144352  -31.889  5.078  -27.931 0.4285714328
145860  -32.872  6.132  -28.767 0.1428571492
151341  -27.071  9.166  -31.167 0.8571428657
147255  -32.425  6.857  -28.335 0.1428571492
149975  -29.493  7.995  -28.620 0.5714285970
151292  -30.420  8.952  -28.528 0.2857142985
152616  -28.795  9.823  -29.441 0.5714285970
155255  -28.094  11.573  -30.476 0.7142857313
157852  -25.837  13.384  -33.560 0.8571428657
155232  -30.149  11.428  -29.706 0.2857142985
156505  -29.833  11.893  -30.103 0.1428571492
169714  -23.090  21.306  -37.881 0.2857142985
156528  -27.991  12.347  -30.786 0.4285714328
155231  -29.342  11.274  -29.698 0.4285714328
157785  -29.294  12.951  -30.963 0.1428571492
160406  -26.681  14.955  -33.548 0.5714285970
157808  -28.990  13.423  -31.455 0.1428571492
160364  -28.010  14.603  -32.556 0.1428571492
161543  -27.936  15.409  -33.394 0.1428571492
173201  -23.725  23.625  -38.542 0.1428571492
161581  -26.555  15.858  -34.532 0.5714285970
160385  -28.325  14.981  -33.050 0.1428571492
162697  -27.895  16.121  -34.272 0.1428571492
166296  -25.484  18.293  -37.883 0.2857142985
165057  -26.114  18.122  -36.995 0.2857142985
163851  -27.145  16.911  -35.423 0.2857142985
162734  -28.109  16.729  -35.315 0.1428571492
163853  -28.341  17.009  -35.840 0.1428571492
163869  -28.059  17.478  -36.336 0.1428571492
167457  -26.241  19.263  -38.978 0.2857142985
167458  -26.737  19.386  -39.197 0.2857142985
166312  -27.352  19.206  -38.835 0.1428571492
165073  -27.787  18.707  -38.058 0.1428571492
114266  -25.532  -12.133  -22.291 0.1428571492
120397  -27.222  -8.519  -24.633 0.1428571492
131787  -32.489  -1.695  -30.228 0.2857142985
151293  -31.239  8.878  -28.424 0.2857142985
165060  -28.546  17.859  -37.541 0.1428571492
167468  -26.818  19.577  -39.874 0.2857142985
112636  -21.254  -12.853  -23.382 0.2857142985
112639  -23.328  -12.579  -22.590 0.2857142985
112640  -24.133  -12.144  -22.560 0.1428571492
112641  -24.660  -11.926  -22.596 0.1428571492
115787  -24.738  -10.974  -23.233 0.1428571492
115824  -25.084  -10.409  -23.556 0.1428571492
120418  -26.140  -8.311  -25.376 0.1428571492
126138  -26.624  -5.577  -26.243 0.4285714328
126160  -27.622  -4.864  -26.275 0.2857142985
134485  -26.835  -0.008  -29.220 0.5714285970
133041  -26.261  -1.344  -29.233 0.4285714328
141442  -31.723  3.522  -27.834 0.4285714328
141453  -27.975  3.711  -29.242 0.7142857313
151331  -27.865  9.055  -30.165 0.7142857313
144402  -27.663  5.338  -30.425 0.8571428657
144417  -27.303  5.478  -31.057 0.8571428657
150016  -27.224  8.429  -31.029 0.8571428657
151358  -26.330  9.194  -32.237 0.8571428657
161617  -24.945  16.204  -36.747 0.7142857313
163892  -24.855  17.268  -37.607 0.5714285970
165095  -24.664  17.989  -38.975 0.2857142985
145841  -29.792  5.973  -28.234 0.4285714328
126190  -24.549  -5.026  -28.530 0.5714285970
135777  -31.667  0.465  -28.164 0.4285714328
144416  -26.978  5.198  -31.553 0.5714285970
159135  -25.768  14.103  -34.048 0.8571428657
169723  -22.712  21.254  -38.613 0.2857142985
166332  -23.343  18.971  -39.444 0.2857142985
169732  -22.696  21.100  -39.476 0.2857142985
139997  -27.704  2.828  -29.290 0.8571428657
175373  -22.958  24.856  -40.191 0.1428571492
173218  -22.948  23.628  -39.975 0.2857142985
175355  -23.316  25.201  -39.161 0.1428571492
170883  -23.030  21.735  -40.820 0.2857142985
173219  -23.247  23.491  -39.445 0.1428571492
172039  -23.025  22.579  -39.083 0.1428571492
169751  -23.022  21.250  -40.760 0.2857142985
167466  -25.558  19.169  -39.603 0.2857142985
166345  -24.550  19.248  -40.530 0.2857142985
174313  -23.922  24.276  -38.375 0.1428571492
166334  -24.551  18.798  -39.898 0.2857142985
166323  -25.802  19.126  -39.152 0.2857142985
166309  -25.471  18.450  -38.292 0.2857142985
168605  -23.168  20.252  -40.364 0.2857142985
167478  -23.613  19.723  -40.578 0.2857142985
165072  -25.718  18.146  -37.310 0.2857142985
166299  -27.260  18.906  -38.079 0.1428571492
165059  -27.677  18.342  -37.530 0.1428571492
163883  -28.519  17.511  -36.894 0.1428571492
163868  -27.300  17.388  -36.130 0.1428571492
166311  -26.668  19.163  -38.546 0.1428571492
162714  -27.553  16.518  -34.844 0.1428571492
163865  -25.452  16.717  -36.399 0.5714285970
163866  -25.905  16.915  -36.141 0.4285714328
163893  -25.231  17.623  -37.369 0.5714285970
162698  -28.280  16.018  -34.283 0.1428571492
161542  -27.301  15.274  -33.457 0.1428571492
165045  -26.763  17.778  -36.531 0.2857142985
163852  -27.769  17.103  -35.693 0.2857142985
162731  -26.155  16.122  -35.323 0.5714285970
161597  -25.361  15.653  -35.762 0.7142857313
160383  -27.007  14.706  -33.114 0.4285714328
161561  -26.759  15.534  -34.005 0.5714285970
157823  -27.426  13.462  -31.830 0.5714285970
157836  -26.666  13.583  -32.612 0.7142857313
159113  -26.584  14.058  -32.984 0.7142857313
157783  -27.965  12.966  -31.080 0.5714285970
156567  -26.660  12.500  -31.975 0.8571428657
145912  -26.639  6.221  -32.253 0.5714285970
147339  -25.862  7.031  -33.116 0.4285714328
144448  -26.377  5.896  -32.703 0.4285714328
153959  -27.147  10.644  -31.036 0.8571428657
153961  -28.226  10.958  -30.214 0.4285714328
153937  -29.178  10.567  -29.456 0.5714285970
155274  -27.107  12.009  -31.257 0.8571428657
152629  -27.751  9.829  -30.370 0.7142857313
133073  -25.139  -0.707  -30.686 0.5714285970
135864  -25.858  0.511  -31.173 0.4285714328
137244  -26.706  1.395  -30.528 0.7142857313
138604  -27.043  2.336  -30.200 0.7142857313
138639  -25.883  1.724  -31.806 0.4285714328
141500  -26.650  3.410  -31.895 0.5714285970
140072  -25.738  2.218  -32.316 0.4285714328
138649  -24.612  2.194  -32.363 0.2857142985
141466  -27.088  3.642  -30.759 0.7142857313
142858  -27.306  4.573  -30.845 0.8571428657
149990  -29.093  8.311  -29.037 0.5714285970
151332  -28.330  9.006  -29.641 0.7142857313
145842  -31.532  5.753  -27.809 0.4285714328
148628  -31.977  7.553  -28.230 0.2857142985
133011  -31.553  -1.007  -28.103 0.2857142985
135793  -32.099  0.460  -28.632 0.4285714328
140000  -31.872  2.713  -28.003 0.4285714328
142821  -32.112  4.299  -28.119 0.4285714328
137205  -32.325  1.148  -28.981 0.4285714328
126140  -28.115  -5.377  -26.027 0.2857142985
131753  -31.787  -1.715  -28.399 0.2857142985
133043  -32.484  -0.717  -29.603 0.2857142985
137226  -32.554  1.131  -29.566 0.4285714328
129137  -30.762  -3.599  -27.452 0.2857142985
123291  -27.947  -7.119  -25.501 0.1428571492
124730  -29.421  -5.849  -25.966 0.2857142985
109634  -23.579  -13.641  -21.762 0.1428571492
109633  -22.942  -13.675  -21.801 0.1428571492
111049  -24.818  -13.060  -21.842 0.1428571492
145843  -32.209  5.944  -28.118 0.2857142985
173202  -24.061  23.596  -38.022 0.1428571492
172032  -24.146  22.931  -37.667 0.1428571492
155335  -24.060  12.915  -35.849 0.5714285970
155309  -23.897  11.742  -35.588 0.4285714328
155323  -24.487  12.598  -35.395 0.5714285970
154006  -24.217  10.992  -35.206 0.4285714328
157872  -24.722  13.516  -35.518 0.4285714328
151366  -25.099  9.275  -33.951 0.4285714328
152662  -24.942  10.151  -34.228 0.4285714328
152673  -24.337  10.227  -34.887 0.4285714328
154007  -24.657  10.882  -34.608 0.5714285970
155299  -25.014  11.787  -34.370 0.5714285970
155310  -24.615  11.984  -35.151 0.5714285970
150033  -25.834  8.328  -33.051 0.5714285970
134558  -32.848  -0.489  -32.499 0.1428571492
134519  -32.826  -0.235  -31.365 0.1428571492
135892  -32.861  0.532  -32.018 0.1428571492
121906  -22.767  -7.752  -27.121 0.2857142985
131768  -32.444  -1.453  -29.514 0.1428571492
131840  -33.882  -1.474  -33.161 0.1428571492
133108  -32.767  -1.269  -32.216 0.1428571492
134560  -34.365  -0.357  -32.622 0.1428571492
133136  -33.397  -1.097  -33.332 0.1428571492
134538  -34.672  -0.331  -31.954 0.1428571492
120450  -22.658  -8.545  -26.825 0.2857142985
129169  -32.048  -3.476  -29.635 0.1428571492
130520  -32.508  -2.682  -31.168 0.1428571492
130497  -32.321  -2.439  -29.611 0.1428571492
131816  -32.934  -1.966  -32.422 0.1428571492
131805  -34.721  -1.883  -31.512 0.1428571492
131817  -33.457  -1.849  -33.007 0.1428571492
134487  -34.329  -0.442  -29.128 0.1428571492
134506  -34.637  -0.468  -30.445 0.1428571492
135812  -34.346  0.403  -29.582 0.1428571492
120434  -22.566  -8.932  -26.659 0.2857142985
120432  -21.577  -8.528  -26.146 0.2857142985
126178  -30.756  -5.031  -27.461 0.1428571492
126179  -31.114  -5.082  -28.051 0.1428571492
127695  -31.405  -4.277  -28.376 0.1428571492
127678  -30.564  -4.319  -27.231 0.1428571492
129189  -32.557  -3.549  -31.385 0.1428571492
127718  -32.014  -4.157  -30.364 0.1428571492
130540  -34.272  -2.599  -32.409 0.1428571492
133045  -34.535  -1.229  -29.575 0.1428571492
133044  -34.252  -1.238  -28.865 0.1428571492
117367  -22.478  -9.648  -26.367 0.2857142985
118890  -21.718  -9.543  -25.911 0.2857142985
117352  -21.677  -10.074  -25.717 0.2857142985
124731  -30.098  -6.001  -26.083 0.1428571492
124767  -31.058  -5.875  -27.538 0.1428571492
126192  -31.458  -5.095  -28.711 0.1428571492
127729  -32.726  -4.424  -31.560 0.1428571492
127717  -31.815  -4.399  -29.888 0.1428571492
129211  -34.586  -3.249  -32.234 0.1428571492
131788  -34.700  -1.991  -30.083 0.1428571492
130529  -34.884  -2.642  -31.351 0.1428571492
135778  -34.069  0.327  -27.697 0.1428571492
134471  -34.096  -0.468  -28.328 0.1428571492
123312  -29.896  -6.437  -25.730 0.1428571492
123330  -30.918  -6.250  -26.598 0.1428571492
123313  -30.752  -6.504  -26.058 0.1428571492
124782  -31.367  -5.846  -28.294 0.1428571492
123331  -31.541  -6.706  -26.863 0.1428571492
124809  -32.280  -5.948  -30.772 0.1428571492
126224  -33.023  -5.273  -31.454 0.1428571492
126214  -31.736  -5.210  -30.100 0.1428571492
127742  -34.386  -3.951  -32.068 0.1428571492
131770  -34.497  -2.024  -29.325 0.1428571492
130521  -34.927  -2.739  -30.641 0.1428571492
133028  -34.063  -1.281  -28.124 0.1428571492
131769  -34.212  -1.991  -28.630 0.1428571492
123294  -30.374  -6.913  -25.368 0.1428571492
123348  -32.074  -6.896  -27.528 0.1428571492
123332  -32.216  -7.102  -27.187 0.1428571492
123360  -31.657  -6.535  -28.560 0.1428571492
123347  -31.631  -6.479  -27.823 0.1428571492
124750  -30.917  -6.043  -26.934 0.1428571492
126225  -33.737  -5.384  -31.520 0.1428571492
124810  -32.731  -6.340  -30.867 0.1428571492
127732  -34.839  -4.486  -31.637 0.1428571492
129200  -35.276  -3.955  -30.793 0.1428571492
127731  -34.134  -4.623  -31.772 0.1428571492
130515  -34.799  -2.818  -29.852 0.1428571492
127743  -34.833  -3.699  -31.869 0.1428571492
121913  -32.804  -7.798  -27.253 0.1428571492
121911  -31.953  -7.278  -26.229 0.1428571492
123314  -31.472  -7.043  -25.961 0.1428571492
121952  -32.284  -7.386  -29.231 0.1428571492
121941  -32.450  -7.442  -28.476 0.1428571492
124815  -33.284  -6.225  -31.096 0.1428571492
123380  -32.249  -6.957  -30.172 0.1428571492
129190  -35.097  -3.500  -30.444 0.1428571492
126227  -35.136  -5.415  -31.365 0.1428571492
123370  -32.040  -7.017  -28.747 0.1428571492
124802  -31.650  -5.924  -29.739 0.1428571492
126220  -31.998  -5.223  -30.659 0.1428571492
127679  -30.991  -4.304  -27.751 0.1428571492
134455  -34.032  -0.557  -27.486 0.1428571492
131819  -34.526  -1.861  -32.174 0.1428571492
133064  -34.665  -1.211  -30.285 0.1428571492
133075  -32.606  -1.003  -30.800 0.1428571492
134588  -33.236  -0.245  -33.790 0.1428571492
135753  -34.123  0.217  -26.704 0.1428571492
150046  -25.056  8.423  -33.947 0.4285714328
135795  -34.173  0.366  -28.601 0.1428571492
135928  -32.549  0.621  -33.485 0.1428571492
137292  -32.919  1.155  -31.917 0.1428571492
156623  -23.602  13.059  -36.098 0.4285714328
167469  -27.545  19.482  -40.000 0.1428571492
157882  -24.226  13.624  -35.880 0.4285714328
117353  -22.383  -10.028  -26.099 0.2857142985
167481  -26.252  19.735  -40.488 0.1428571492
134536  -32.734  -0.536  -31.903 0.1428571492
126164  -30.440  -4.975  -26.913 0.1428571492
123293  -29.573  -6.942  -25.327 0.1428571492
124749  -30.463  -5.725  -26.540 0.1428571492
130496  -32.085  -2.923  -29.190 0.1428571492
140047  -33.146  2.635  -30.733 0.1428571492
141468  -33.051  3.182  -29.867 0.1428571492
131795  -32.562  -1.830  -30.984 0.1428571492
133087  -32.666  -1.098  -31.583 0.1428571492
134537  -32.858  -0.037  -31.999 0.1428571492
133137  -33.827  -1.034  -33.274 0.1428571492
133111  -34.475  -1.100  -32.417 0.1428571492
131818  -34.134  -1.830  -32.798 0.1428571492
131804  -32.665  -1.941  -31.736 0.1428571492
133088  -34.662  -1.119  -31.709 0.1428571492
134559  -34.021  -0.266  -33.199 0.1428571492
135893  -34.524  0.362  -32.280 0.1428571492
134521  -34.672  -0.344  -31.149 0.1428571492
129181  -32.264  -3.462  -30.494 0.1428571492
130514  -32.437  -2.526  -30.409 0.1428571492
130528  -32.763  -2.744  -31.936 0.1428571492
133076  -34.691  -1.161  -30.984 0.1428571492
131796  -34.776  -1.935  -30.813 0.1428571492
129209  -33.500  -3.062  -32.429 0.1428571492
134488  -34.558  -0.492  -29.831 0.1428571492
124766  -30.732  -5.534  -27.073 0.1428571492
127708  -31.673  -4.293  -29.129 0.1428571492
127725  -32.230  -4.385  -30.882 0.1428571492
129197  -33.158  -3.555  -32.095 0.1428571492
127724  -31.859  -4.664  -30.420 0.1428571492
130541  -34.670  -2.569  -31.950 0.1428571492
129210  -33.891  -3.406  -32.355 0.1428571492
126204  -31.605  -5.138  -29.437 0.1428571492
124793  -31.532  -5.887  -29.018 0.1428571492
129198  -33.591  -3.882  -32.100 0.1428571492
126221  -32.410  -5.198  -31.168 0.1428571492
129199  -35.159  -3.581  -31.251 0.1428571492
123295  -31.099  -7.117  -25.481 0.1428571492
123361  -32.144  -6.921  -28.143 0.1428571492
124808  -31.893  -5.886  -30.333 0.1428571492
124814  -32.712  -5.819  -31.133 0.1428571492
123386  -32.102  -6.311  -30.443 0.1428571492
121929  -32.588  -7.502  -27.654 0.1428571492
123369  -31.777  -6.690  -29.316 0.1428571492
126226  -34.471  -5.435  -31.573 0.1428571492
129191  -35.283  -4.147  -30.383 0.1428571492
121951  -32.107  -7.052  -29.721 0.1428571492
109629  -19.786  -14.038  -22.387 0.1428571492
109649  -20.948  -13.714  -22.798 0.1428571492
111043  -19.229  -13.249  -22.370 0.1428571492
109650  -21.532  -13.515  -22.608 0.1428571492
111061  -20.325  -13.163  -23.233 0.1428571492
112661  -20.977  -12.642  -23.645 0.1428571492
114307  -21.131  -12.064  -24.146 0.1428571492
114333  -20.757  -11.495  -24.276 0.1428571492
115848  -20.785  -10.957  -24.488 0.1428571492
114334  -21.280  -11.545  -24.530 0.1428571492
115868  -21.689  -10.621  -25.419 0.1428571492
115819  -19.741  -11.000  -23.627 0.1428571492
117312  -20.442  -10.579  -24.324 0.1428571492
115849  -21.335  -10.908  -24.948 0.1428571492
117335  -21.224  -10.102  -25.180 0.1428571492
120395  -20.316  -8.864  -24.997 0.1428571492
120414  -20.473  -8.519  -25.332 0.1428571492
120415  -21.047  -8.531  -25.767 0.1428571492
121889  -21.043  -7.802  -26.091 0.2857142985
121890  -21.719  -7.933  -26.406 0.1428571492
121905  -22.201  -7.963  -26.771 0.1428571492
121925  -23.100  -7.328  -27.337 0.1428571492
123305  -21.413  -7.233  -26.451 0.2857142985
129165  -24.099  -3.785  -29.373 0.4285714328
129179  -25.214  -3.085  -29.298 0.4285714328
130511  -24.579  -2.807  -29.761 0.4285714328
147354  -25.434  7.019  -33.564 0.2857142985
150047  -25.482  8.618  -33.497 0.2857142985
154003  -22.284  10.998  -34.881 0.2857142985
155308  -23.134  11.905  -35.311 0.2857142985
155321  -23.519  12.295  -35.744 0.2857142985
156612  -23.244  12.692  -35.995 0.4285714328
118907  -21.487  -9.031  -25.901 0.1428571492
123304  -20.470  -6.864  -26.298 0.1428571492
123306  -21.864  -7.501  -26.625 0.2857142985
112660  -20.233  -12.416  -23.474 0.1428571492
115820  -20.357  -10.999  -24.104 0.1428571492
118868  -20.313  -9.315  -24.746 0.1428571492
121874  -20.639  -8.018  -25.728 0.1428571492
121888  -20.493  -7.539  -25.925 0.1428571492
123325  -21.151  -6.595  -26.750 0.2857142985
123327  -22.731  -7.161  -27.202 0.2857142985
123326  -22.078  -6.930  -27.005 0.2857142985
123342  -22.325  -6.401  -27.474 0.2857142985
123343  -22.884  -6.756  -27.606 0.2857142985
123358  -23.976  -6.269  -28.443 0.2857142985
126189  -23.822  -5.112  -28.738 0.4285714328
127692  -23.220  -4.650  -28.843 0.4285714328
129150  -22.757  -3.768  -29.083 0.2857142985
145926  -25.519  5.922  -33.390 0.2857142985
147353  -24.949  7.005  -33.827 0.2857142985
148717  -25.205  7.480  -33.721 0.2857142985
148715  -24.253  7.692  -34.495 0.2857142985
150060  -24.651  8.562  -34.500 0.2857142985
151379  -24.814  9.470  -34.565 0.2857142985
152671  -23.226  10.210  -35.163 0.2857142985
152661  -22.090  10.195  -34.679 0.2857142985
154004  -22.895  11.040  -35.100 0.2857142985
124763  -23.084  -6.248  -28.101 0.2857142985
145939  -25.198  6.428  -33.657 0.2857142985
147352  -24.426  7.039  -34.092 0.2857142985
145938  -24.618  6.414  -33.829 0.2857142985
148723  -23.917  8.006  -34.863 0.2857142985
151378  -22.579  9.185  -34.434 0.2857142985
150066  -24.004  8.724  -35.021 0.2857142985
151391  -24.130  9.574  -34.941 0.2857142985
151388  -22.450  9.667  -34.659 0.2857142985
152672  -23.875  10.213  -35.208 0.2857142985
148714  -23.581  7.606  -34.501 0.2857142985
148713  -22.904  7.947  -34.346 0.2857142985
150065  -23.307  8.830  -34.823 0.2857142985
127705  -23.736  -4.377  -29.045 0.4285714328
129166  -24.832  -3.541  -29.361 0.4285714328
124779  -23.527  -5.898  -28.407 0.4285714328
111083  -20.764  -12.997  -23.454 0.1428571492
154005  -23.541  11.017  -35.315 0.2857142985
151390  -23.590  9.497  -34.951 0.2857142985
118889  -21.129  -9.305  -25.468 0.1428571492
118888  -20.588  -9.123  -25.105 0.1428571492
109648  -20.291  -13.775  -22.794 0.1428571492
114306  -20.412  -11.779  -23.850 0.1428571492
117334  -20.656  -10.160  -24.612 0.1428571492
117333  -20.161  -9.741  -24.459 0.1428571492
118869  -20.798  -9.586  -24.987 0.1428571492
127704  -23.131  -4.150  -29.000 0.4285714328
126188  -22.886  -5.147  -28.430 0.4285714328
150058  -22.441  8.628  -34.134 0.2857142985
130510  -23.826  -2.468  -29.904 0.2857142985
130492  -23.873  -3.139  -29.623 0.2857142985
133061  -24.823  -1.406  -30.488 0.2857142985
173244  -25.266  23.360  -42.505 0.1428571492
170895  -26.003  22.111  -42.725 0.1428571492
170890  -24.900  21.873  -42.457 0.1428571492
168628  -25.108  20.141  -42.033 0.1428571492
167494  -25.617  19.824  -41.270 0.1428571492
174354  -25.626  24.278  -41.537 0.1428571492
169761  -24.731  21.113  -42.237 0.1428571492
172063  -23.118  22.582  -41.554 0.1428571492
176350  -23.097  25.937  -41.903 0.1428571492
133060  -24.074  -1.413  -30.527 0.2857142985
167495  -26.492  20.043  -41.393 0.1428571492
169767  -26.436  21.510  -42.770 0.1428571492
169762  -25.323  20.806  -42.465 0.1428571492
168629  -26.070  20.381  -42.253 0.1428571492
167480  -25.498  19.466  -40.279 0.1428571492
170888  -23.793  21.801  -41.842 0.1428571492
168616  -25.031  19.756  -41.479 0.1428571492
173239  -23.859  23.645  -42.020 0.1428571492
174351  -23.475  24.357  -41.937 0.1428571492
172068  -23.528  23.102  -41.860 0.1428571492
174347  -22.736  23.969  -40.903 0.1428571492
175375  -22.717  24.760  -40.952 0.1428571492
173235  -22.809  23.371  -41.176 0.1428571492
168615  -24.477  19.831  -41.546 0.1428571492
168627  -24.274  20.520  -41.917 0.1428571492
130493  -24.340  -3.329  -29.525 0.2857142985
172071  -25.090  22.286  -42.627 0.1428571492
173241  -25.492  23.938  -42.053 0.1428571492
170894  -25.381  21.933  -42.637 0.1428571492
170889  -24.351  21.887  -42.191 0.1428571492
172070  -24.741  22.658  -42.537 0.1428571492
174353  -25.121  24.804  -41.640 0.1428571492
172069  -23.903  22.683  -42.090 0.1428571492
168635  -26.213  20.977  -42.651 0.1428571492
147338  -22.903  6.454  -33.684 0.1428571492
145937  -24.022  6.476  -33.969 0.1428571492
147351  -23.846  7.045  -34.203 0.1428571492
151377  -22.071  9.394  -34.278 0.1428571492
152642  -19.706  10.001  -32.654 0.1428571492
153983  -19.931  10.750  -32.870 0.1428571492
145925  -24.869  5.839  -33.508 0.1428571492
152652  -21.061  10.050  -33.923 0.1428571492
155284  -19.730  11.481  -32.684 0.1428571492
156565  -19.975  12.055  -32.865 0.1428571492
156573  -19.908  12.600  -32.967 0.2857142985
137290  -25.408  1.170  -31.623 0.2857142985
137288  -24.153  1.101  -31.618 0.1428571492
141533  -24.335  4.131  -33.260 0.1428571492
145924  -24.210  5.836  -33.705 0.1428571492
153909  -30.337  10.796  -29.242 0.1428571492
147350  -23.167  6.982  -34.015 0.1428571492
153997  -21.725  10.926  -34.571 0.1428571492
156586  -21.640  12.536  -34.502 0.1428571492
156584  -20.723  12.670  -33.741 0.1428571492
157834  -20.544  13.219  -33.584 0.2857142985
159133  -21.596  14.086  -34.553 0.2857142985
163833  -21.754  16.974  -34.634 0.2857142985
163812  -21.221  17.174  -34.297 0.2857142985
165033  -22.069  17.793  -35.176 0.2857142985
169715  -23.540  21.511  -37.631 0.1428571492
167390  -23.962  19.605  -34.091 0.1428571492
156611  -22.676  12.955  -35.845 0.2857142985
159131  -20.840  13.789  -33.744 0.2857142985
160421  -22.349  14.608  -35.182 0.2857142985
160452  -22.899  15.155  -36.543 0.2857142985
160419  -21.855  15.506  -34.724 0.2857142985
162694  -21.072  16.604  -34.010 0.2857142985
162743  -22.510  16.622  -35.913 0.2857142985
162710  -21.927  16.479  -34.808 0.2857142985
163823  -21.008  16.924  -34.036 0.2857142985
163864  -22.386  17.218  -35.834 0.2857142985
166275  -22.421  18.891  -35.908 0.1428571492
166232  -21.354  18.206  -34.076 0.2857142985
169706  -24.151  21.501  -36.906 0.1428571492
170833  -24.824  21.872  -36.163 0.1428571492
163811  -20.932  17.078  -33.868 0.1428571492
162672  -20.014  16.277  -32.716 0.1428571492
157820  -19.679  13.118  -32.799 0.2857142985
165012  -21.515  17.528  -34.389 0.2857142985
166266  -22.284  18.569  -35.249 0.1428571492
166246  -21.832  18.358  -34.419 0.2857142985
167403  -22.387  19.075  -34.661 0.1428571492
167388  -22.327  19.218  -33.957 0.1428571492
156546  -18.631  12.189  -31.692 0.2857142985
166214  -21.175  18.793  -33.246 0.1428571492
167375  -23.676  19.373  -33.354 0.1428571492
167373  -22.277  19.387  -33.284 0.1428571492
156482  -17.245  12.478  -29.118 0.1428571492
153938  -30.557  11.278  -29.585 0.1428571492
149979  -32.202  8.280  -28.478 0.1428571492
141514  -24.424  3.563  -33.143 0.1428571492
144444  -23.804  5.216  -33.499 0.1428571492
153910  -31.151  10.557  -29.244 0.1428571492
144443  -23.057  5.193  -33.441 0.1428571492
148703  -21.829  7.206  -33.661 0.1428571492
148702  -21.202  7.615  -33.412 0.1428571492
148711  -21.590  8.139  -33.760 0.1428571492
151356  -20.053  9.244  -32.750 0.1428571492
155297  -21.075  11.570  -33.815 0.1428571492
157797  -18.908  12.971  -31.803 0.2857142985
159111  -20.944  14.340  -33.770 0.1428571492
160380  -20.920  15.049  -33.795 0.1428571492
160403  -21.489  15.055  -34.401 0.2857142985
161540  -20.605  15.758  -33.576 0.1428571492
161559  -21.291  15.834  -34.195 0.1428571492
166215  -21.712  19.445  -32.876 0.1428571492
166213  -20.964  18.118  -33.374 0.2857142985
166233  -21.750  18.963  -33.713 0.1428571492
167419  -22.735  19.356  -35.361 0.1428571492
167404  -23.326  19.556  -34.756 0.1428571492
152567  -31.055  9.443  -28.618 0.1428571492
152591  -30.611  9.902  -28.857 0.1428571492
152592  -31.392  9.914  -28.910 0.1428571492
161615  -22.881  16.032  -36.448 0.2857142985
167421  -23.993  20.284  -35.436 0.1428571492
163863  -22.178  17.355  -35.499 0.2857142985
166257  -22.069  18.236  -34.846 0.2857142985
169696  -24.365  21.424  -36.437 0.1428571492
157880  -23.052  13.466  -36.250 0.2857142985
141515  -25.178  3.240  -33.009 0.1428571492
140070  -24.557  2.766  -32.802 0.1428571492
159179  -23.248  14.456  -36.761 0.2857142985
144446  -25.221  5.230  -33.287 0.1428571492
147266  -32.925  7.093  -28.773 0.1428571492
159168  -22.734  14.221  -35.969 0.2857142985
155306  -21.914  11.768  -34.759 0.1428571492
156597  -22.085  12.606  -34.922 0.1428571492
156598  -22.437  12.637  -35.454 0.1428571492
145923  -23.415  6.066  -33.750 0.1428571492
148712  -22.082  7.776  -33.915 0.1428571492
150056  -21.284  8.578  -33.704 0.1428571492
145921  -22.152  6.344  -33.365 0.1428571492
145922  -22.569  5.929  -33.457 0.1428571492
151365  -20.919  9.283  -33.643 0.1428571492
152651  -20.634  10.022  -33.464 0.1428571492
153990  -20.847  10.794  -33.660 0.1428571492
144445  -24.508  5.187  -33.369 0.1428571492
156563  -19.040  12.260  -32.145 0.1428571492
155291  -20.655  11.517  -33.391 0.1428571492
156575  -20.841  12.126  -33.598 0.1428571492
142908  -24.147  4.579  -33.295 0.1428571492
157849  -21.434  13.303  -34.263 0.2857142985
159109  -19.913  13.707  -33.008 0.2857142985
160404  -21.780  14.583  -34.725 0.2857142985
157871  -22.688  13.569  -35.810 0.2857142985
157850  -21.867  13.351  -34.649 0.2857142985
165024  -22.035  17.590  -34.910 0.2857142985
162742  -22.242  16.957  -35.618 0.2857142985
165000  -20.885  17.572  -33.491 0.1428571492
165013  -21.670  17.696  -34.512 0.2857142985
160420  -22.091  15.045  -34.930 0.2857142985
160443  -22.657  14.924  -36.054 0.2857142985
160433  -22.244  15.469  -35.198 0.2857142985
161579  -21.993  15.945  -34.887 0.2857142985
161596  -22.280  15.824  -35.408 0.2857142985
162673  -20.466  16.389  -33.365 0.1428571492
162728  -22.130  16.582  -35.386 0.2857142985
172024  -24.424  22.897  -37.126 0.1428571492
159090  -19.998  14.278  -32.909 0.1428571492
167389  -23.109  19.374  -34.016 0.1428571492
124724  -19.936  -6.295  -26.405 0.1428571492
124745  -21.437  -6.237  -27.079 0.1428571492
124760  -21.231  -5.809  -27.307 0.1428571492
126154  -19.709  -5.291  -26.856 0.1428571492
127672  -19.561  -4.250  -27.408 0.1428571492
127673  -20.157  -4.395  -27.697 0.1428571492
126173  -21.149  -5.261  -27.643 0.1428571492
127688  -20.549  -4.060  -28.066 0.1428571492
127674  -20.817  -4.576  -27.897 0.1428571492
126175  -22.579  -5.535  -28.154 0.1428571492
129148  -21.283  -3.472  -28.584 0.1428571492
127690  -21.808  -4.308  -28.486 0.1428571492
129149  -22.087  -3.425  -28.956 0.1428571492
127691  -22.595  -4.327  -28.768 0.1428571492
130457  -20.283  -3.172  -28.296 0.1428571492
130474  -21.509  -2.669  -28.993 0.1428571492
129163  -22.685  -3.236  -29.280 0.1428571492
130509  -23.408  -2.221  -29.938 0.1428571492
134502  -23.553  -0.724  -30.615 0.1428571492
134516  -24.700  -0.172  -30.902 0.1428571492
159088  -19.148  13.773  -32.018 0.1428571492
124778  -22.904  -5.773  -28.209 0.1428571492
123303  -19.892  -6.564  -26.174 0.1428571492
126136  -19.389  -5.520  -26.471 0.1428571492
126155  -20.415  -5.290  -27.298 0.1428571492
166231  -21.078  17.891  -33.821 0.1428571492
135863  -25.095  0.347  -31.231 0.1428571492
124744  -20.855  -5.991  -27.036 0.1428571492
123324  -20.672  -6.363  -26.705 0.1428571492
124762  -22.522  -5.978  -27.857 0.1428571492
130491  -23.093  -2.685  -29.682 0.1428571492
124743  -20.252  -5.991  -26.728 0.1428571492
126156  -20.893  -5.614  -27.356 0.1428571492
127656  -19.267  -4.520  -26.986 0.1428571492
126172  -20.625  -4.891  -27.645 0.1428571492
127689  -21.068  -4.121  -28.251 0.1428571492
127675  -21.363  -4.714  -28.097 0.1428571492
126174  -22.050  -5.213  -28.079 0.1428571492
130473  -20.629  -2.731  -28.487 0.1428571492
126187  -22.326  -4.759  -28.456 0.1428571492
130475  -21.930  -2.908  -29.072 0.1428571492
130456  -19.849  -2.753  -28.126 0.1428571492
124722  -18.952  -5.902  -25.817 0.1428571492
109630  -20.629  -14.260  -22.465 0.1428571492
109631  -21.583  -14.153  -22.147 0.1428571492
111045  -21.972  -13.554  -22.280 0.2857142985
111048  -24.102  -13.345  -21.883 0.1428571492
111062  -21.181  -13.109  -23.159 0.1428571492
111064  -22.767  -12.902  -22.528 0.2857142985
111065  -23.128  -12.889  -22.435 0.2857142985
111082  -20.561  -12.827  -23.498 0.1428571492
112659  -19.800  -12.108  -23.196 0.1428571492
112663  -22.139  -12.149  -23.699 0.2857142985
115853  -24.213  -10.081  -24.422 0.4285714328
117339  -25.147  -9.624  -24.316 0.1428571492
117369  -23.335  -9.737  -25.925 0.4285714328
118867  -19.709  -9.296  -24.407 0.1428571492
118870  -24.553  -9.455  -24.983 0.4285714328
118908  -22.015  -9.272  -26.270 0.2857142985
118909  -22.636  -9.313  -26.507 0.2857142985
118910  -23.493  -9.343  -26.132 0.4285714328
120433  -22.173  -8.631  -26.569 0.2857142985
120435  -23.784  -8.762  -26.581 0.4285714328
120439  -26.398  -8.021  -25.642 0.1428571492
120449  -22.322  -8.394  -26.738 0.2857142985
120451  -23.318  -8.404  -27.022 0.5714285970
120482  -32.765  -7.876  -28.153 0.1428571492
121891  -25.271  -7.628  -26.574 0.7142857313
121894  -27.281  -7.139  -25.762 0.1428571492
121928  -24.840  -6.778  -27.463 0.5714285970
121961  -32.187  -7.029  -29.952 0.1428571492
123329  -25.535  -6.497  -26.638 0.5714285970
123345  -24.606  -6.486  -27.991 0.4285714328
123379  -31.965  -6.613  -30.063 0.1428571492
123387  -32.388  -6.756  -30.505 0.1428571492
124725  -26.044  -6.151  -26.378 0.7142857313
124742  -19.739  -5.846  -26.528 0.1428571492
124746  -25.251  -5.979  -27.109 0.5714285970
124761  -21.836  -5.956  -27.460 0.1428571492
124764  -24.707  -6.132  -28.045 0.4285714328
126137  -26.138  -5.801  -26.427 0.4285714328
126176  -25.155  -5.103  -27.685 0.7142857313
126191  -24.896  -5.041  -28.164 0.7142857313
126202  -24.074  -4.733  -28.931 0.5714285970
127659  -26.474  -4.463  -26.716 0.5714285970
127693  -24.674  -4.704  -28.601 0.7142857313
127706  -24.499  -4.449  -28.931 0.5714285970
127730  -33.462  -4.450  -31.778 0.1428571492
127741  -33.893  -4.055  -32.012 0.1428571492
129118  -26.243  -4.118  -26.948 0.5714285970
129147  -20.648  -3.533  -28.298 0.1428571492
129164  -23.331  -3.616  -29.326 0.2857142985
129170  -32.283  -2.984  -30.028 0.1428571492
129178  -24.986  -3.038  -29.527 0.4285714328
129180  -32.031  -3.879  -30.093 0.1428571492
129212  -34.906  -3.145  -31.799 0.1428571492
130477  -26.546  -2.521  -27.821 0.8571428657
130479  -32.266  -1.962  -29.210 0.2857142985
130495  -25.748  -2.620  -28.751 0.5714285970
130498  -34.192  -2.462  -28.421 0.1428571492
130512  -25.299  -2.655  -29.584 0.4285714328
130538  -33.244  -2.647  -32.460 0.1428571492
130539  -33.750  -2.600  -32.657 0.1428571492
131751  -26.091  -2.205  -28.541 0.5714285970
131839  -33.661  -1.407  -33.317 0.1428571492
133027  -32.313  -0.847  -29.126 0.2857142985
133071  -23.850  -0.905  -30.653 0.1428571492
133074  -25.750  -0.506  -30.720 0.5714285970
133109  -33.029  -1.205  -32.856 0.1428571492
133110  -34.161  -1.029  -32.974 0.1428571492
134454  -31.843  -0.256  -28.339 0.4285714328
134505  -32.663  -0.260  -30.576 0.2857142985
134520  -32.910  0.198  -31.720 0.1428571492
134557  -32.699  -0.852  -32.062 0.1428571492
134578  -32.698  0.109  -33.676 0.1428571492
134579  -33.001  -0.452  -33.399 0.1428571492
134580  -33.560  -0.452  -33.647 0.1428571492
134586  -32.802  0.215  -34.024 0.1428571492
134587  -33.063  -0.147  -33.951 0.1428571492
135772  -28.124  0.367  -28.018 0.7142857313
135813  -34.559  -0.028  -30.056 0.1428571492
135835  -26.259  0.328  -30.719 0.7142857313
135837  -32.697  0.385  -30.359 0.2857142985
135866  -32.877  0.388  -30.907 0.2857142985
135867  -32.949  0.533  -31.501 0.1428571492
135911  -32.576  0.775  -32.963 0.1428571492
135912  -32.759  0.322  -32.494 0.1428571492
135929  -32.740  0.143  -33.078 0.1428571492
135937  -32.685  0.561  -33.939 0.1428571492
135938  -33.057  0.423  -34.122 0.1428571492
135939  -33.394  0.074  -33.987 0.1428571492
137176  -29.329  1.386  -27.782 0.7142857313
137202  -28.348  1.508  -28.280 0.8571428657
137204  -32.014  1.177  -28.438 0.4285714328
137224  -27.000  1.422  -29.904 0.7142857313
137246  -33.012  1.551  -30.696 0.2857142985
137267  -25.766  0.990  -31.426 0.4285714328
137270  -33.004  1.172  -31.087 0.2857142985
137289  -24.820  1.171  -31.714 0.1428571492
137291  -25.844  1.287  -31.543 0.5714285970
137305  -32.729  0.996  -32.478 0.1428571492
137328  -32.555  1.120  -33.721 0.1428571492
137329  -32.973  1.065  -33.969 0.1428571492
138558  -28.742  2.281  -28.177 0.8571428657
138560  -32.342  1.877  -28.780 0.4285714328
138582  -27.312  2.303  -29.718 0.8571428657
138603  -26.782  2.251  -30.721 0.7142857313
138606  -33.032  1.931  -30.409 0.4285714328
138637  -24.669  1.621  -32.022 0.4285714328
138650  -25.166  1.991  -32.237 0.2857142985
138651  -25.512  1.858  -32.093 0.4285714328
139982  -29.135  3.096  -28.018 0.7142857313
139998  -28.127  3.092  -28.850 0.8571428657
140011  -27.564  3.259  -29.659 0.7142857313
140014  -32.938  2.914  -29.627 0.1428571492
140030  -32.776  2.175  -29.586 0.2857142985
140031  -32.994  2.555  -29.947 0.2857142985
140046  -26.722  2.842  -31.322 0.7142857313
141421  -29.193  3.986  -28.070 0.8571428657
141455  -32.915  3.342  -29.482 0.1428571492
141467  -27.352  3.770  -30.354 0.7142857313
141483  -27.130  3.962  -30.828 0.7142857313
141532  -23.902  4.033  -33.224 0.1428571492
142797  -29.256  4.645  -28.186 0.8571428657
142800  -30.841  4.312  -27.643 0.5714285970
142834  -27.939  4.548  -29.695 0.8571428657
142847  -28.027  4.894  -29.705 0.8571428657
142889  -25.036  3.781  -33.147 0.1428571492
142907  -23.485  4.538  -33.287 0.1428571492
144328  -29.527  5.022  -28.088 0.8571428657
144348  -28.755  5.031  -28.696 0.8571428657
144349  -29.060  5.099  -28.475 0.8571428657
144351  -31.235  5.007  -27.717 0.4285714328
144370  -28.976  5.661  -28.807 0.8571428657
144389  -27.945  5.259  -29.944 0.8571428657
144447  -25.982  5.393  -33.045 0.4285714328
145824  -29.930  5.484  -28.018 0.5714285970
145826  -30.921  5.595  -27.736 0.4285714328
145840  -29.327  5.820  -28.526 0.8571428657
145927  -26.016  6.270  -33.043 0.2857142985
145936  -23.617  6.633  -33.972 0.1428571492
145940  -25.657  6.518  -33.425 0.2857142985
147240  -30.179  5.938  -27.963 0.4285714328
147242  -31.130  6.194  -27.713 0.4285714328
147284  -28.295  6.742  -29.772 0.8571428657
147325  -26.133  7.240  -32.675 0.8571428657
147336  -21.748  6.726  -33.398 0.1428571492
147337  -22.383  6.829  -33.702 0.1428571492
147340  -26.162  6.775  -32.764 0.4285714328
147349  -22.624  7.356  -34.033 0.1428571492
148624  -29.340  7.204  -28.674 0.5714285970
148637  -28.527  7.307  -29.519 0.8571428657
148704  -25.224  7.985  -33.720 0.2857142985
148705  -25.579  7.731  -33.373 0.5714285970
148716  -24.821  7.729  -34.047 0.2857142985
148721  -23.109  8.422  -34.643 0.2857142985
148722  -23.439  8.218  -34.780 0.2857142985
149976  -30.142  8.081  -28.336 0.5714285970
149978  -31.577  8.228  -28.310 0.2857142985
150005  -28.088  8.253  -30.056 0.7142857313
150024  -26.560  8.446  -32.061 1.0000000000
150057  -21.844  8.646  -33.896 0.1428571492
150059  -24.278  8.200  -34.815 0.2857142985
150064  -22.900  8.747  -34.490 0.2857142985
150067  -24.448  9.184  -34.799 0.2857142985
151312  -28.912  8.974  -29.226 0.5714285970
151314  -30.102  9.465  -28.768 0.2857142985
151364  -20.506  9.267  -33.186 0.1428571492
151376  -21.456  9.334  -33.963 0.1428571492
151389  -22.962  9.475  -34.763 0.2857142985
151392  -24.482  9.690  -34.768 0.2857142985
152641  -19.235  10.050  -32.299 0.1428571492
152643  -20.190  10.004  -33.037 0.1428571492
152660  -21.542  10.091  -34.362 0.2857142985
152670  -22.641  10.248  -34.916 0.2857142985
152674  -24.642  10.070  -34.606 0.4285714328
153908  -29.642  10.580  -29.263 0.4285714328
153935  -28.103  10.382  -30.185 0.4285714328
153989  -20.396  10.763  -33.248 0.1428571492
153992  -25.569  10.959  -33.107 0.8571428657
153996  -21.262  10.850  -34.128 0.1428571492
155209  -29.474  10.879  -29.445 0.4285714328
155283  -19.231  11.515  -32.373 0.1428571492
155290  -20.190  11.489  -33.029 0.1428571492
155292  -25.270  11.705  -33.790 1.0000000000
155298  -21.462  11.684  -34.302 0.1428571492
155307  -22.449  11.829  -35.122 0.2857142985
155322  -24.174  12.463  -35.673 0.5714285970
155334  -23.770  12.669  -35.939 0.5714285970
156552  -26.998  12.321  -31.491 0.8571428657
156553  -27.431  12.517  -31.190 0.8571428657
156564  -19.554  12.300  -32.581 0.1428571492
156574  -20.363  12.358  -33.293 0.1428571492
156576  -25.476  12.112  -33.597 1.0000000000
156585  -21.152  12.450  -34.033 0.1428571492
156588  -25.691  12.934  -33.744 0.8571428657
156599  -22.960  12.441  -35.713 0.4285714328
156613  -24.384  13.043  -35.623 0.5714285970
156614  -24.742  12.867  -35.223 0.7142857313
156622  -22.981  13.072  -36.108 0.2857142985
156624  -24.033  13.244  -35.913 0.5714285970
157819  -19.333  13.048  -32.291 0.2857142985
157821  -26.557  13.045  -32.464 0.8571428657
157833  -20.108  13.177  -33.205 0.2857142985
157848  -20.976  13.254  -33.922 0.2857142985
157860  -22.187  13.401  -35.050 0.2857142985
157861  -22.431  13.496  -35.429 0.2857142985
157881  -23.684  13.578  -36.129 0.4285714328
159069  -18.721  13.716  -31.573 0.1428571492
159077  -27.701  13.638  -31.801 0.5714285970
159092  -27.622  13.973  -32.172 0.5714285970
159110  -20.474  14.059  -33.376 0.2857142985
159112  -26.120  14.070  -33.386 0.8571428657
159132  -21.206  14.083  -34.094 0.1428571492
159134  -25.524  13.711  -34.284 1.0000000000
159145  -22.037  14.068  -34.882 0.2857142985
159146  -22.269  14.141  -35.107 0.2857142985
159158  -22.497  14.182  -35.450 0.2857142985
159159  -24.605  14.106  -35.907 0.4285714328
159169  -23.175  13.929  -36.492 0.4285714328
159178  -22.872  14.519  -36.387 0.2857142985
159180  -23.674  14.565  -36.925 0.5714285970
160363  -27.455  14.493  -32.650 0.1428571492
160381  -21.076  14.695  -33.962 0.1428571492
160382  -26.492  14.553  -33.323 0.5714285970
160402  -21.079  15.437  -33.978 0.2857142985
160434  -22.433  15.010  -35.477 0.2857142985
160437  -25.775  15.121  -34.849 0.7142857313
160453  -23.342  14.918  -37.137 0.4285714328
160462  -23.110  15.613  -37.045 0.5714285970
160464  -24.104  15.680  -37.657 0.7142857313
160473  -23.607  15.991  -37.752 0.5714285970
161541  -26.936  15.126  -33.530 0.5714285970
161544  -28.517  15.341  -33.477 0.1428571492
161558  -21.012  15.925  -33.976 0.1428571492
161560  -26.281  15.194  -34.204 0.7142857313
161578  -21.701  15.945  -34.594 0.1428571492
161580  -26.199  15.551  -34.659 0.4285714328
161582  -28.567  15.880  -34.267 0.1428571492
161595  -22.103  15.916  -35.120 0.2857142985
161606  -22.560  15.688  -35.884 0.2857142985
161608  -25.036  15.860  -36.417 0.7142857313
161626  -24.267  16.265  -37.634 0.7142857313
161634  -23.455  16.458  -37.405 0.5714285970
161636  -23.936  16.434  -38.081 0.7142857313
162684  -20.855  16.484  -33.905 0.1428571492
162695  -21.540  16.570  -34.457 0.2857142985
162711  -22.065  16.440  -35.170 0.2857142985
162715  -28.418  16.254  -34.740 0.1428571492
162729  -22.339  16.191  -35.594 0.2857142985
162730  -25.718  16.015  -35.630 0.7142857313
162732  -26.574  16.301  -35.125 0.4285714328
162733  -27.641  16.825  -35.311 0.1428571492
162755  -22.944  16.823  -36.741 0.5714285970
162757  -25.194  16.465  -36.573 0.7142857313
162766  -23.120  16.995  -37.123 0.5714285970
162767  -22.928  17.018  -36.922 0.5714285970
163798  -19.969  16.626  -32.361 0.1428571492
163824  -21.430  17.095  -34.251 0.2857142985
163834  -22.006  16.975  -34.923 0.2857142985
163835  -26.824  16.545  -35.148 0.4285714328
163836  -27.082  16.585  -34.997 0.2857142985
163848  -21.985  17.124  -35.119 0.2857142985
163849  -26.099  16.526  -35.694 0.4285714328
163878  -22.628  17.421  -36.408 0.5714285970
163879  -22.753  17.163  -36.659 0.5714285970
163891  -22.797  17.192  -36.860 0.5714285970
163909  -23.282  17.714  -38.527 0.7142857313
163911  -24.226  17.565  -39.019 0.5714285970
165001  -21.040  17.631  -33.960 0.2857142985
165023  -21.679  17.310  -34.576 0.2857142985
165044  -26.205  17.580  -36.401 0.4285714328
165047  -28.056  17.821  -37.004 0.1428571492
165056  -25.543  17.818  -37.084 0.5714285970
165068  -22.460  18.520  -37.184 0.4285714328
165071  -25.434  18.055  -37.577 0.5714285970
165084  -25.249  18.092  -38.052 0.4285714328
165096  -25.112  18.186  -38.546 0.2857142985
165106  -23.928  18.451  -39.646 0.2857142985
165107  -24.393  18.302  -39.483 0.2857142985
166245  -21.604  17.958  -34.403 0.2857142985
166285  -26.121  18.379  -37.341 0.2857142985
166287  -26.955  18.616  -37.566 0.1428571492
166297  -25.884  18.453  -37.668 0.2857142985
166300  -27.778  18.914  -38.425 0.1428571492
166321  -24.743  18.399  -39.419 0.2857142985
167374  -22.917  19.364  -33.354 0.1428571492
167439  -22.527  19.610  -36.946 0.2857142985
167447  -22.519  19.139  -38.054 0.4285714328
167459  -27.232  19.419  -39.438 0.2857142985
167465  -22.957  19.524  -39.233 0.2857142985
167477  -23.228  19.576  -39.923 0.2857142985
167479  -24.946  19.213  -40.311 0.2857142985
167492  -24.200  19.566  -40.953 0.2857142985
167506  -25.684  20.008  -41.856 0.1428571492
167507  -25.966  20.021  -41.708 0.1428571492
168548  -23.511  20.437  -36.073 0.2857142985
168549  -24.003  20.636  -35.866 0.2857142985
168562  -23.194  20.661  -36.553 0.2857142985
168572  -22.863  20.710  -37.325 0.2857142985
168589  -22.510  19.778  -38.436 0.4285714328
168606  -23.360  20.378  -40.811 0.2857142985
168626  -23.850  20.778  -41.769 0.1428571492
169682  -24.993  21.362  -35.462 0.1428571492
169695  -23.843  21.076  -36.521 0.1428571492
169705  -23.808  21.403  -37.205 0.2857142985
169752  -23.188  21.010  -41.037 0.2857142985
169759  -23.617  21.143  -41.590 0.1428571492
169760  -24.087  21.210  -41.946 0.1428571492
169765  -25.204  21.394  -42.490 0.1428571492
169766  -25.771  21.277  -42.652 0.1428571492
170821  -24.943  21.553  -35.741 0.1428571492
170852  -23.453  21.732  -37.944 0.1428571492
172031  -23.784  22.962  -38.167 0.1428571492
172048  -23.148  22.959  -39.289 0.2857142985
172064  -23.508  22.180  -41.759 0.1428571492
172075  -25.080  22.992  -42.630 0.1428571492
172076  -25.452  22.710  -42.659 0.1428571492
172077  -26.219  22.815  -42.477 0.1428571492
173210  -23.509  23.703  -39.001 0.1428571492
173228  -22.716  23.435  -40.474 0.2857142985
174331  -23.417  24.196  -39.295 0.1428571492
174350  -22.973  24.157  -41.436 0.1428571492
175364  -23.296  24.919  -39.461 0.1428571492
175365  -23.500  24.607  -39.110 0.1428571492
176329  -23.378  25.850  -38.683 0.1428571492
