#!ascii label  , from subject FS6EXPERT_subj01_ver10 vox2ras=TkReg
925
82636  26.225  -21.186  53.560 0.0000000000
120885  40.613  -1.000  36.184 0.0000000000
119410  50.354  -2.125  35.909 0.0000000000
106067  42.598  -8.972  45.083 0.0000000000
95578  29.120  -14.591  49.096 0.0000000000
85982  28.581  -19.032  52.522 0.0000000000
122364  45.947  -0.623  36.442 0.0000000000
120763  44.967  -0.924  41.354 0.0000000000
106053  39.295  -9.609  46.945 0.0000000000
100142  32.825  -12.812  50.432 0.0000000000
127974  54.287  2.564  28.357 0.0000000000
122412  51.655  -0.558  32.117 0.0000000000
107477  40.529  -8.184  41.924 0.0000000000
116368  42.714  -3.691  42.535 0.0000000000
90950  27.233  -17.603  51.646 0.0000000000
84293  27.243  -20.215  53.154 0.0000000000
120882  43.270  -1.257  36.360 0.0000000000
123743  45.296  0.341  39.040 0.0000000000
123746  42.873  0.161  38.924 0.0000000000
98554  38.752  -12.940  47.495 0.0000000000
95508  30.441  -14.977  52.267 0.0000000000
98540  30.622  -13.444  49.209 0.0000000000
95520  32.268  -14.758  51.480 0.0000000000
127951  52.730  2.819  29.177 0.0000000000
123878  54.561  0.343  28.421 0.0000000000
125248  53.421  1.222  29.831 0.0000000000
120935  48.681  -0.942  33.954 0.0000000000
120972  49.431  -1.437  32.100 0.0000000000
120932  51.621  -1.119  34.100 0.0000000000
117992  52.373  -2.469  32.828 0.0000000000
116471  50.193  -3.789  33.284 0.0000000000
106050  41.169  -9.193  46.622 0.0000000000
107444  40.127  -9.024  44.368 0.0000000000
108936  41.375  -7.614  44.922 0.0000000000
112150  41.827  -5.980  41.758 0.0000000000
112107  43.293  -6.187  44.370 0.0000000000
113631  44.489  -5.419  43.366 0.0000000000
107451  44.474  -8.362  43.423 0.0000000000
94003  28.727  -16.237  51.921 0.0000000000
119427  46.362  -1.678  34.490 0.0000000000
122361  48.585  -0.108  36.780 0.0000000000
123762  47.702  -0.056  38.482 0.0000000000
119356  45.998  -1.636  39.442 0.0000000000
101860  35.587  -11.437  48.663 0.0000000000
104664  38.216  -10.791  48.929 0.0000000000
103327  40.333  -10.912  47.574 0.0000000000
101927  42.211  -11.587  45.613 0.0000000000
101949  43.806  -11.547  43.782 0.0000000000
100187  33.530  -12.368  48.097 0.0000000000
101816  34.930  -12.235  50.432 0.0000000000
126679  55.419  1.448  26.243 0.0000000000
123853  51.590  0.126  30.065 0.0000000000
120968  53.904  -0.881  31.328 0.0000000000
118073  50.986  -2.539  30.186 0.0000000000
120814  41.224  -1.720  39.150 0.0000000000
119310  43.919  -1.922  42.422 0.0000000000
114989  45.064  -4.411  41.835 0.0000000000
81087  26.355  -21.824  53.512 0.0000000000
82618  26.510  -20.971  53.479 0.0000000000
81104  26.711  -21.782  52.944 0.0000000000
120883  42.421  -1.158  36.392 0.0000000000
122327  42.846  -0.175  38.012 0.0000000000
122351  41.596  -0.424  37.336 0.0000000000
97025  31.406  -14.313  51.832 0.0000000000
127975  51.554  2.241  28.704 0.0000000000
125266  53.054  1.595  29.456 0.0000000000
125267  52.315  1.358  29.284 0.0000000000
122385  50.038  -0.684  35.357 0.0000000000
122403  50.334  -0.693  34.226 0.0000000000
119425  51.034  -1.637  35.194 0.0000000000
117973  51.583  -2.941  34.055 0.0000000000
106059  42.062  -9.082  45.597 0.0000000000
108914  41.121  -8.150  45.485 0.0000000000
107433  42.227  -8.419  45.299 0.0000000000
110576  42.472  -6.961  44.928 0.0000000000
108933  43.289  -7.808  44.564 0.0000000000
108953  43.734  -7.677  44.132 0.0000000000
106075  43.590  -9.217  44.267 0.0000000000
92528  27.953  -16.850  51.709 0.0000000000
90925  28.540  -17.538  52.819 0.0000000000
90930  29.494  -17.043  52.552 0.0000000000
120901  44.476  -1.584  35.698 0.0000000000
119429  44.518  -2.178  34.616 0.0000000000
120899  45.840  -1.238  35.436 0.0000000000
120897  47.062  -0.926  35.211 0.0000000000
122363  46.821  -0.167  36.621 0.0000000000
123784  48.147  -0.003  37.638 0.0000000000
123786  46.625  0.230  37.555 0.0000000000
123708  44.993  0.226  40.380 0.0000000000
123719  46.278  -0.149  39.826 0.0000000000
120789  45.746  -1.249  40.269 0.0000000000
117893  45.209  -2.705  39.389 0.0000000000
119346  45.311  -2.091  40.631 0.0000000000
103293  36.364  -11.480  49.731 0.0000000000
103319  36.988  -10.841  48.466 0.0000000000
101841  37.448  -11.773  49.454 0.0000000000
100183  39.365  -12.241  47.772 0.0000000000
101893  41.354  -11.407  46.661 0.0000000000
98519  31.793  -13.133  49.670 0.0000000000
98538  32.033  -13.065  48.899 0.0000000000
100176  32.856  -12.635  48.710 0.0000000000
101828  34.458  -11.847  49.353 0.0000000000
100141  33.827  -12.432  50.355 0.0000000000
130718  53.162  3.964  28.923 0.0000000000
126649  54.596  2.086  27.306 0.0000000000
122471  53.642  -0.591  28.522 0.0000000000
120971  50.174  -1.159  31.718 0.0000000000
120982  49.468  -1.479  31.216 0.0000000000
120980  50.707  -0.777  30.845 0.0000000000
122449  50.466  -0.562  30.021 0.0000000000
122434  51.754  -0.282  31.079 0.0000000000
123829  52.812  0.144  31.389 0.0000000000
122410  52.901  -0.395  32.417 0.0000000000
118035  50.868  -2.912  31.749 0.0000000000
118034  51.762  -2.521  31.573 0.0000000000
103352  37.888  -10.568  46.658 0.0000000000
104715  38.565  -10.406  45.717 0.0000000000
106081  40.239  -8.891  43.043 0.0000000000
104738  39.379  -9.782  42.607 0.0000000000
113660  42.286  -5.144  42.174 0.0000000000
113690  41.749  -4.951  40.493 0.0000000000
115000  42.059  -4.290  40.951 0.0000000000
117896  41.141  -2.776  39.188 0.0000000000
117883  42.341  -2.914  41.116 0.0000000000
119347  42.534  -1.980  41.015 0.0000000000
117850  43.129  -3.086  42.855 0.0000000000
110620  45.058  -6.862  42.676 0.0000000000
114983  44.911  -4.438  42.572 0.0000000000
112149  45.038  -5.996  41.767 0.0000000000
113674  44.659  -5.292  40.711 0.0000000000
87724  27.379  -18.801  53.012 0.0000000000
85998  28.041  -19.734  52.797 0.0000000000
84323  28.109  -19.982  52.289 0.0000000000
82656  27.379  -20.883  52.598 0.0000000000
120865  44.566  -0.968  36.726 0.0000000000
122324  45.459  -0.085  37.763 0.0000000000
122325  44.616  -0.233  37.833 0.0000000000
123744  44.436  0.308  39.037 0.0000000000
123709  44.127  0.271  40.458 0.0000000000
97055  29.540  -14.526  50.398 0.0000000000
97101  29.748  -13.981  49.144 0.0000000000
98483  30.599  -13.891  50.931 0.0000000000
98481  31.689  -13.411  50.973 0.0000000000
98480  32.591  -13.248  51.183 0.0000000000
98479  33.270  -13.343  51.210 0.0000000000
95519  32.957  -14.499  51.149 0.0000000000
127950  53.513  2.859  29.122 0.0000000000
126595  54.523  2.057  28.742 0.0000000000
125265  53.888  1.499  29.429 0.0000000000
123850  53.956  0.684  29.954 0.0000000000
122446  53.903  -0.574  29.866 0.0000000000
119465  47.727  -1.602  33.495 0.0000000000
120962  48.717  -1.344  33.191 0.0000000000
120947  50.689  -0.826  33.525 0.0000000000
120946  51.913  -0.768  33.151 0.0000000000
120945  52.805  -1.055  33.219 0.0000000000
119445  52.485  -1.940  33.818 0.0000000000
117994  51.158  -3.153  33.403 0.0000000000
106052  39.886  -9.215  46.686 0.0000000000
106060  39.580  -9.416  45.854 0.0000000000
107424  40.735  -8.419  45.903 0.0000000000
108937  40.877  -8.145  45.041 0.0000000000
108973  40.968  -7.910  43.400 0.0000000000
109026  41.113  -7.268  41.905 0.0000000000
110609  41.516  -6.925  43.407 0.0000000000
112109  42.223  -6.135  44.017 0.0000000000
113632  42.806  -5.153  43.742 0.0000000000
116344  43.499  -3.998  43.642 0.0000000000
113622  43.654  -5.404  44.005 0.0000000000
110606  44.822  -7.117  43.173 0.0000000000
106094  45.085  -8.588  42.364 0.0000000000
90964  27.545  -16.917  50.539 0.0000000000
94041  28.190  -16.046  49.989 0.0000000000
95537  28.898  -15.343  50.333 0.0000000000
95509  29.762  -15.009  51.920 0.0000000000
92510  30.312  -16.076  52.364 0.0000000000
120938  47.186  -1.386  34.387 0.0000000000
122387  48.261  -0.543  34.988 0.0000000000
122374  49.723  -0.940  36.129 0.0000000000
122343  49.027  -1.014  37.086 0.0000000000
120851  48.136  -1.345  38.015 0.0000000000
119376  47.644  -1.862  38.106 0.0000000000
123763  46.833  0.313  38.409 0.0000000000
122299  46.935  -0.699  39.191 0.0000000000
101896  35.017  -11.620  46.726 0.0000000000
103332  36.263  -11.154  47.412 0.0000000000
103330  37.555  -10.529  47.848 0.0000000000
104685  39.048  -10.042  47.923 0.0000000000
101858  38.785  -11.888  48.558 0.0000000000
104674  39.248  -10.633  48.344 0.0000000000
104684  39.812  -10.317  47.792 0.0000000000
104682  40.985  -10.261  46.947 0.0000000000
104693  41.741  -10.204  46.211 0.0000000000
104701  42.473  -10.333  45.308 0.0000000000
103362  43.392  -10.286  44.552 0.0000000000
100271  42.922  -12.058  44.283 0.0000000000
101862  34.564  -11.874  47.982 0.0000000000
101843  35.606  -11.513  49.394 0.0000000000
100158  36.383  -12.549  50.060 0.0000000000
98496  34.722  -13.140  50.642 0.0000000000
98518  35.142  -13.317  50.298 0.0000000000
126692  54.885  1.853  25.324 0.0000000000
123880  51.033  0.809  28.680 0.0000000000
123852  52.412  0.717  30.041 0.0000000000
123838  53.703  0.356  30.682 0.0000000000
120989  53.329  -1.175  29.972 0.0000000000
119484  53.353  -1.840  32.008 0.0000000000
119497  52.650  -1.948  30.965 0.0000000000
119524  52.229  -1.739  29.698 0.0000000000
104724  39.218  -9.986  44.468 0.0000000000
119380  40.343  -2.041  37.898 0.0000000000
122330  40.484  -0.840  37.769 0.0000000000
122277  41.654  -0.710  39.175 0.0000000000
122245  43.078  -0.794  41.091 0.0000000000
122227  44.041  -0.807  41.757 0.0000000000
117830  44.045  -3.069  43.170 0.0000000000
117866  44.604  -2.804  42.366 0.0000000000
119329  45.110  -2.167  41.353 0.0000000000
116375  44.958  -3.953  40.974 0.0000000000
103388  44.171  -10.425  43.581 0.0000000000
104737  44.722  -9.849  42.511 0.0000000000
79547  25.931  -22.559  53.748 0.0000000000
120884  41.492  -0.938  36.441 0.0000000000
120868  42.078  -0.731  36.866 0.0000000000
122366  41.262  -0.553  36.916 0.0000000000
126599  51.895  1.937  28.846 0.0000000000
126623  51.385  1.876  28.581 0.0000000000
120896  50.188  -1.284  35.807 0.0000000000
120916  50.671  -1.049  35.089 0.0000000000
120895  50.655  -1.527  35.517 0.0000000000
117949  51.241  -2.492  35.271 0.0000000000
117950  50.870  -2.789  35.544 0.0000000000
104713  42.325  -9.316  45.293 0.0000000000
108934  42.678  -7.686  44.961 0.0000000000
107432  42.877  -8.389  44.878 0.0000000000
107431  43.237  -8.421  44.571 0.0000000000
106066  43.119  -9.010  44.621 0.0000000000
87722  28.310  -18.679  52.919 0.0000000000
90926  28.058  -17.668  52.799 0.0000000000
89463  28.824  -18.008  52.697 0.0000000000
87721  28.795  -18.576  52.524 0.0000000000
122365  45.244  -0.926  36.500 0.0000000000
120900  45.241  -1.486  35.431 0.0000000000
120879  45.552  -1.087  35.963 0.0000000000
122378  46.630  -0.656  35.828 0.0000000000
123798  46.828  0.102  37.090 0.0000000000
122346  46.095  -0.123  37.261 0.0000000000
123692  45.172  -0.142  40.781 0.0000000000
123707  45.663  -0.210  40.365 0.0000000000
122242  45.398  -0.639  40.831 0.0000000000
120762  45.263  -1.460  41.138 0.0000000000
101824  36.828  -12.010  49.916 0.0000000000
103292  36.809  -11.440  49.718 0.0000000000
100173  37.543  -12.506  49.237 0.0000000000
100143  32.165  -13.070  50.244 0.0000000000
100162  32.502  -12.884  49.617 0.0000000000
100161  33.257  -12.493  49.625 0.0000000000
129342  53.651  3.368  28.747 0.0000000000
130717  53.354  3.792  28.527 0.0000000000
129352  53.809  2.955  28.200 0.0000000000
127988  54.042  2.514  27.555 0.0000000000
120959  51.050  -0.823  32.328 0.0000000000
120970  50.800  -0.876  31.327 0.0000000000
122424  51.396  -0.583  31.578 0.0000000000
122435  51.121  -0.531  30.875 0.0000000000
122423  51.950  -0.346  31.735 0.0000000000
122422  52.531  -0.165  31.814 0.0000000000
122411  52.187  -0.476  32.390 0.0000000000
116525  49.929  -3.427  31.134 0.0000000000
118055  50.457  -2.986  30.835 0.0000000000
104704  38.979  -9.889  46.324 0.0000000000
104716  38.343  -10.508  45.944 0.0000000000
107464  40.600  -8.308  42.740 0.0000000000
107478  40.084  -8.599  41.702 0.0000000000
114990  42.542  -4.344  42.315 0.0000000000
114991  42.294  -4.363  41.657 0.0000000000
116376  42.276  -3.677  41.310 0.0000000000
116383  41.990  -3.548  40.691 0.0000000000
117868  42.464  -3.302  41.550 0.0000000000
117867  42.702  -2.929  41.894 0.0000000000
109024  45.062  -7.477  41.797 0.0000000000
110634  45.095  -6.774  42.077 0.0000000000
110646  44.927  -6.781  41.478 0.0000000000
110647  44.592  -6.840  40.925 0.0000000000
85985  26.960  -19.492  53.142 0.0000000000
85969  27.283  -19.150  53.190 0.0000000000
85968  27.522  -19.249  53.187 0.0000000000
85984  27.681  -19.625  53.062 0.0000000000
84310  27.727  -20.186  52.725 0.0000000000
82634  27.341  -20.596  52.964 0.0000000000
120903  42.828  -1.581  35.886 0.0000000000
119415  42.401  -1.936  35.423 0.0000000000
120881  44.102  -1.283  36.271 0.0000000000
120866  43.723  -0.949  36.841 0.0000000000
122348  44.195  -0.619  37.329 0.0000000000
123768  42.834  0.095  38.455 0.0000000000
123767  43.338  0.107  38.418 0.0000000000
123745  43.621  0.282  39.006 0.0000000000
123722  43.898  0.389  39.685 0.0000000000
123710  43.484  0.181  40.206 0.0000000000
97042  30.007  -14.482  51.295 0.0000000000
98502  30.146  -13.958  50.366 0.0000000000
97041  30.500  -14.089  51.281 0.0000000000
95506  31.720  -14.576  51.797 0.0000000000
97040  31.221  -13.920  51.489 0.0000000000
97039  31.991  -13.977  51.565 0.0000000000
97038  32.906  -13.940  51.421 0.0000000000
129345  51.302  3.604  29.169 0.0000000000
129344  52.181  3.531  29.213 0.0000000000
129343  52.995  3.467  29.142 0.0000000000
126596  54.179  2.300  29.046 0.0000000000
126597  53.324  2.203  29.278 0.0000000000
122458  54.186  -0.033  29.591 0.0000000000
120951  47.945  -1.318  33.770 0.0000000000
119464  48.165  -1.493  33.305 0.0000000000
120949  48.979  -1.124  33.470 0.0000000000
120933  50.877  -0.896  34.432 0.0000000000
122404  49.956  -0.774  33.917 0.0000000000
120931  52.470  -1.368  33.834 0.0000000000
119446  51.996  -2.035  34.409 0.0000000000
117974  51.168  -3.305  33.852 0.0000000000
116470  50.769  -3.521  33.637 0.0000000000
116486  50.608  -3.373  32.992 0.0000000000
116487  50.037  -3.667  32.559 0.0000000000
106051  40.595  -9.073  46.857 0.0000000000
107411  40.442  -8.739  46.412 0.0000000000
107410  40.967  -8.647  46.438 0.0000000000
108955  40.964  -7.925  44.272 0.0000000000
108954  41.305  -7.408  44.323 0.0000000000
108972  41.240  -7.407  43.770 0.0000000000
110593  41.536  -6.958  44.090 0.0000000000
112088  42.767  -6.520  44.606 0.0000000000
112108  42.698  -6.021  44.347 0.0000000000
113624  42.661  -5.651  43.973 0.0000000000
113623  43.031  -5.362  44.184 0.0000000000
108952  44.051  -7.943  43.784 0.0000000000
110590  44.079  -7.169  43.856 0.0000000000
107450  44.724  -8.159  43.221 0.0000000000
108989  45.022  -7.621  42.835 0.0000000000
106086  44.981  -8.692  42.669 0.0000000000
90957  27.127  -17.466  51.042 0.0000000000
90965  27.076  -17.320  50.261 0.0000000000
90956  27.453  -17.089  50.843 0.0000000000
92527  28.336  -16.424  51.561 0.0000000000
92535  27.948  -16.581  50.953 0.0000000000
92534  28.396  -16.198  51.178 0.0000000000
94040  28.589  -15.535  49.978 0.0000000000
94014  29.014  -15.596  51.369 0.0000000000
95523  29.324  -15.150  51.377 0.0000000000
95496  29.224  -15.746  52.080 0.0000000000
119428  45.475  -1.830  34.791 0.0000000000
119449  46.077  -2.093  33.891 0.0000000000
119426  46.712  -1.572  34.424 0.0000000000
122377  47.510  -0.448  35.702 0.0000000000
122388  47.628  -0.805  35.018 0.0000000000
122376  48.421  -0.226  35.834 0.0000000000
122375  49.274  -0.376  36.019 0.0000000000
122360  49.237  -0.963  36.698 0.0000000000
123761  48.148  -0.346  37.936 0.0000000000
122344  48.610  -0.781  37.491 0.0000000000
122321  48.070  -0.647  38.095 0.0000000000
120852  47.441  -1.360  38.448 0.0000000000
123765  44.976  0.127  38.378 0.0000000000
123764  45.921  0.275  38.192 0.0000000000
123742  46.173  0.320  39.119 0.0000000000
120810  46.149  -1.210  39.600 0.0000000000
122274  46.585  -0.541  39.551 0.0000000000
120833  46.640  -1.303  39.011 0.0000000000
119365  46.544  -1.616  38.818 0.0000000000
119366  46.168  -1.769  39.014 0.0000000000
101878  35.656  -11.420  47.871 0.0000000000
101895  35.689  -11.396  46.939 0.0000000000
103320  36.245  -11.164  48.334 0.0000000000
103318  37.508  -10.598  48.481 0.0000000000
104687  37.772  -10.414  48.242 0.0000000000
104686  38.190  -10.188  47.938 0.0000000000
100185  38.413  -12.482  48.536 0.0000000000
101877  39.949  -11.543  47.680 0.0000000000
103315  39.396  -11.274  48.215 0.0000000000
103328  39.822  -10.957  47.900 0.0000000000
104673  39.590  -10.778  48.109 0.0000000000
104683  40.529  -10.258  47.320 0.0000000000
101911  41.626  -11.675  46.268 0.0000000000
101892  41.710  -11.262  46.347 0.0000000000
101910  41.973  -11.385  46.005 0.0000000000
103351  42.142  -10.662  45.802 0.0000000000
101926  42.557  -11.314  45.392 0.0000000000
101938  43.158  -11.400  44.734 0.0000000000
100251  42.532  -11.803  45.083 0.0000000000
98541  30.174  -13.760  49.432 0.0000000000
98561  29.945  -13.713  48.572 0.0000000000
100188  32.912  -12.645  47.671 0.0000000000
100197  33.535  -12.292  47.134 0.0000000000
101880  34.528  -11.822  47.234 0.0000000000
100196  34.065  -12.102  47.649 0.0000000000
101817  34.646  -12.059  50.299 0.0000000000
101827  34.896  -11.752  49.745 0.0000000000
101826  35.404  -11.893  50.187 0.0000000000
100159  35.725  -12.471  50.299 0.0000000000
98497  33.914  -13.108  50.885 0.0000000000
97067  35.861  -13.665  49.631 0.0000000000
126680  54.933  1.844  26.102 0.0000000000
125358  55.818  0.893  25.560 0.0000000000
123863  54.714  0.936  28.556 0.0000000000
119488  48.334  -1.925  32.167 0.0000000000
119500  48.311  -2.021  31.364 0.0000000000
119499  48.890  -1.745  31.710 0.0000000000
123854  51.080  -0.085  29.790 0.0000000000
122461  50.254  -0.325  29.319 0.0000000000
123867  50.900  0.166  29.247 0.0000000000
123881  50.222  0.461  28.478 0.0000000000
123866  51.732  0.781  29.260 0.0000000000
123828  53.437  0.064  31.297 0.0000000000
122432  53.851  -0.307  31.011 0.0000000000
120978  53.909  -0.818  30.617 0.0000000000
120979  53.565  -1.296  30.921 0.0000000000
119463  52.936  -1.831  33.227 0.0000000000
119462  53.286  -1.612  32.973 0.0000000000
119476  52.892  -2.136  32.429 0.0000000000
118072  51.552  -2.329  30.568 0.0000000000
119486  52.192  -2.212  31.257 0.0000000000
119498  52.076  -2.119  30.671 0.0000000000
119509  52.548  -1.762  30.248 0.0000000000
119510  51.758  -2.080  30.016 0.0000000000
106069  39.663  -9.467  44.894 0.0000000000
106076  39.706  -9.492  44.024 0.0000000000
110636  41.441  -6.754  42.037 0.0000000000
113707  41.612  -4.583  40.076 0.0000000000
119368  41.020  -2.127  38.935 0.0000000000
119379  40.750  -2.060  38.400 0.0000000000
120854  40.600  -1.368  38.125 0.0000000000
120836  41.076  -1.352  38.744 0.0000000000
122302  41.217  -0.789  38.681 0.0000000000
120813  41.600  -1.286  39.491 0.0000000000
120765  43.224  -1.286  41.593 0.0000000000
120790  42.607  -1.376  40.839 0.0000000000
120764  43.749  -1.013  41.797 0.0000000000
120744  43.658  -1.512  42.060 0.0000000000
114971  44.031  -4.719  43.723 0.0000000000
117831  43.579  -3.388  43.312 0.0000000000
114977  44.472  -4.479  43.267 0.0000000000
116356  44.818  -3.825  42.531 0.0000000000
116366  44.971  -3.732  42.142 0.0000000000
117865  44.947  -2.826  41.900 0.0000000000
116374  45.032  -3.644  41.441 0.0000000000
117881  45.038  -2.841  41.069 0.0000000000
114998  45.014  -4.330  41.294 0.0000000000
113689  44.240  -5.378  40.137 0.0000000000
101937  43.653  -11.173  44.268 0.0000000000
103374  44.034  -10.240  43.853 0.0000000000
101948  44.239  -11.087  43.327 0.0000000000
84294  26.668  -20.377  53.307 0.0000000000
82635  26.852  -21.010  53.199 0.0000000000
79546  26.266  -22.220  53.167 0.0000000000
120904  41.985  -1.490  35.889 0.0000000000
122349  43.306  -0.578  37.406 0.0000000000
122350  42.444  -0.462  37.392 0.0000000000
122300  42.319  0.006  38.582 0.0000000000
94001  30.782  -15.568  52.197 0.0000000000
97026  30.829  -14.387  51.878 0.0000000000
95507  31.194  -14.870  52.061 0.0000000000
95521  31.638  -15.024  51.783 0.0000000000
127952  51.787  2.735  28.896 0.0000000000
126598  52.533  2.099  29.118 0.0000000000
125249  52.807  1.191  29.802 0.0000000000
122395  48.913  -0.589  34.456 0.0000000000
120934  49.326  -0.813  33.941 0.0000000000
122394  49.736  -0.541  34.522 0.0000000000
122393  50.363  -0.699  34.780 0.0000000000
120915  51.327  -1.435  34.767 0.0000000000
119424  51.365  -2.104  35.057 0.0000000000
116451  51.290  -3.033  34.868 0.0000000000
107408  41.635  -8.914  46.136 0.0000000000
107423  41.276  -8.428  45.952 0.0000000000
107422  41.746  -8.680  45.907 0.0000000000
108913  41.654  -8.026  45.596 0.0000000000
108935  42.054  -7.542  45.186 0.0000000000
110577  41.871  -6.947  44.632 0.0000000000
110575  43.021  -7.025  44.629 0.0000000000
110591  43.598  -7.001  44.267 0.0000000000
107442  43.647  -8.454  44.203 0.0000000000
106074  44.007  -9.041  43.827 0.0000000000
90941  27.645  -17.355  52.095 0.0000000000
90933  27.791  -17.641  52.555 0.0000000000
90932  28.261  -17.194  52.496 0.0000000000
92513  28.790  -16.604  52.452 0.0000000000
93991  29.202  -16.062  52.297 0.0000000000
90931  28.916  -17.023  52.669 0.0000000000
119413  44.069  -1.942  35.274 0.0000000000
119412  44.835  -1.790  35.163 0.0000000000
120922  45.664  -1.491  35.159 0.0000000000
120921  46.080  -1.418  34.966 0.0000000000
120920  46.771  -1.352  34.688 0.0000000000
120898  46.407  -1.066  35.311 0.0000000000
122362  47.735  0.005  36.490 0.0000000000
123796  47.843  0.188  37.131 0.0000000000
123785  47.414  0.265  37.724 0.0000000000
123720  45.541  0.252  39.771 0.0000000000
123706  45.990  -0.329  40.094 0.0000000000
122260  46.015  -0.683  40.071 0.0000000000
120811  45.865  -1.466  39.865 0.0000000000
119367  45.638  -2.314  39.093 0.0000000000
119357  45.668  -1.923  39.719 0.0000000000
117887  45.004  -2.922  40.226 0.0000000000
103306  36.412  -11.217  49.220 0.0000000000
103305  37.390  -10.906  49.114 0.0000000000
103304  38.111  -11.143  49.049 0.0000000000
100184  39.015  -12.483  47.903 0.0000000000
100193  40.246  -11.872  47.322 0.0000000000
101876  40.715  -11.508  47.207 0.0000000000
100204  40.566  -12.091  46.848 0.0000000000
100216  41.342  -12.019  46.269 0.0000000000
98520  31.151  -13.295  49.789 0.0000000000
98560  30.685  -13.341  48.400 0.0000000000
98539  31.283  -13.252  49.048 0.0000000000
98579  31.633  -13.145  47.413 0.0000000000
98558  32.226  -12.993  48.030 0.0000000000
100186  34.082  -12.088  48.411 0.0000000000
100175  33.627  -12.263  48.916 0.0000000000
101818  34.338  -11.988  49.908 0.0000000000
100140  34.533  -12.538  50.618 0.0000000000
127989  53.531  2.776  27.278 0.0000000000
127996  53.775  2.454  26.932 0.0000000000
126666  54.993  1.821  26.824 0.0000000000
122470  54.201  -0.105  28.845 0.0000000000
120981  50.170  -0.984  30.684 0.0000000000
122436  50.697  -0.634  30.525 0.0000000000
122448  51.031  -0.321  30.211 0.0000000000
123841  51.779  -0.082  30.631 0.0000000000
123840  52.253  0.127  30.849 0.0000000000
123830  52.466  -0.023  31.354 0.0000000000
122421  53.198  -0.181  31.890 0.0000000000
122408  53.774  -0.660  32.055 0.0000000000
118016  51.693  -2.701  32.348 0.0000000000
118015  52.306  -2.422  32.078 0.0000000000
118054  51.232  -2.618  30.976 0.0000000000
103353  37.359  -10.827  46.398 0.0000000000
107453  40.105  -9.090  43.677 0.0000000000
106082  39.819  -9.429  43.201 0.0000000000
104745  39.407  -9.537  41.942 0.0000000000
112139  42.028  -5.899  42.610 0.0000000000
112162  41.734  -5.617  40.902 0.0000000000
113675  42.038  -5.065  41.310 0.0000000000
115016  41.506  -4.154  39.792 0.0000000000
116397  41.056  -3.440  38.873 0.0000000000
116390  41.601  -3.480  40.089 0.0000000000
117895  41.453  -2.788  39.766 0.0000000000
119358  41.734  -2.118  39.987 0.0000000000
120791  42.085  -1.572  40.200 0.0000000000
119331  42.497  -2.332  41.125 0.0000000000
119330  42.751  -2.077  41.464 0.0000000000
119311  43.317  -2.216  42.231 0.0000000000
113630  44.746  -5.637  43.118 0.0000000000
113644  44.701  -4.806  43.011 0.0000000000
112138  45.055  -6.058  42.446 0.0000000000
113658  45.067  -5.227  42.148 0.0000000000
113673  44.993  -5.117  41.376 0.0000000000
112160  44.789  -6.024  41.128 0.0000000000
89479  26.993  -18.075  51.994 0.0000000000
87747  26.803  -18.564  52.240 0.0000000000
89472  27.065  -18.379  52.392 0.0000000000
89465  27.699  -18.148  52.795 0.0000000000
87705  27.971  -18.801  53.136 0.0000000000
85983  28.221  -19.319  52.913 0.0000000000
85997  28.327  -19.545  52.466 0.0000000000
84309  28.065  -19.870  52.585 0.0000000000
84324  27.780  -20.475  52.157 0.0000000000
82657  27.066  -21.379  52.694 0.0000000000
120880  44.877  -1.246  36.114 0.0000000000
122347  45.173  -0.529  37.134 0.0000000000
122326  43.741  -0.271  37.923 0.0000000000
123766  44.120  0.096  38.410 0.0000000000
123721  44.719  0.418  39.739 0.0000000000
122243  44.776  -0.373  41.249 0.0000000000
98536  37.444  -13.075  48.883 0.0000000000
95564  29.213  -14.627  49.654 0.0000000000
97102  29.304  -14.212  48.628 0.0000000000
97086  29.865  -14.031  49.698 0.0000000000
98522  30.211  -13.848  50.028 0.0000000000
98521  30.614  -13.574  49.922 0.0000000000
98482  30.934  -13.744  50.966 0.0000000000
98500  31.062  -13.438  50.454 0.0000000000
98499  31.623  -13.206  50.315 0.0000000000
100123  32.250  -13.136  50.714 0.0000000000
98498  33.291  -12.903  50.924 0.0000000000
97037  33.575  -13.683  51.203 0.0000000000
97052  33.387  -14.127  51.058 0.0000000000
127949  53.997  2.879  28.820 0.0000000000
126621  54.646  2.036  28.310 0.0000000000
125264  54.543  1.569  28.827 0.0000000000
123864  54.444  0.700  29.160 0.0000000000
122459  53.793  -0.622  29.287 0.0000000000
119479  47.704  -2.001  32.669 0.0000000000
119478  48.433  -1.612  32.945 0.0000000000
120961  49.117  -1.356  32.865 0.0000000000
120948  49.684  -1.002  33.393 0.0000000000
120960  50.026  -1.106  32.655 0.0000000000
120958  51.698  -0.618  32.516 0.0000000000
122402  52.618  -0.623  32.860 0.0000000000
117972  52.311  -2.447  33.649 0.0000000000
117993  51.720  -2.804  33.169 0.0000000000
118017  51.054  -2.950  32.689 0.0000000000
116505  50.097  -3.416  31.822 0.0000000000
106061  39.433  -9.507  46.464 0.0000000000
107425  40.199  -8.834  45.916 0.0000000000
107435  40.125  -8.968  45.187 0.0000000000
107434  40.521  -8.490  45.374 0.0000000000
107443  40.521  -8.510  44.669 0.0000000000
107452  40.517  -8.532  43.740 0.0000000000
108991  41.019  -7.759  42.778 0.0000000000
109010  40.921  -7.770  42.199 0.0000000000
109009  41.234  -7.322  42.457 0.0000000000
110622  41.498  -6.878  42.749 0.0000000000
110621  41.771  -6.428  43.037 0.0000000000
110592  41.884  -6.597  44.170 0.0000000000
110608  41.818  -6.494  43.679 0.0000000000
112125  42.086  -5.972  43.312 0.0000000000
113646  42.361  -5.405  42.932 0.0000000000
113645  42.643  -4.960  43.248 0.0000000000
114985  42.704  -4.347  42.943 0.0000000000
116358  42.899  -3.841  43.174 0.0000000000
114972  43.373  -4.653  43.906 0.0000000000
113621  44.058  -5.420  43.742 0.0000000000
112106  44.016  -6.167  43.827 0.0000000000
112124  44.459  -6.101  43.462 0.0000000000
109008  45.171  -7.478  42.328 0.0000000000
95579  28.684  -14.856  48.549 0.0000000000
94056  28.240  -15.713  49.329 0.0000000000
94055  28.616  -15.293  49.522 0.0000000000
95565  28.848  -14.946  49.300 0.0000000000
95550  29.332  -14.687  50.146 0.0000000000
95522  29.679  -14.800  51.332 0.0000000000
97028  29.931  -14.706  51.593 0.0000000000
95483  29.690  -15.697  52.454 0.0000000000
95494  29.987  -15.390  52.376 0.0000000000
119447  47.442  -1.543  33.894 0.0000000000
120936  48.142  -1.102  34.032 0.0000000000
120919  47.367  -1.143  34.662 0.0000000000
120918  47.899  -0.952  34.525 0.0000000000
122396  48.378  -0.801  34.376 0.0000000000
122386  49.125  -0.367  35.171 0.0000000000
120877  49.733  -1.519  36.347 0.0000000000
119398  49.891  -2.145  36.351 0.0000000000
119399  49.445  -2.132  36.747 0.0000000000
119388  49.054  -2.090  37.175 0.0000000000
120864  48.641  -1.399  37.612 0.0000000000
123787  46.144  0.137  37.677 0.0000000000
123740  47.358  -0.137  38.884 0.0000000000
123718  46.639  -0.203  39.570 0.0000000000
123741  46.996  -0.018  39.245 0.0000000000
122298  47.334  -0.427  38.875 0.0000000000
120853  47.045  -1.367  38.699 0.0000000000
101912  35.448  -11.440  46.262 0.0000000000
103343  36.799  -10.910  46.916 0.0000000000
103331  36.867  -10.866  47.689 0.0000000000
103342  37.376  -10.683  47.125 0.0000000000
103341  37.816  -10.467  47.242 0.0000000000
104696  38.256  -10.185  47.027 0.0000000000
104695  38.815  -9.902  47.276 0.0000000000
100172  37.945  -12.636  48.869 0.0000000000
101840  38.215  -11.997  48.940 0.0000000000
103303  38.510  -11.505  48.853 0.0000000000
103316  38.848  -11.143  48.659 0.0000000000
104675  38.499  -10.547  48.769 0.0000000000
106042  39.568  -9.676  47.401 0.0000000000
106041  40.238  -9.575  47.332 0.0000000000
106040  40.793  -9.690  46.952 0.0000000000
103326  40.944  -10.896  47.119 0.0000000000
103340  41.370  -10.602  46.676 0.0000000000
104694  41.297  -9.869  46.613 0.0000000000
106049  41.685  -9.308  46.158 0.0000000000
104702  42.134  -9.814  45.608 0.0000000000
104712  42.696  -9.709  45.015 0.0000000000
104711  43.343  -9.851  44.527 0.0000000000
103363  43.058  -10.567  44.881 0.0000000000
103376  43.433  -10.902  44.551 0.0000000000
100270  43.421  -11.851  43.967 0.0000000000
100252  42.052  -12.192  44.888 0.0000000000
98562  29.495  -13.943  48.231 0.0000000000
98581  30.094  -13.440  47.692 0.0000000000
101897  34.450  -11.802  46.499 0.0000000000
101879  35.071  -11.614  47.519 0.0000000000
101861  35.056  -11.617  48.310 0.0000000000
101845  34.537  -11.829  48.703 0.0000000000
101844  35.010  -11.637  49.049 0.0000000000
101842  36.003  -11.545  49.765 0.0000000000
101825  36.230  -11.881  50.028 0.0000000000
98495  35.318  -12.919  50.444 0.0000000000
98517  35.768  -13.163  50.129 0.0000000000
81088  25.830  -22.067  54.136 0.0000000000
126704  55.510  1.654  24.698 0.0000000000
123879  51.414  1.074  28.789 0.0000000000
125250  52.456  1.053  29.656 0.0000000000
123851  53.243  0.855  30.250 0.0000000000
123839  52.987  0.464  30.804 0.0000000000
122445  54.016  -0.196  30.288 0.0000000000
120988  53.882  -0.731  30.179 0.0000000000
122401  53.173  -0.733  32.847 0.0000000000
120957  53.649  -1.326  32.307 0.0000000000
120969  53.686  -1.386  31.640 0.0000000000
118033  52.242  -2.315  31.645 0.0000000000
119485  52.708  -2.109  31.669 0.0000000000
119496  53.210  -1.735  31.307 0.0000000000
119508  53.078  -1.600  30.680 0.0000000000
120990  52.628  -1.512  29.799 0.0000000000
119525  51.745  -1.851  29.200 0.0000000000
122368  40.143  -0.779  36.652 0.0000000000
104714  39.177  -9.927  45.444 0.0000000000
104725  38.720  -10.399  44.939 0.0000000000
117916  40.547  -2.728  38.124 0.0000000000
120870  39.645  -1.311  37.017 0.0000000000
122353  40.260  -0.785  37.238 0.0000000000
122367  40.757  -0.607  36.749 0.0000000000
122352  40.868  -0.541  37.366 0.0000000000
122301  41.610  -0.432  38.742 0.0000000000
122276  42.193  -0.316  39.446 0.0000000000
120812  42.198  -0.931  40.141 0.0000000000
122263  42.918  -0.340  40.473 0.0000000000
122262  43.554  -0.013  40.630 0.0000000000
122244  43.807  -0.406  41.245 0.0000000000
117832  43.194  -3.615  43.369 0.0000000000
117849  43.684  -2.900  42.990 0.0000000000
119293  43.791  -2.460  42.670 0.0000000000
116357  44.592  -3.859  42.892 0.0000000000
117848  44.244  -2.947  42.809 0.0000000000
119292  44.131  -2.323  42.617 0.0000000000
119309  44.462  -2.197  42.213 0.0000000000
119308  44.927  -2.065  41.791 0.0000000000
120741  45.075  -1.771  41.539 0.0000000000
116381  44.936  -3.433  40.845 0.0000000000
116382  44.751  -3.817  40.462 0.0000000000
114999  44.835  -4.519  40.849 0.0000000000
115007  44.503  -4.587  40.282 0.0000000000
104723  43.777  -9.682  44.126 0.0000000000
104722  44.109  -9.848  43.732 0.0000000000
104730  44.481  -9.862  43.156 0.0000000000
101958  44.373  -11.141  42.598 0.0000000000
103401  44.449  -10.490  42.893 0.0000000000
106087  44.788  -9.257  42.838 0.0000000000
106095  44.952  -9.020  42.163 0.0000000000
82617  26.699  -21.030  53.325 0.0000000000
84275  26.637  -20.812  53.392 0.0000000000
84276  26.426  -20.731  53.494 0.0000000000
85967  27.929  -19.105  53.141 0.0000000000
85986  26.432  -19.974  53.180 0.0000000000
87706  27.701  -18.910  53.145 0.0000000000
87707  27.483  -19.004  53.166 0.0000000000
87723  27.861  -18.537  53.077 0.0000000000
87735  26.861  -18.879  52.646 0.0000000000
89464  28.108  -17.993  53.007 0.0000000000
89466  27.295  -18.444  52.641 0.0000000000
89478  27.346  -17.783  52.138 0.0000000000
90940  28.048  -17.084  52.245 0.0000000000
90942  27.303  -17.693  51.955 0.0000000000
90949  27.546  -17.143  51.393 0.0000000000
92503  29.788  -16.107  52.524 0.0000000000
92504  29.659  -16.181  52.579 0.0000000000
92512  29.387  -16.434  52.550 0.0000000000
92520  28.334  -16.697  52.113 0.0000000000
92521  27.983  -16.988  52.058 0.0000000000
93979  30.011  -15.748  52.469 0.0000000000
93980  29.686  -15.940  52.526 0.0000000000
93981  29.429  -16.135  52.496 0.0000000000
93989  30.286  -15.615  52.421 0.0000000000
93990  29.517  -15.803  52.413 0.0000000000
93992  28.766  -16.396  52.211 0.0000000000
94000  31.294  -15.377  51.917 0.0000000000
94002  29.029  -15.854  51.839 0.0000000000
94015  28.689  -16.013  51.439 0.0000000000
94026  29.080  -15.360  51.026 0.0000000000
94027  28.627  -15.787  50.735 0.0000000000
94028  28.111  -16.268  50.446 0.0000000000
94070  28.486  -15.277  49.038 0.0000000000
95482  29.893  -15.623  52.442 0.0000000000
95495  29.538  -15.562  52.290 0.0000000000
95510  29.298  -15.469  51.840 0.0000000000
95535  29.747  -14.610  51.010 0.0000000000
95536  29.309  -14.938  50.699 0.0000000000
95551  28.977  -15.052  49.947 0.0000000000
97027  30.229  -14.559  51.757 0.0000000000
97053  30.376  -13.974  50.878 0.0000000000
97054  29.950  -14.239  50.685 0.0000000000
97070  29.955  -14.059  50.167 0.0000000000
97071  29.603  -14.320  50.027 0.0000000000
97087  29.458  -14.265  49.380 0.0000000000
97119  29.203  -14.109  47.940 0.0000000000
98501  30.484  -13.803  50.544 0.0000000000
100124  31.936  -13.189  50.588 0.0000000000
100139  35.116  -12.512  50.494 0.0000000000
100160  33.939  -12.148  49.551 0.0000000000
100174  34.126  -12.018  49.004 0.0000000000
100203  41.079  -11.854  46.698 0.0000000000
100215  41.755  -11.777  46.063 0.0000000000
100231  42.323  -11.671  45.420 0.0000000000
100232  41.985  -11.904  45.637 0.0000000000
101839  38.495  -11.797  48.785 0.0000000000
101857  39.387  -11.968  47.957 0.0000000000
101859  38.470  -12.131  48.686 0.0000000000
101875  41.038  -11.291  47.041 0.0000000000
101894  40.948  -11.747  46.884 0.0000000000
101909  42.320  -11.058  45.674 0.0000000000
101950  43.426  -11.642  44.225 0.0000000000
103307  35.960  -11.318  48.922 0.0000000000
103317  38.517  -11.067  48.894 0.0000000000
103329  37.944  -10.313  47.519 0.0000000000
103339  41.748  -10.935  46.317 0.0000000000
103350  42.509  -10.804  45.409 0.0000000000
103375  43.737  -10.404  44.222 0.0000000000
103389  43.985  -10.950  43.866 0.0000000000
104665  37.989  -10.727  48.947 0.0000000000
104676  37.887  -10.516  48.615 0.0000000000
104703  39.280  -9.762  45.884 0.0000000000
104705  38.354  -10.375  46.256 0.0000000000
106043  39.172  -9.758  47.410 0.0000000000
106068  42.292  -8.953  45.310 0.0000000000
106080  44.457  -9.202  43.350 0.0000000000
106089  39.875  -9.078  42.351 0.0000000000
107409  41.442  -8.814  46.261 0.0000000000
107441  44.033  -8.458  43.787 0.0000000000
107462  44.881  -8.242  43.012 0.0000000000
107463  44.745  -8.765  43.071 0.0000000000
107465  40.249  -8.568  42.265 0.0000000000
107475  45.126  -8.156  42.499 0.0000000000
107476  45.083  -8.413  42.142 0.0000000000
108915  40.802  -8.270  45.466 0.0000000000
108970  44.764  -7.844  43.211 0.0000000000
108971  44.469  -7.527  43.509 0.0000000000
108990  41.251  -7.373  43.097 0.0000000000
109027  40.788  -7.568  41.463 0.0000000000
110578  41.508  -7.215  44.507 0.0000000000
110607  44.471  -6.701  43.510 0.0000000000
110635  41.752  -6.416  42.436 0.0000000000
112089  42.326  -6.476  44.545 0.0000000000
112090  42.066  -6.528  44.359 0.0000000000
112123  44.782  -6.152  43.091 0.0000000000
112172  41.607  -5.446  40.499 0.0000000000
113633  42.499  -5.568  43.529 0.0000000000
113643  44.874  -5.379  42.845 0.0000000000
113659  42.549  -4.846  42.717 0.0000000000
113691  41.522  -5.333  40.269 0.0000000000
114973  42.983  -4.910  43.905 0.0000000000
114978  43.181  -4.248  43.715 0.0000000000
114979  42.924  -4.488  43.558 0.0000000000
114984  44.681  -4.382  42.948 0.0000000000
115008  41.769  -4.160  40.336 0.0000000000
116330  43.876  -4.172  43.704 0.0000000000
116331  43.702  -4.374  43.775 0.0000000000
116343  44.100  -3.778  43.451 0.0000000000
116345  42.949  -4.121  43.566 0.0000000000
116367  44.709  -3.318  42.457 0.0000000000
116369  42.493  -3.705  41.885 0.0000000000
116391  41.324  -3.463  39.469 0.0000000000
116441  50.843  -3.170  35.485 0.0000000000
116460  51.329  -3.121  34.639 0.0000000000
116461  51.012  -3.455  34.307 0.0000000000
116504  50.512  -3.242  32.361 0.0000000000
117882  42.598  -2.563  41.390 0.0000000000
117889  41.859  -2.822  40.392 0.0000000000
117904  40.875  -2.749  38.637 0.0000000000
117911  47.312  -2.400  37.953 0.0000000000
117937  49.970  -2.790  36.358 0.0000000000
117959  51.446  -2.750  34.857 0.0000000000
117960  51.179  -2.826  35.203 0.0000000000
118036  50.339  -3.196  31.375 0.0000000000
118053  51.754  -2.349  31.007 0.0000000000
119294  43.487  -2.664  42.684 0.0000000000
119348  42.227  -2.152  40.664 0.0000000000
119359  41.321  -2.129  39.426 0.0000000000
119375  48.052  -1.942  37.932 0.0000000000
119377  46.854  -1.811  38.485 0.0000000000
119408  51.223  -2.243  35.264 0.0000000000
119409  50.993  -2.130  35.419 0.0000000000
119411  45.190  -1.703  35.133 0.0000000000
119475  53.331  -1.714  32.673 0.0000000000
119477  48.809  -1.557  32.752 0.0000000000
119487  48.849  -1.633  32.429 0.0000000000
119511  51.188  -2.212  29.573 0.0000000000
120742  44.811  -1.466  41.740 0.0000000000
120743  44.172  -1.329  42.033 0.0000000000
120788  45.967  -1.042  39.976 0.0000000000
120809  46.591  -0.935  39.354 0.0000000000
120832  47.201  -0.987  38.812 0.0000000000
120834  46.312  -1.419  39.198 0.0000000000
120835  41.392  -0.897  38.974 0.0000000000
120855  40.162  -1.375  37.618 0.0000000000
120863  49.047  -1.483  37.187 0.0000000000
120867  42.873  -0.883  36.890 0.0000000000
120869  41.616  -0.611  36.850 0.0000000000
120878  49.360  -1.522  36.737 0.0000000000
120917  50.415  -1.099  35.456 0.0000000000
120937  47.588  -1.335  34.100 0.0000000000
120944  53.364  -1.224  32.877 0.0000000000
120950  48.344  -1.298  33.506 0.0000000000
120956  53.839  -0.904  31.950 0.0000000000
122226  44.446  -0.830  41.619 0.0000000000
122261  45.766  -0.680  40.433 0.0000000000
122275  46.282  -0.641  39.789 0.0000000000
122322  47.679  -0.795  38.490 0.0000000000
122323  45.908  0.067  37.720 0.0000000000
122328  41.948  -0.264  38.016 0.0000000000
122329  41.059  -0.613  38.150 0.0000000000
122345  46.599  0.016  37.135 0.0000000000
122359  49.563  -1.124  36.377 0.0000000000
122379  46.083  -0.935  35.800 0.0000000000
122384  50.384  -0.755  35.074 0.0000000000
122400  53.432  -0.853  32.773 0.0000000000
122409  53.559  -0.682  32.392 0.0000000000
122420  53.745  -0.452  31.744 0.0000000000
122433  52.208  -0.159  31.363 0.0000000000
122447  51.468  -0.240  30.561 0.0000000000
122460  50.762  -0.252  29.696 0.0000000000
123691  45.414  -0.308  40.665 0.0000000000
123693  44.578  0.033  40.895 0.0000000000
123723  43.116  0.168  39.642 0.0000000000
123797  47.208  0.212  37.075 0.0000000000
123865  52.241  0.969  29.545 0.0000000000
125268  51.675  1.378  28.824 0.0000000000
125357  56.031  0.736  25.195 0.0000000000
126622  54.493  2.291  28.653 0.0000000000
126667  54.318  2.075  26.744 0.0000000000
127973  54.526  2.323  28.184 0.0000000000
129341  53.921  2.943  28.544 0.0000000000
129353  53.483  3.407  28.147 0.0000000000
129362  53.559  2.963  27.753 0.0000000000
129363  53.296  3.402  27.448 0.0000000000
