#!ascii label  , from subject FS6EXPERT_subj01_ver10 vox2ras=TkReg
1151
164118  42.787  23.804  12.891 0.0000000000
169349  42.078  26.658  3.943 0.0000000000
177245  44.592  32.176  0.214 0.0000000000
161570  45.070  22.142  -3.663 0.0000000000
159937  42.228  20.982  9.745 0.0000000000
178279  48.177  33.225  4.553 0.0000000000
166993  44.023  24.888  -2.113 0.0000000000
171786  38.941  28.325  4.649 0.0000000000
175031  44.734  31.005  7.450 0.0000000000
171724  39.860  27.871  9.910 0.0000000000
166842  43.844  24.638  7.547 0.0000000000
178306  42.001  32.873  2.216 0.0000000000
171827  40.633  27.804  0.034 0.0000000000
173981  45.373  29.736  1.265 0.0000000000
172999  43.121  28.899  -4.771 0.0000000000
175045  39.856  30.905  5.755 0.0000000000
172827  41.715  29.411  11.755 0.0000000000
168055  40.624  26.090  12.761 0.0000000000
162807  42.532  23.159  8.389 0.0000000000
179410  45.417  33.927  1.208 0.0000000000
180510  43.738  34.771  0.828 0.0000000000
177218  43.438  32.560  1.238 0.0000000000
173975  42.294  30.166  1.593 0.0000000000
173990  43.266  30.503  -0.141 0.0000000000
172898  42.670  29.166  5.203 0.0000000000
175058  44.933  30.613  4.394 0.0000000000
171800  43.676  28.357  2.782 0.0000000000
167026  45.455  24.797  -5.039 0.0000000000
169408  43.787  26.810  -4.073 0.0000000000
167038  43.191  25.120  -5.104 0.0000000000
167006  41.548  25.353  -2.721 0.0000000000
160098  43.204  21.827  -2.110 0.0000000000
155990  42.149  18.523  1.412 0.0000000000
159894  42.059  21.617  12.376 0.0000000000
162762  41.815  22.601  11.384 0.0000000000
177207  46.702  32.484  1.942 0.0000000000
164254  43.385  23.505  3.359 0.0000000000
166940  43.247  25.123  1.334 0.0000000000
164310  44.728  23.460  0.468 0.0000000000
165705  46.422  24.305  -2.764 0.0000000000
176081  46.744  31.972  9.307 0.0000000000
176064  44.126  31.146  10.330 0.0000000000
173900  41.728  29.731  8.969 0.0000000000
170558  40.690  27.376  6.387 0.0000000000
164155  40.684  24.140  10.003 0.0000000000
166846  41.104  25.141  7.671 0.0000000000
165557  41.943  24.545  5.851 0.0000000000
164207  45.019  23.713  5.456 0.0000000000
162751  40.318  22.310  13.511 0.0000000000
180513  41.288  34.921  1.286 0.0000000000
178289  40.518  32.922  3.880 0.0000000000
173952  41.245  30.516  3.698 0.0000000000
171812  39.798  27.913  2.069 0.0000000000
168161  38.863  25.784  1.269 0.0000000000
176120  46.722  31.717  5.832 0.0000000000
175075  46.406  30.966  3.107 0.0000000000
175111  46.428  31.052  -0.286 0.0000000000
170615  43.666  27.227  -0.440 0.0000000000
172981  44.675  29.255  -2.597 0.0000000000
175146  44.439  30.847  -2.789 0.0000000000
171850  41.631  28.030  -2.096 0.0000000000
166982  40.434  25.104  -0.781 0.0000000000
176113  39.036  31.389  6.546 0.0000000000
177169  39.204  32.248  5.893 0.0000000000
169263  41.542  26.846  13.110 0.0000000000
165457  41.592  24.552  12.995 0.0000000000
178326  45.100  32.789  1.144 0.0000000000
178315  44.328  33.354  1.134 0.0000000000
177232  44.282  32.428  0.706 0.0000000000
176183  43.507  31.627  0.516 0.0000000000
176197  43.726  31.434  -0.082 0.0000000000
171783  42.244  28.078  4.484 0.0000000000
171781  43.266  28.625  3.846 0.0000000000
170589  42.962  27.370  2.907 0.0000000000
164396  45.102  23.398  -4.788 0.0000000000
165742  44.621  24.390  -5.221 0.0000000000
164384  43.817  23.262  -4.141 0.0000000000
162968  43.263  22.915  -3.134 0.0000000000
160106  43.882  21.860  -2.892 0.0000000000
157366  43.282  20.332  -1.630 0.0000000000
160096  44.348  20.855  -2.536 0.0000000000
159906  41.612  21.033  11.578 0.0000000000
179401  46.964  33.832  2.324 0.0000000000
178294  47.584  33.158  3.103 0.0000000000
162871  44.777  22.804  3.282 0.0000000000
164280  44.155  23.358  1.915 0.0000000000
162904  45.574  23.044  1.505 0.0000000000
164359  46.966  24.283  -1.855 0.0000000000
167025  47.968  24.956  -3.556 0.0000000000
164393  47.108  24.131  -4.643 0.0000000000
171715  40.704  28.813  10.698 0.0000000000
173882  41.807  29.847  10.573 0.0000000000
172855  40.617  28.681  9.032 0.0000000000
172873  41.262  28.918  7.450 0.0000000000
170541  40.335  27.566  7.559 0.0000000000
161378  42.089  21.776  10.654 0.0000000000
164136  40.841  23.538  11.107 0.0000000000
162784  41.604  22.723  9.529 0.0000000000
164177  43.439  23.547  7.997 0.0000000000
165512  42.034  24.332  8.569 0.0000000000
166821  42.882  24.610  7.894 0.0000000000
166863  41.466  24.947  6.609 0.0000000000
166862  42.943  24.505  6.857 0.0000000000
165555  43.387  24.027  5.825 0.0000000000
165537  44.359  24.383  6.378 0.0000000000
166878  46.801  24.777  6.223 0.0000000000
179414  42.285  33.818  1.389 0.0000000000
181584  42.459  35.165  0.713 0.0000000000
179415  41.664  34.289  1.519 0.0000000000
180491  40.425  34.217  2.521 0.0000000000
178296  41.288  32.890  3.046 0.0000000000
176141  40.890  31.677  4.255 0.0000000000
175069  41.836  31.252  3.176 0.0000000000
172940  41.616  28.982  0.910 0.0000000000
171810  41.110  28.893  2.189 0.0000000000
171819  40.448  28.026  0.887 0.0000000000
170605  39.109  26.947  1.528 0.0000000000
170611  39.728  27.055  0.669 0.0000000000
176092  45.840  31.546  8.486 0.0000000000
176100  46.511  31.796  7.670 0.0000000000
176111  45.960  31.585  6.938 0.0000000000
173965  44.901  29.783  2.912 0.0000000000
175067  45.885  30.932  3.835 0.0000000000
175086  45.926  30.373  2.138 0.0000000000
175094  46.403  30.994  1.308 0.0000000000
173988  45.848  30.168  0.961 0.0000000000
166967  43.600  24.976  -0.282 0.0000000000
169380  43.492  26.535  0.095 0.0000000000
169392  43.533  26.525  -1.520 0.0000000000
170653  43.558  27.601  -5.060 0.0000000000
171865  43.908  28.119  -3.302 0.0000000000
172997  44.314  29.115  -4.074 0.0000000000
174044  45.061  30.118  -3.270 0.0000000000
174046  43.738  30.088  -3.734 0.0000000000
174022  43.000  29.809  -2.554 0.0000000000
172983  42.310  28.600  -3.436 0.0000000000
164350  41.800  23.632  -1.477 0.0000000000
166994  40.910  25.231  -1.599 0.0000000000
164332  41.163  23.818  -0.559 0.0000000000
164297  40.609  23.661  0.588 0.0000000000
178265  48.366  33.272  5.923 0.0000000000
172883  38.809  29.524  6.429 0.0000000000
172902  39.249  29.009  5.394 0.0000000000
173863  42.701  29.939  12.419 0.0000000000
171690  42.298  28.329  13.142 0.0000000000
170495  40.906  27.579  12.465 0.0000000000
169281  39.728  26.893  11.475 0.0000000000
161400  42.172  22.152  8.841 0.0000000000
180509  44.539  34.743  0.875 0.0000000000
178316  43.656  33.259  1.173 0.0000000000
177219  42.972  32.196  1.543 0.0000000000
176167  42.255  31.302  2.323 0.0000000000
176175  42.870  31.500  1.365 0.0000000000
173982  42.691  30.308  0.976 0.0000000000
172946  42.433  29.574  -0.005 0.0000000000
175033  43.365  30.312  6.638 0.0000000000
175050  45.052  30.944  5.532 0.0000000000
173950  43.978  29.854  4.426 0.0000000000
173958  44.372  29.620  3.490 0.0000000000
172931  44.493  28.990  1.970 0.0000000000
165722  44.731  24.909  -3.614 0.0000000000
168201  43.707  25.851  -2.729 0.0000000000
168212  44.324  25.725  -4.588 0.0000000000
168221  43.999  26.011  -5.140 0.0000000000
169409  42.785  26.823  -5.057 0.0000000000
169404  41.927  26.785  -3.971 0.0000000000
167018  42.292  25.145  -3.764 0.0000000000
164363  42.453  23.653  -2.588 0.0000000000
161529  42.618  22.096  -0.917 0.0000000000
156001  42.597  18.715  0.340 0.0000000000
162756  43.207  22.585  12.424 0.0000000000
164126  42.342  23.344  12.487 0.0000000000
161365  42.656  21.810  11.795 0.0000000000
161377  42.419  21.553  11.180 0.0000000000
180506  46.484  34.591  1.650 0.0000000000
178312  46.211  33.226  1.561 0.0000000000
177230  45.439  32.397  1.027 0.0000000000
165598  42.554  24.502  3.635 0.0000000000
168154  42.886  25.855  2.404 0.0000000000
165623  43.242  24.444  1.994 0.0000000000
165648  43.693  24.291  0.438 0.0000000000
165659  44.324  24.024  -0.864 0.0000000000
164327  46.279  23.659  -0.485 0.0000000000
164348  45.724  23.721  -1.177 0.0000000000
165706  45.522  24.247  -2.866 0.0000000000
165720  46.031  24.493  -3.612 0.0000000000
164405  46.076  24.019  -5.100 0.0000000000
162976  46.069  22.534  -3.809 0.0000000000
160103  45.498  21.236  -2.555 0.0000000000
176071  45.318  31.580  10.103 0.0000000000
176084  44.698  31.170  9.088 0.0000000000
174973  42.965  30.649  11.121 0.0000000000
174993  43.059  30.524  9.585 0.0000000000
175015  43.004  30.386  7.967 0.0000000000
173926  42.219  29.607  6.895 0.0000000000
171753  41.649  28.686  6.195 0.0000000000
170566  41.333  27.212  5.190 0.0000000000
164127  41.433  23.557  12.177 0.0000000000
165470  39.950  24.896  11.478 0.0000000000
166805  39.650  25.587  10.236 0.0000000000
162795  41.584  23.341  9.201 0.0000000000
165497  41.120  24.515  9.174 0.0000000000
169307  39.885  26.565  8.495 0.0000000000
168115  40.386  26.063  7.345 0.0000000000
168131  40.975  25.989  5.861 0.0000000000
166902  41.677  25.171  4.681 0.0000000000
165585  42.484  24.222  4.363 0.0000000000
164239  44.287  23.098  4.352 0.0000000000
164237  45.681  23.065  4.388 0.0000000000
166880  45.432  24.535  6.340 0.0000000000
165571  46.097  23.786  5.328 0.0000000000
161356  43.331  22.212  12.742 0.0000000000
161358  41.738  21.853  12.637 0.0000000000
159888  39.333  21.232  13.332 0.0000000000
182533  41.778  36.668  0.561 0.0000000000
180501  39.800  35.156  1.992 0.0000000000
177186  40.355  32.334  4.593 0.0000000000
173944  40.342  30.103  4.798 0.0000000000
172909  40.310  29.450  4.287 0.0000000000
173968  41.662  30.161  2.896 0.0000000000
172926  41.065  29.309  2.942 0.0000000000
171804  39.186  27.953  3.158 0.0000000000
177175  47.858  32.235  5.135 0.0000000000
175049  45.615  31.214  5.356 0.0000000000
176139  46.904  31.516  4.263 0.0000000000
176138  47.507  31.746  3.891 0.0000000000
176156  47.158  31.805  2.251 0.0000000000
176181  46.160  31.729  1.149 0.0000000000
176194  45.805  31.782  -0.185 0.0000000000
169367  43.345  26.690  1.563 0.0000000000
171824  43.942  27.876  0.590 0.0000000000
171831  44.295  28.419  0.131 0.0000000000
170629  43.606  27.310  -2.042 0.0000000000
171848  44.218  28.531  -1.383 0.0000000000
172961  45.079  29.420  -0.714 0.0000000000
174019  45.842  30.244  -1.542 0.0000000000
176219  45.970  31.103  -1.863 0.0000000000
176210  44.574  31.559  -0.914 0.0000000000
175134  43.807  30.681  -1.735 0.0000000000
172963  42.526  29.357  -1.252 0.0000000000
171842  41.634  28.345  -1.137 0.0000000000
169400  41.236  26.629  -2.683 0.0000000000
169388  40.783  26.933  -1.604 0.0000000000
170625  40.426  27.042  -0.835 0.0000000000
166969  39.684  25.369  0.256 0.0000000000
155967  41.636  18.716  2.452 0.0000000000
177178  39.094  32.496  5.808 0.0000000000
178273  38.879  32.970  5.636 0.0000000000
165456  42.441  24.526  13.149 0.0000000000
166772  42.118  25.292  13.317 0.0000000000
177231  44.866  32.493  0.741 0.0000000000
178327  44.576  32.838  1.056 0.0000000000
177246  43.984  31.995  0.280 0.0000000000
176196  44.284  31.767  -0.287 0.0000000000
170573  41.999  27.314  4.279 0.0000000000
170572  42.512  27.778  3.962 0.0000000000
169348  42.413  26.826  3.516 0.0000000000
162989  44.852  22.938  -4.389 0.0000000000
162990  44.398  22.948  -4.209 0.0000000000
162979  43.968  22.837  -3.832 0.0000000000
161561  44.182  22.004  -3.238 0.0000000000
160105  44.305  21.518  -2.874 0.0000000000
161560  44.766  21.761  -3.295 0.0000000000
179373  48.109  33.880  4.726 0.0000000000
179386  47.947  33.779  4.109 0.0000000000
179393  47.694  33.847  3.516 0.0000000000
178287  47.903  33.236  3.687 0.0000000000
162870  45.406  22.757  3.315 0.0000000000
162894  45.209  22.882  2.162 0.0000000000
162893  45.828  22.917  2.031 0.0000000000
167014  48.159  25.021  -2.997 0.0000000000
167013  48.678  25.103  -3.514 0.0000000000
165729  48.304  24.787  -4.349 0.0000000000
170575  38.471  27.827  4.185 0.0000000000
171716  40.233  28.336  10.559 0.0000000000
172846  40.631  28.862  9.755 0.0000000000
171723  40.203  28.330  9.580 0.0000000000
172865  40.556  28.484  8.584 0.0000000000
170526  39.924  27.671  9.041 0.0000000000
161388  41.983  21.905  9.716 0.0000000000
162774  41.582  22.433  10.422 0.0000000000
165509  43.696  24.132  7.943 0.0000000000
165510  43.177  24.116  8.131 0.0000000000
166820  43.387  24.522  7.875 0.0000000000
166844  42.488  24.585  7.232 0.0000000000
166843  43.180  24.644  7.383 0.0000000000
166861  43.508  24.539  6.892 0.0000000000
166860  44.166  24.588  6.901 0.0000000000
178318  42.292  33.168  1.711 0.0000000000
179402  42.011  33.369  1.834 0.0000000000
179403  41.511  33.640  2.078 0.0000000000
178295  41.653  32.809  2.688 0.0000000000
177201  41.744  32.338  2.921 0.0000000000
171826  41.339  28.533  0.359 0.0000000000
171818  41.109  28.621  1.349 0.0000000000
170603  39.939  27.455  0.894 0.0000000000
170610  40.072  27.318  0.320 0.0000000000
176102  45.242  31.285  7.921 0.0000000000
176101  45.779  31.513  7.637 0.0000000000
176112  45.326  31.292  7.147 0.0000000000
173973  45.202  29.725  2.041 0.0000000000
173972  45.504  30.073  2.418 0.0000000000
173980  45.676  30.087  1.720 0.0000000000
173989  45.474  29.798  0.470 0.0000000000
166980  43.743  24.949  -1.154 0.0000000000
168185  43.543  25.742  -0.935 0.0000000000
168193  43.611  25.743  -1.815 0.0000000000
171884  43.232  28.339  -5.216 0.0000000000
171874  43.992  28.314  -4.125 0.0000000000
172998  43.847  28.979  -4.694 0.0000000000
174056  44.116  29.698  -4.462 0.0000000000
174057  43.425  29.503  -4.413 0.0000000000
174047  42.978  29.571  -3.890 0.0000000000
171866  42.545  28.377  -4.171 0.0000000000
162919  41.738  22.880  -0.330 0.0000000000
164331  41.558  23.666  -1.065 0.0000000000
162920  41.325  23.082  0.057 0.0000000000
161517  41.435  22.653  0.662 0.0000000000
175035  39.329  30.728  6.340 0.0000000000
173927  39.294  30.237  6.274 0.0000000000
172891  39.453  29.569  5.718 0.0000000000
173936  39.478  30.014  5.952 0.0000000000
171689  42.946  28.449  13.416 0.0000000000
170489  42.696  27.634  13.453 0.0000000000
168054  41.156  26.142  13.044 0.0000000000
170491  41.324  27.528  12.820 0.0000000000
169264  40.810  26.860  12.727 0.0000000000
170504  40.276  27.547  11.697 0.0000000000
168059  40.237  26.112  12.404 0.0000000000
180507  45.910  34.646  1.287 0.0000000000
180508  45.257  34.722  1.032 0.0000000000
178328  44.002  32.775  1.058 0.0000000000
178317  42.857  33.022  1.479 0.0000000000
176174  43.255  31.909  1.047 0.0000000000
175104  43.295  30.889  0.232 0.0000000000
175105  42.989  30.637  0.691 0.0000000000
173991  42.796  29.987  0.137 0.0000000000
173992  42.414  29.666  0.392 0.0000000000
172954  42.486  29.478  -0.404 0.0000000000
173935  42.860  29.668  5.718 0.0000000000
173933  43.698  30.284  5.787 0.0000000000
173942  43.285  29.639  5.113 0.0000000000
171791  43.436  28.428  3.344 0.0000000000
172915  43.673  28.906  3.577 0.0000000000
172923  43.762  28.702  3.138 0.0000000000
172922  44.252  29.099  2.877 0.0000000000
171808  44.184  28.653  2.210 0.0000000000
167015  44.929  25.092  -4.281 0.0000000000
167016  44.551  25.248  -4.036 0.0000000000
167028  44.645  25.320  -4.672 0.0000000000
165743  43.956  24.396  -5.116 0.0000000000
167037  43.715  25.237  -5.377 0.0000000000
169416  43.427  26.843  -5.333 0.0000000000
168222  43.125  25.938  -5.274 0.0000000000
167029  42.652  25.380  -4.466 0.0000000000
161551  43.122  22.477  -2.489 0.0000000000
164375  42.745  23.696  -3.060 0.0000000000
162956  42.628  23.146  -2.413 0.0000000000
162947  42.453  22.994  -1.976 0.0000000000
160088  42.961  21.579  -1.388 0.0000000000
157365  43.678  19.827  -1.762 0.0000000000
157360  43.042  19.633  -1.029 0.0000000000
161364  43.029  22.087  12.247 0.0000000000
162760  42.860  22.312  12.067 0.0000000000
159922  42.248  21.322  11.472 0.0000000000
159923  42.060  20.990  10.785 0.0000000000
178304  46.621  33.209  1.978 0.0000000000
179408  46.562  33.852  1.814 0.0000000000
177208  46.398  32.858  1.673 0.0000000000
177217  45.570  32.664  1.326 0.0000000000
177216  45.984  32.594  1.442 0.0000000000
164255  42.979  23.795  3.499 0.0000000000
165612  42.968  24.317  2.843 0.0000000000
164267  43.392  23.725  2.658 0.0000000000
164295  44.606  23.286  1.330 0.0000000000
164296  43.869  23.714  1.184 0.0000000000
164311  44.166  23.712  0.490 0.0000000000
165660  44.003  24.141  -0.412 0.0000000000
164329  44.706  23.655  -0.450 0.0000000000
164307  46.889  23.625  0.241 0.0000000000
164326  46.979  23.865  -0.567 0.0000000000
165690  46.894  24.329  -2.239 0.0000000000
164360  46.492  24.114  -1.984 0.0000000000
164373  45.956  24.099  -2.411 0.0000000000
165691  45.413  24.073  -2.350 0.0000000000
162985  47.391  23.789  -4.445 0.0000000000
164404  46.507  24.196  -4.795 0.0000000000
162986  46.985  23.512  -4.441 0.0000000000
162987  46.338  23.147  -4.433 0.0000000000
162975  46.920  22.993  -3.913 0.0000000000
162966  46.314  22.222  -3.343 0.0000000000
176063  44.633  31.448  10.587 0.0000000000
176072  44.590  31.236  9.812 0.0000000000
176083  45.282  31.427  9.275 0.0000000000
174991  44.206  31.034  9.728 0.0000000000
173864  42.148  29.765  11.933 0.0000000000
173873  42.515  30.212  11.586 0.0000000000
173874  42.003  29.870  11.327 0.0000000000
173891  41.871  29.877  9.748 0.0000000000
173890  42.438  30.219  10.068 0.0000000000
173899  42.444  30.126  9.272 0.0000000000
175004  43.047  30.422  8.784 0.0000000000
173910  42.448  30.084  8.448 0.0000000000
173918  42.538  30.004  7.606 0.0000000000
173911  41.962  29.752  8.082 0.0000000000
171745  41.024  28.502  7.238 0.0000000000
172882  41.333  28.812  7.018 0.0000000000
171763  41.311  28.142  6.033 0.0000000000
171773  41.509  27.900  5.431 0.0000000000
170557  40.967  27.325  5.905 0.0000000000
162758  42.140  22.905  12.052 0.0000000000
164145  40.856  23.680  10.202 0.0000000000
164137  40.321  24.281  11.242 0.0000000000
164146  40.477  24.131  10.536 0.0000000000
165479  39.777  25.122  10.990 0.0000000000
165487  40.388  24.640  9.977 0.0000000000
161414  42.508  22.649  8.422 0.0000000000
162794  42.025  23.043  8.788 0.0000000000
166823  41.633  24.812  8.105 0.0000000000
165513  41.517  24.619  8.681 0.0000000000
166824  41.024  25.032  8.461 0.0000000000
166825  40.372  25.424  8.635 0.0000000000
166847  40.572  25.476  7.924 0.0000000000
168104  40.176  26.031  8.196 0.0000000000
166865  40.698  25.487  7.368 0.0000000000
165541  41.830  24.656  6.421 0.0000000000
166882  41.107  25.411  6.262 0.0000000000
166894  41.573  24.976  5.402 0.0000000000
166903  41.365  25.475  5.122 0.0000000000
165573  41.986  24.520  5.162 0.0000000000
165586  42.098  24.578  4.517 0.0000000000
165572  42.421  24.181  4.941 0.0000000000
164208  44.386  23.667  5.450 0.0000000000
164209  43.687  23.692  5.369 0.0000000000
164222  44.694  23.344  4.954 0.0000000000
164238  44.992  23.045  4.441 0.0000000000
164221  45.485  23.469  5.032 0.0000000000
166858  45.680  24.896  6.904 0.0000000000
165551  46.411  24.240  5.751 0.0000000000
165550  47.095  24.295  5.660 0.0000000000
161349  42.720  22.312  13.236 0.0000000000
162749  41.377  22.513  13.510 0.0000000000
161350  41.939  22.189  13.091 0.0000000000
161351  41.171  22.114  13.107 0.0000000000
161360  40.582  21.502  12.703 0.0000000000
161352  40.243  21.965  13.233 0.0000000000
181585  41.889  35.379  0.775 0.0000000000
181594  42.566  35.828  0.535 0.0000000000
181586  41.162  35.759  0.870 0.0000000000
182534  41.367  36.822  0.746 0.0000000000
181587  40.340  36.007  1.211 0.0000000000
180514  40.661  35.339  1.315 0.0000000000
179387  40.500  33.480  3.380 0.0000000000
178290  40.042  33.230  4.244 0.0000000000
178281  39.748  33.031  4.826 0.0000000000
178280  40.192  32.899  4.403 0.0000000000
175060  41.156  30.937  3.991 0.0000000000
175061  40.738  30.883  4.555 0.0000000000
173953  40.932  30.155  3.981 0.0000000000
172900  40.144  29.649  4.753 0.0000000000
175088  42.202  30.651  2.181 0.0000000000
175078  41.921  30.788  2.830 0.0000000000
173967  41.932  30.052  2.401 0.0000000000
171811  40.450  28.345  1.931 0.0000000000
171802  40.813  28.956  2.761 0.0000000000
171803  39.934  28.318  2.791 0.0000000000
171793  40.310  28.900  3.516 0.0000000000
170590  39.313  27.681  2.424 0.0000000000
177143  47.422  32.186  8.688 0.0000000000
176110  46.639  31.808  6.678 0.0000000000
177160  47.264  32.031  7.170 0.0000000000
176109  47.296  31.981  6.308 0.0000000000
177168  47.847  32.243  5.921 0.0000000000
176119  47.347  31.909  5.487 0.0000000000
175051  44.343  30.430  5.035 0.0000000000
175057  45.651  31.084  4.831 0.0000000000
176149  46.475  31.252  3.947 0.0000000000
176148  46.874  31.360  3.499 0.0000000000
176147  47.394  31.774  3.047 0.0000000000
176157  46.954  31.242  2.663 0.0000000000
175093  46.466  31.474  1.188 0.0000000000
175102  46.556  31.427  0.691 0.0000000000
177242  45.985  31.899  0.796 0.0000000000
175110  46.291  31.569  0.160 0.0000000000
168160  43.010  25.660  1.931 0.0000000000
168153  43.078  26.181  1.912 0.0000000000
168159  43.195  25.919  1.419 0.0000000000
170609  43.642  27.250  0.324 0.0000000000
171832  43.948  27.860  -0.166 0.0000000000
171823  44.294  28.425  0.886 0.0000000000
169403  43.662  26.688  -3.248 0.0000000000
169398  43.567  26.584  -2.379 0.0000000000
170635  43.669  27.385  -2.874 0.0000000000
171864  44.235  28.655  -2.935 0.0000000000
171856  44.210  28.615  -2.162 0.0000000000
172972  44.604  29.101  -1.791 0.0000000000
172962  44.631  29.009  -1.051 0.0000000000
172971  45.042  29.473  -1.444 0.0000000000
174010  45.487  29.867  -1.123 0.0000000000
174020  45.414  29.872  -1.839 0.0000000000
175145  45.155  30.677  -2.996 0.0000000000
176225  45.874  30.849  -2.227 0.0000000000
176227  44.957  31.229  -2.377 0.0000000000
176209  45.280  31.671  -1.040 0.0000000000
176221  44.781  31.423  -1.632 0.0000000000
175122  44.178  31.144  -1.361 0.0000000000
172974  42.170  28.690  -2.597 0.0000000000
172973  42.567  29.285  -2.153 0.0000000000
172964  42.083  28.794  -1.664 0.0000000000
168208  41.819  26.107  -3.682 0.0000000000
169399  41.580  26.732  -3.316 0.0000000000
168202  41.488  26.016  -3.066 0.0000000000
166981  40.700  25.083  -1.191 0.0000000000
168194  40.866  25.848  -1.947 0.0000000000
169389  40.474  26.562  -1.351 0.0000000000
170624  40.787  27.297  -1.203 0.0000000000
168175  40.011  25.762  -0.470 0.0000000000
169382  39.842  26.157  -0.202 0.0000000000
166968  40.021  25.155  -0.076 0.0000000000
162908  40.539  23.294  1.283 0.0000000000
164298  40.213  23.854  1.047 0.0000000000
158686  42.342  19.633  1.086 0.0000000000
155978  41.916  18.674  1.925 0.0000000000
176114  38.596  31.773  6.872 0.0000000000
176124  39.392  31.706  6.024 0.0000000000
176134  39.719  31.849  5.606 0.0000000000
169262  42.264  26.850  13.376 0.0000000000
168053  41.839  26.092  13.286 0.0000000000
166773  41.366  25.373  13.118 0.0000000000
178314  44.945  33.323  1.190 0.0000000000
179411  44.755  33.997  1.090 0.0000000000
177233  43.724  32.246  0.798 0.0000000000
175112  43.537  30.872  -0.388 0.0000000000
171771  42.509  28.627  4.710 0.0000000000
172908  42.829  28.891  4.629 0.0000000000
171782  42.819  28.478  4.239 0.0000000000
171792  42.966  28.128  3.623 0.0000000000
170580  43.164  27.899  3.078 0.0000000000
165741  45.142  24.276  -5.204 0.0000000000
167035  45.063  24.740  -5.234 0.0000000000
164407  44.785  23.869  -5.044 0.0000000000
164408  44.348  24.000  -5.016 0.0000000000
164398  43.642  23.856  -4.489 0.0000000000
165735  43.306  24.420  -4.628 0.0000000000
164385  43.428  23.532  -3.919 0.0000000000
162967  43.616  22.769  -3.449 0.0000000000
161550  43.503  22.052  -2.676 0.0000000000
158725  43.277  21.047  -1.838 0.0000000000
160097  43.716  21.362  -2.474 0.0000000000
158724  43.753  20.567  -2.097 0.0000000000
157364  44.228  19.582  -1.622 0.0000000000
159895  41.625  21.456  12.254 0.0000000000
159905  42.226  21.390  12.042 0.0000000000
180497  47.268  34.512  2.665 0.0000000000
180488  47.540  34.563  3.314 0.0000000000
179400  47.391  33.837  2.877 0.0000000000
178303  47.064  33.142  2.501 0.0000000000
162872  44.204  22.970  3.278 0.0000000000
164266  43.856  23.390  2.378 0.0000000000
162884  44.346  23.032  2.634 0.0000000000
162906  44.919  23.019  1.801 0.0000000000
164294  45.247  23.224  1.101 0.0000000000
164345  47.526  24.292  -1.114 0.0000000000
165688  48.127  24.691  -1.834 0.0000000000
165703  47.855  24.778  -2.503 0.0000000000
165704  47.189  24.490  -2.688 0.0000000000
165719  46.890  24.498  -3.437 0.0000000000
165730  47.535  24.570  -3.968 0.0000000000
164392  47.823  24.100  -4.286 0.0000000000
176054  44.001  31.286  10.993 0.0000000000
172828  41.223  29.062  11.515 0.0000000000
172836  41.543  29.525  11.189 0.0000000000
172837  41.137  29.247  10.696 0.0000000000
172845  41.083  29.277  9.918 0.0000000000
172853  41.457  29.507  8.862 0.0000000000
172863  41.473  29.444  8.502 0.0000000000
172864  40.991  28.885  8.281 0.0000000000
171736  40.870  28.554  7.726 0.0000000000
164135  41.300  23.110  11.434 0.0000000000
162775  41.162  23.073  10.298 0.0000000000
162785  41.227  23.422  9.666 0.0000000000
164178  42.862  23.591  8.252 0.0000000000
164179  42.309  23.665  8.529 0.0000000000
165511  42.623  24.200  8.303 0.0000000000
166822  42.270  24.702  7.941 0.0000000000
166845  41.702  24.805  7.260 0.0000000000
165529  42.031  24.611  6.826 0.0000000000
165540  42.408  24.412  6.461 0.0000000000
165556  42.602  24.151  5.641 0.0000000000
165539  43.108  24.320  6.337 0.0000000000
165538  43.774  24.332  6.363 0.0000000000
165553  44.839  24.159  6.005 0.0000000000
166857  46.443  25.103  6.906 0.0000000000
166856  47.230  25.113  6.803 0.0000000000
180511  42.865  34.688  0.870 0.0000000000
180520  42.928  35.348  0.650 0.0000000000
180512  42.076  34.710  1.085 0.0000000000
180500  40.501  34.760  1.904 0.0000000000
179404  40.893  34.120  2.210 0.0000000000
179395  40.892  33.628  2.802 0.0000000000
178297  40.837  33.158  3.326 0.0000000000
177196  40.669  32.420  4.057 0.0000000000
177195  41.109  32.288  3.674 0.0000000000
176151  41.313  31.517  3.787 0.0000000000
175070  41.538  30.907  3.444 0.0000000000
172939  41.990  29.463  1.229 0.0000000000
172932  41.855  29.639  2.018 0.0000000000
172933  41.532  29.159  1.738 0.0000000000
170597  39.424  27.432  1.774 0.0000000000
170596  39.927  27.723  1.449 0.0000000000
170604  39.532  27.137  1.144 0.0000000000
169369  39.172  26.470  0.978 0.0000000000
176091  46.773  31.885  8.723 0.0000000000
176121  46.084  31.571  6.142 0.0000000000
175068  45.237  30.369  3.465 0.0000000000
175077  45.339  30.182  3.019 0.0000000000
175076  45.773  30.478  2.870 0.0000000000
175085  46.402  30.872  2.147 0.0000000000
175095  46.089  30.525  1.499 0.0000000000
175103  46.269  30.712  0.715 0.0000000000
166953  43.436  25.051  0.536 0.0000000000
168165  43.351  25.832  0.679 0.0000000000
168174  43.469  25.772  -0.107 0.0000000000
169387  43.528  26.511  -0.695 0.0000000000
170623  43.636  27.253  -1.227 0.0000000000
170646  43.826  27.569  -4.473 0.0000000000
170641  43.784  27.491  -3.700 0.0000000000
171873  44.219  28.681  -3.585 0.0000000000
172990  44.503  29.222  -3.379 0.0000000000
174031  45.248  29.965  -2.605 0.0000000000
174045  44.709  29.906  -3.863 0.0000000000
175158  44.481  30.550  -3.444 0.0000000000
175159  43.958  30.551  -3.108 0.0000000000
174033  43.490  30.227  -2.890 0.0000000000
174034  43.090  29.885  -3.275 0.0000000000
172982  42.639  29.261  -3.144 0.0000000000
171858  41.939  28.060  -3.066 0.0000000000
165694  41.848  24.286  -2.318 0.0000000000
167007  41.254  25.303  -2.193 0.0000000000
164351  41.448  24.030  -1.322 0.0000000000
165677  40.966  24.600  -1.097 0.0000000000
165678  40.681  24.621  -0.711 0.0000000000
165662  40.545  24.448  -0.266 0.0000000000
164312  40.878  23.623  0.192 0.0000000000
162907  40.888  23.203  0.821 0.0000000000
178271  48.247  33.268  5.173 0.0000000000
175036  38.753  30.858  6.900 0.0000000000
171775  38.831  28.596  5.351 0.0000000000
171774  39.317  28.751  5.039 0.0000000000
172815  42.435  29.421  12.606 0.0000000000
172816  42.020  29.171  12.422 0.0000000000
170490  41.943  27.591  13.150 0.0000000000
171691  41.635  28.318  12.723 0.0000000000
171697  40.986  28.312  12.060 0.0000000000
171698  40.572  27.889  11.839 0.0000000000
170512  40.117  27.803  11.215 0.0000000000
170513  39.788  27.524  10.875 0.0000000000
159950  42.291  21.456  9.144 0.0000000000
161399  42.586  21.485  8.579 0.0000000000
161413  42.875  22.051  8.147 0.0000000000
162806  43.058  22.908  8.054 0.0000000000
162805  43.518  23.085  7.849 0.0000000000
164196  43.806  23.335  7.781 0.0000000000
165528  44.227  24.136  7.762 0.0000000000
166841  44.569  24.644  7.467 0.0000000000
181581  45.053  35.626  0.778 0.0000000000
179412  44.048  33.992  1.030 0.0000000000
179413  43.238  33.899  1.069 0.0000000000
177209  42.527  32.461  1.904 0.0000000000
177210  42.236  32.060  2.396 0.0000000000
176166  42.603  31.747  1.903 0.0000000000
175087  42.531  30.970  1.708 0.0000000000
173974  42.588  30.574  1.365 0.0000000000
176184  43.102  31.247  0.829 0.0000000000
175096  42.799  30.873  1.158 0.0000000000
173983  42.402  29.778  0.778 0.0000000000
172947  42.048  29.228  0.252 0.0000000000
171825  41.704  28.771  0.120 0.0000000000
175032  44.085  30.728  6.998 0.0000000000
175041  44.789  30.945  6.582 0.0000000000
175042  43.975  30.533  6.002 0.0000000000
175059  44.436  30.294  4.532 0.0000000000
172907  43.358  29.213  4.427 0.0000000000
173957  44.632  30.113  3.811 0.0000000000
173966  44.520  29.497  3.092 0.0000000000
172930  44.738  29.397  2.343 0.0000000000
172937  44.952  29.314  1.612 0.0000000000
166992  44.401  24.774  -2.791 0.0000000000
167005  44.054  25.316  -3.076 0.0000000000
167017  44.193  25.464  -3.670 0.0000000000
168206  44.182  25.738  -4.094 0.0000000000
168213  43.978  26.198  -4.414 0.0000000000
167036  44.534  25.169  -5.288 0.0000000000
169415  43.835  26.865  -4.802 0.0000000000
170654  42.989  27.581  -5.145 0.0000000000
171876  42.426  27.813  -4.354 0.0000000000
169410  42.291  26.821  -4.573 0.0000000000
168215  42.168  26.145  -4.290 0.0000000000
165724  42.189  24.884  -3.392 0.0000000000
165723  42.621  24.470  -3.641 0.0000000000
165708  42.433  24.180  -3.046 0.0000000000
165709  41.988  24.566  -2.786 0.0000000000
164364  42.055  23.794  -2.188 0.0000000000
161541  42.272  22.666  -1.166 0.0000000000
160065  42.512  21.008  0.141 0.0000000000
157339  42.447  19.243  0.826 0.0000000000
158719  42.962  20.696  -1.168 0.0000000000
157350  42.682  19.470  -0.009 0.0000000000
156002  42.338  18.555  0.901 0.0000000000
164125  43.033  23.160  12.592 0.0000000000
162757  42.682  22.759  12.250 0.0000000000
162761  42.447  22.387  11.811 0.0000000000
161366  42.294  21.999  11.388 0.0000000000
181579  46.320  35.377  1.527 0.0000000000
180498  46.906  34.524  2.140 0.0000000000
179409  46.047  33.870  1.429 0.0000000000
178313  45.569  33.119  1.321 0.0000000000
178325  45.333  32.712  1.268 0.0000000000
166911  42.414  25.337  3.371 0.0000000000
168149  42.625  25.909  2.962 0.0000000000
166921  42.736  25.147  2.906 0.0000000000
166930  43.006  25.017  2.248 0.0000000000
164281  43.606  23.780  1.874 0.0000000000
165636  43.483  24.381  1.218 0.0000000000
165676  44.142  24.379  -1.266 0.0000000000
165693  44.375  24.351  -1.712 0.0000000000
164279  46.265  23.016  1.887 0.0000000000
164308  46.156  23.442  0.338 0.0000000000
164309  45.391  23.410  0.380 0.0000000000
164346  47.095  24.199  -1.324 0.0000000000
164328  45.552  23.577  -0.442 0.0000000000
164349  45.103  23.763  -1.210 0.0000000000
165692  44.890  24.191  -2.131 0.0000000000
165707  44.806  24.582  -3.142 0.0000000000
165721  45.167  24.769  -3.793 0.0000000000
165732  45.688  24.740  -4.458 0.0000000000
165731  46.555  24.469  -4.263 0.0000000000
165739  46.137  24.443  -4.814 0.0000000000
165740  45.661  24.416  -5.102 0.0000000000
164395  45.852  23.466  -4.860 0.0000000000
162988  45.589  22.949  -4.440 0.0000000000
161569  45.551  22.206  -3.697 0.0000000000
160104  44.959  21.269  -2.826 0.0000000000
161559  45.731  21.825  -3.112 0.0000000000
161549  45.887  21.429  -2.484 0.0000000000
176082  46.168  31.765  9.535 0.0000000000
176093  45.024  31.267  8.609 0.0000000000
175021  44.704  31.079  8.174 0.0000000000
174963  43.507  30.845  12.273 0.0000000000
174972  43.456  30.983  11.422 0.0000000000
174981  43.552  30.945  10.691 0.0000000000
173881  42.444  30.261  10.846 0.0000000000
174982  43.016  30.626  10.368 0.0000000000
174992  43.760  30.891  9.901 0.0000000000
175003  43.676  30.747  9.108 0.0000000000
175014  43.615  30.684  8.309 0.0000000000
175022  44.166  30.845  7.848 0.0000000000
175023  43.514  30.598  7.483 0.0000000000
175034  43.013  30.150  6.827 0.0000000000
172889  42.386  29.449  6.106 0.0000000000
172872  41.602  29.340  7.722 0.0000000000
172881  41.876  29.245  6.753 0.0000000000
172890  42.064  28.998  5.884 0.0000000000
171772  42.065  28.415  5.091 0.0000000000
170565  41.775  27.680  4.845 0.0000000000
169342  41.703  26.584  4.448 0.0000000000
164119  42.012  23.944  12.783 0.0000000000
165462  41.363  24.151  12.638 0.0000000000
165463  40.947  24.528  12.562 0.0000000000
164128  40.595  24.103  11.875 0.0000000000
166788  40.012  25.232  12.036 0.0000000000
166789  39.696  25.657  11.629 0.0000000000
168074  39.525  26.236  11.153 0.0000000000
169295  39.587  26.720  9.976 0.0000000000
164154  41.022  23.994  9.671 0.0000000000
164164  41.862  23.739  8.934 0.0000000000
164165  41.410  23.861  9.274 0.0000000000
165486  40.760  24.387  9.645 0.0000000000
166810  40.167  25.249  9.401 0.0000000000
168085  39.813  25.672  9.435 0.0000000000
169308  39.739  26.758  9.007 0.0000000000
169314  40.091  26.737  7.851 0.0000000000
169329  40.550  26.857  6.487 0.0000000000
166864  41.013  25.305  6.951 0.0000000000
168124  40.650  26.000  6.563 0.0000000000
169328  40.765  26.552  6.020 0.0000000000
169336  41.063  26.609  5.509 0.0000000000
168136  41.446  25.943  4.730 0.0000000000
168143  41.832  25.921  4.181 0.0000000000
166912  42.089  25.134  3.961 0.0000000000
164241  42.844  23.773  4.182 0.0000000000
164210  43.063  23.840  5.271 0.0000000000
164224  43.268  23.536  4.783 0.0000000000
164240  43.522  23.344  4.066 0.0000000000
162859  44.575  22.893  3.854 0.0000000000
162858  45.202  22.834  3.875 0.0000000000
162857  45.753  22.866  3.842 0.0000000000
166859  44.909  24.618  6.782 0.0000000000
166879  46.073  24.666  6.300 0.0000000000
165552  45.640  24.054  5.772 0.0000000000
164220  46.193  23.450  4.804 0.0000000000
164236  46.362  23.102  4.140 0.0000000000
164124  43.431  22.982  12.632 0.0000000000
161357  42.502  21.907  12.511 0.0000000000
161359  41.047  21.704  12.671 0.0000000000
161353  39.684  21.745  13.333 0.0000000000
159898  39.577  20.571  12.822 0.0000000000
181564  39.301  35.290  2.321 0.0000000000
180492  39.712  34.646  2.683 0.0000000000
180493  38.977  35.079  2.819 0.0000000000
178272  39.336  32.915  5.259 0.0000000000
177176  40.002  32.267  5.103 0.0000000000
175044  40.055  31.291  5.520 0.0000000000
177185  40.750  32.175  4.137 0.0000000000
176142  40.509  31.530  4.817 0.0000000000
175053  40.071  30.721  5.500 0.0000000000
172901  39.738  29.433  5.141 0.0000000000
172910  39.922  29.090  4.516 0.0000000000
171785  39.577  28.665  4.471 0.0000000000
176158  41.994  31.585  2.872 0.0000000000
173959  41.306  30.083  3.332 0.0000000000
172925  41.395  29.489  2.666 0.0000000000
172916  41.225  29.691  3.129 0.0000000000
173960  41.068  29.915  3.566 0.0000000000
171794  39.687  28.464  3.670 0.0000000000
171795  39.063  28.160  3.933 0.0000000000
170583  38.590  27.630  3.484 0.0000000000
170598  38.917  27.139  2.057 0.0000000000
177151  47.295  32.115  8.028 0.0000000000
177158  48.307  32.650  6.318 0.0000000000
177167  48.204  32.687  5.541 0.0000000000
177174  48.220  32.687  4.816 0.0000000000
176122  45.461  31.321  6.342 0.0000000000
176132  45.657  31.326  5.738 0.0000000000
176131  46.115  31.431  5.346 0.0000000000
176140  46.293  31.342  4.532 0.0000000000
176130  46.810  31.613  5.025 0.0000000000
176129  47.425  31.834  4.695 0.0000000000
177184  47.967  32.199  4.363 0.0000000000
177183  48.171  32.770  4.179 0.0000000000
177193  47.882  32.486  3.535 0.0000000000
177200  47.326  32.457  2.694 0.0000000000
176165  46.923  31.312  2.032 0.0000000000
176164  46.724  31.800  1.764 0.0000000000
177215  46.252  32.085  1.528 0.0000000000
177229  45.905  32.013  1.132 0.0000000000
177243  45.762  32.041  0.599 0.0000000000
177244  45.250  32.196  0.317 0.0000000000
169356  42.722  26.730  2.979 0.0000000000
169355  42.993  27.124  2.656 0.0000000000
170595  43.516  27.410  1.809 0.0000000000
169373  43.424  26.595  0.852 0.0000000000
170602  43.589  27.316  1.069 0.0000000000
171817  43.909  27.949  1.340 0.0000000000
171816  44.257  28.495  1.621 0.0000000000
172938  44.603  28.928  1.219 0.0000000000
172945  44.649  28.923  0.461 0.0000000000
171857  43.827  28.049  -2.512 0.0000000000
171849  43.827  27.979  -1.710 0.0000000000
171841  43.912  27.894  -0.931 0.0000000000
171840  44.289  28.442  -0.627 0.0000000000
172953  44.658  28.949  -0.300 0.0000000000
172952  45.084  29.371  0.056 0.0000000000
173999  45.511  29.855  -0.341 0.0000000000
173998  45.941  30.311  0.116 0.0000000000
174009  45.937  30.335  -0.761 0.0000000000
174030  45.710  30.208  -2.132 0.0000000000
175121  46.123  30.788  -1.288 0.0000000000
176208  45.956  31.404  -1.127 0.0000000000
176195  44.965  31.959  -0.368 0.0000000000
176211  43.975  31.282  -0.696 0.0000000000
174000  43.286  30.358  -0.595 0.0000000000
174021  43.429  30.223  -2.116 0.0000000000
174011  43.377  30.255  -1.335 0.0000000000
174001  42.910  29.870  -0.857 0.0000000000
172955  42.090  28.955  -0.742 0.0000000000
171834  41.058  27.946  -0.601 0.0000000000
171867  42.319  28.143  -3.915 0.0000000000
170636  41.484  27.372  -2.762 0.0000000000
168203  41.170  25.948  -2.462 0.0000000000
170637  41.166  27.077  -2.301 0.0000000000
171851  41.304  27.641  -1.887 0.0000000000
171843  41.229  27.768  -1.461 0.0000000000
170616  40.636  27.450  -0.680 0.0000000000
171835  40.663  27.620  -0.393 0.0000000000
169374  40.007  26.924  -0.081 0.0000000000
169375  39.643  26.519  0.260 0.0000000000
168167  39.202  25.766  0.802 0.0000000000
165649  40.021  24.573  0.469 0.0000000000
165650  39.726  24.617  0.824 0.0000000000
160095  45.100  20.666  -2.291 0.0000000000
158722  45.014  20.148  -1.808 0.0000000000
156010  42.894  18.796  -0.353 0.0000000000
157327  42.325  19.371  1.096 0.0000000000
157328  42.178  19.238  1.379 0.0000000000
157340  42.273  18.887  1.124 0.0000000000
158718  44.722  19.756  -1.598 0.0000000000
158723  44.407  20.126  -2.058 0.0000000000
159887  39.822  21.547  13.115 0.0000000000
161540  42.701  22.496  -1.755 0.0000000000
161562  43.704  22.372  -3.224 0.0000000000
161563  43.407  22.453  -2.872 0.0000000000
161571  44.446  22.269  -3.586 0.0000000000
161572  44.067  22.357  -3.477 0.0000000000
162750  40.656  22.422  13.487 0.0000000000
162763  41.297  22.913  10.940 0.0000000000
162826  43.457  22.812  7.815 0.0000000000
162860  44.018  23.056  3.774 0.0000000000
162861  43.666  23.260  3.624 0.0000000000
162869  46.036  22.849  3.394 0.0000000000
162873  43.725  23.224  3.255 0.0000000000
162882  45.630  22.775  2.733 0.0000000000
162883  45.001  22.815  2.701 0.0000000000
162885  43.874  23.212  2.832 0.0000000000
162895  44.686  23.016  2.084 0.0000000000
162896  40.778  22.918  1.437 0.0000000000
162905  45.223  23.028  1.648 0.0000000000
162934  41.807  23.195  -0.901 0.0000000000
162935  41.506  23.237  -0.436 0.0000000000
162948  42.163  23.115  -1.667 0.0000000000
162957  42.320  23.252  -2.064 0.0000000000
162977  45.298  22.515  -4.038 0.0000000000
162978  44.658  22.575  -3.983 0.0000000000
162980  43.561  23.002  -3.588 0.0000000000
164120  41.576  24.025  12.694 0.0000000000
164129  40.287  24.490  11.683 0.0000000000
164176  43.905  23.723  7.836 0.0000000000
164211  42.716  23.995  5.161 0.0000000000
164223  43.960  23.351  4.865 0.0000000000
164225  42.756  23.852  4.794 0.0000000000
164268  43.130  23.833  3.059 0.0000000000
164282  40.001  23.755  1.553 0.0000000000
164293  46.010  23.163  1.280 0.0000000000
164313  40.497  24.013  0.319 0.0000000000
164330  44.368  23.699  0.011 0.0000000000
164333  40.776  23.976  -0.077 0.0000000000
164347  46.388  23.860  -1.263 0.0000000000
164361  45.724  23.892  -1.955 0.0000000000
164362  45.340  23.831  -1.641 0.0000000000
164365  41.710  23.991  -1.738 0.0000000000
164374  45.642  24.031  -2.419 0.0000000000
164376  42.332  23.971  -2.733 0.0000000000
164394  46.520  23.709  -4.825 0.0000000000
164397  44.159  23.515  -4.558 0.0000000000
164406  45.439  23.871  -5.129 0.0000000000
165458  41.196  24.884  12.916 0.0000000000
165464  40.312  24.725  12.083 0.0000000000
165471  39.706  25.292  11.264 0.0000000000
165478  40.060  24.749  10.701 0.0000000000
165496  41.623  24.230  8.974 0.0000000000
165498  40.613  24.746  9.424 0.0000000000
165530  41.753  24.733  6.773 0.0000000000
165554  44.078  23.995  5.928 0.0000000000
165599  42.277  24.576  4.106 0.0000000000
165611  43.155  24.221  2.464 0.0000000000
165624  43.094  24.487  2.388 0.0000000000
165637  39.878  24.378  0.900 0.0000000000
165638  39.555  24.471  1.271 0.0000000000
165661  40.846  24.376  -0.655 0.0000000000
165674  47.481  24.354  -1.359 0.0000000000
165675  44.560  24.028  -1.287 0.0000000000
165689  47.430  24.455  -1.869 0.0000000000
165695  41.517  24.517  -1.970 0.0000000000
165710  41.564  24.928  -2.426 0.0000000000
165718  47.600  24.729  -3.212 0.0000000000
165733  45.232  24.943  -4.297 0.0000000000
165734  43.750  24.034  -4.734 0.0000000000
165744  43.512  24.767  -5.150 0.0000000000
166774  40.872  25.607  12.934 0.0000000000
166778  40.951  25.138  12.845 0.0000000000
166779  40.450  25.368  12.536 0.0000000000
166780  39.989  25.696  12.190 0.0000000000
166797  39.774  25.216  10.584 0.0000000000
166798  39.591  25.588  10.904 0.0000000000
166804  39.950  25.140  10.103 0.0000000000
166809  40.671  25.007  9.011 0.0000000000
166811  39.791  25.510  9.754 0.0000000000
166881  41.499  24.961  6.024 0.0000000000
166895  41.236  25.437  5.642 0.0000000000
166929  43.132  24.969  1.824 0.0000000000
166941  43.092  25.332  1.741 0.0000000000
166943  38.952  25.010  1.504 0.0000000000
166954  39.804  25.046  0.333 0.0000000000
166955  39.517  25.093  0.709 0.0000000000
166956  39.144  25.323  1.069 0.0000000000
166995  40.550  25.419  -1.240 0.0000000000
167003  48.247  25.008  -2.578 0.0000000000
167004  44.449  25.055  -3.398 0.0000000000
167019  41.921  25.386  -3.336 0.0000000000
167024  48.008  24.993  -3.950 0.0000000000
167027  45.107  25.024  -4.759 0.0000000000
167030  42.148  25.628  -3.925 0.0000000000
167034  45.328  24.530  -5.160 0.0000000000
168060  39.862  26.203  12.040 0.0000000000
168068  39.662  26.311  11.661 0.0000000000
168080  39.533  26.163  10.440 0.0000000000
168086  39.651  26.066  9.687 0.0000000000
168092  39.869  25.987  8.989 0.0000000000
168093  39.688  26.352  9.275 0.0000000000
168114  40.651  25.687  7.039 0.0000000000
168125  40.405  26.431  6.851 0.0000000000
168137  41.207  25.996  5.284 0.0000000000
168142  42.274  26.073  3.531 0.0000000000
168166  39.467  25.780  0.402 0.0000000000
168176  39.713  25.788  -0.013 0.0000000000
168186  40.296  25.867  -1.012 0.0000000000
168195  40.567  25.849  -1.516 0.0000000000
168207  43.871  25.997  -3.641 0.0000000000
168214  42.564  26.220  -4.798 0.0000000000
168220  44.417  25.610  -4.968 0.0000000000
169265  40.446  26.482  12.541 0.0000000000
169269  40.618  27.223  12.377 0.0000000000
169270  40.214  26.871  12.123 0.0000000000
169271  39.826  26.575  11.856 0.0000000000
169280  40.035  27.179  11.687 0.0000000000
169289  39.534  26.829  10.697 0.0000000000
169301  39.657  26.632  9.461 0.0000000000
169321  40.320  26.851  7.128 0.0000000000
169343  41.357  26.574  4.952 0.0000000000
169357  38.576  26.841  2.269 0.0000000000
169361  43.051  26.751  2.291 0.0000000000
169362  42.789  26.318  2.640 0.0000000000
169368  39.519  26.797  0.763 0.0000000000
169376  39.359  26.141  0.601 0.0000000000
169381  40.090  26.526  -0.524 0.0000000000
169393  40.878  26.572  -2.015 0.0000000000
169394  40.639  26.212  -1.745 0.0000000000
170496  40.584  27.575  12.111 0.0000000000
170505  39.962  27.402  11.408 0.0000000000
170519  39.655  27.356  10.207 0.0000000000
170527  39.752  27.273  9.384 0.0000000000
170533  39.909  27.368  8.561 0.0000000000
170534  39.752  27.140  8.974 0.0000000000
170548  40.901  27.809  6.460 0.0000000000
170549  40.544  27.431  6.820 0.0000000000
170574  41.604  27.084  4.714 0.0000000000
170581  42.715  27.430  3.396 0.0000000000
170582  42.306  27.220  3.784 0.0000000000
170588  43.314  27.587  2.512 0.0000000000
170617  40.324  27.268  -0.327 0.0000000000
170630  41.308  27.490  -2.179 0.0000000000
170631  41.043  27.268  -1.817 0.0000000000
170642  41.884  27.429  -3.548 0.0000000000
170647  42.538  27.459  -4.690 0.0000000000
170648  42.176  27.428  -4.212 0.0000000000
171692  41.195  27.944  12.546 0.0000000000
171696  41.499  28.711  12.344 0.0000000000
171707  40.742  28.690  11.188 0.0000000000
171708  40.465  28.112  11.444 0.0000000000
171717  39.809  27.813  10.400 0.0000000000
171729  40.201  28.111  8.891 0.0000000000
171730  39.951  27.873  9.355 0.0000000000
171737  40.449  28.207  8.144 0.0000000000
171746  40.659  28.194  7.528 0.0000000000
171754  41.257  28.472  6.670 0.0000000000
171755  40.759  28.018  7.032 0.0000000000
171762  41.798  28.488  5.681 0.0000000000
171784  39.990  28.884  4.109 0.0000000000
171799  44.001  28.560  2.491 0.0000000000
171801  41.121  29.092  2.552 0.0000000000
171809  43.827  28.157  2.099 0.0000000000
171833  41.676  28.600  -0.280 0.0000000000
171875  42.709  28.188  -4.554 0.0000000000
171883  43.762  28.262  -4.852 0.0000000000
172811  42.589  29.141  12.959 0.0000000000
172812  42.111  28.759  12.851 0.0000000000
172817  41.452  28.965  12.052 0.0000000000
172838  40.743  28.927  10.330 0.0000000000
172854  41.200  29.295  9.114 0.0000000000
172880  42.293  29.553  6.498 0.0000000000
172892  39.040  29.327  5.976 0.0000000000
172897  43.107  29.349  4.913 0.0000000000
172899  42.127  28.792  5.447 0.0000000000
172906  43.750  29.485  4.228 0.0000000000
172914  43.898  29.371  3.833 0.0000000000
172917  40.967  29.521  3.376 0.0000000000
172921  44.631  29.432  2.703 0.0000000000
172924  41.756  29.699  2.380 0.0000000000
172944  45.045  29.328  0.836 0.0000000000
172948  41.679  28.902  0.513 0.0000000000
172980  45.015  29.528  -2.071 0.0000000000
172991  42.623  28.782  -4.027 0.0000000000
172992  42.416  28.512  -3.792 0.0000000000
173006  43.508  28.719  -5.043 0.0000000000
173007  43.268  28.738  -5.112 0.0000000000
173883  41.438  29.608  10.092 0.0000000000
173892  41.450  29.577  9.508 0.0000000000
173901  41.452  29.548  9.198 0.0000000000
173919  42.143  29.645  7.286 0.0000000000
173924  43.143  30.092  6.430 0.0000000000
173925  42.677  29.859  6.658 0.0000000000
173928  39.003  29.987  6.463 0.0000000000
173934  43.368  30.110  5.990 0.0000000000
173937  39.186  29.769  6.143 0.0000000000
173941  43.763  30.167  5.383 0.0000000000
173943  42.937  29.505  5.342 0.0000000000
173945  40.029  30.328  5.451 0.0000000000
173949  44.488  30.238  4.284 0.0000000000
173951  43.551  29.570  4.660 0.0000000000
173964  45.392  30.124  2.792 0.0000000000
174012  42.937  29.829  -1.714 0.0000000000
174032  44.843  29.696  -3.150 0.0000000000
174058  42.986  29.238  -4.333 0.0000000000
174964  42.978  30.588  11.786 0.0000000000
175002  44.221  30.996  9.389 0.0000000000
175012  44.695  31.108  8.532 0.0000000000
175013  44.319  30.962  8.656 0.0000000000
175024  42.993  30.263  7.186 0.0000000000
175037  38.510  30.644  7.115 0.0000000000
175043  43.572  30.323  6.209 0.0000000000
175052  40.272  30.939  5.251 0.0000000000
175066  46.421  31.108  3.604 0.0000000000
175079  41.619  30.479  3.137 0.0000000000
175084  46.668  31.315  1.577 0.0000000000
175101  46.337  31.590  0.964 0.0000000000
175123  43.698  30.761  -1.020 0.0000000000
175132  45.947  30.610  -1.957 0.0000000000
175133  44.317  31.036  -2.082 0.0000000000
175144  45.739  30.545  -2.519 0.0000000000
175147  43.865  30.647  -2.471 0.0000000000
175157  44.994  30.424  -3.565 0.0000000000
176073  44.179  31.075  9.968 0.0000000000
176094  44.694  31.132  8.768 0.0000000000
176123  39.836  31.511  5.650 0.0000000000
176133  40.073  31.777  5.277 0.0000000000
176150  41.641  31.743  3.371 0.0000000000
176173  46.328  31.692  1.467 0.0000000000
176182  46.193  31.762  0.888 0.0000000000
176193  46.125  31.784  0.499 0.0000000000
176220  45.468  31.417  -1.791 0.0000000000
176226  45.617  31.089  -2.417 0.0000000000
177177  39.541  32.383  5.446 0.0000000000
177187  39.935  32.520  5.011 0.0000000000
177192  48.063  32.926  3.851 0.0000000000
177194  41.496  32.208  3.322 0.0000000000
177202  41.413  32.431  3.246 0.0000000000
177228  46.046  31.886  1.371 0.0000000000
178286  48.085  33.243  4.112 0.0000000000
178288  40.945  32.820  3.487 0.0000000000
178305  42.408  32.864  1.806 0.0000000000
178307  41.548  33.106  2.527 0.0000000000
179385  48.075  33.529  4.370 0.0000000000
179394  41.307  33.317  2.611 0.0000000000
180499  41.172  34.353  1.797 0.0000000000
180519  43.344  35.221  0.690 0.0000000000
181573  40.139  35.401  1.580 0.0000000000
181595  41.850  36.065  0.549 0.0000000000
181596  41.396  36.351  0.661 0.0000000000
182523  40.954  36.498  0.945 0.0000000000
182532  42.363  36.553  0.476 0.0000000000
183470  41.190  36.830  0.773 0.0000000000
