#!ascii label  , from subject FS6EXPERT_subj01_ver10 vox2ras=TkReg
1369
97199  18.848  -14.087  43.409 0.0000000000
110488  30.479  -6.749  49.014 0.0000000000
125353  36.528  1.936  26.459 0.0000000000
118011  27.760  -3.011  33.369 0.0000000000
107535  31.780  -6.922  39.487 0.0000000000
141028  47.156  9.792  18.414 0.0000000000
127931  36.203  2.846  29.949 0.0000000000
126608  31.272  2.374  28.830 0.0000000000
92637  15.766  -16.607  42.662 0.0000000000
106055  23.360  -8.632  46.946 0.0000000000
108983  25.271  -6.757  44.170 0.0000000000
101973  19.194  -11.677  41.363 0.0000000000
135129  40.519  7.237  23.416 0.0000000000
100199  20.887  -12.087  48.169 0.0000000000
94105  17.532  -15.465  47.076 0.0000000000
133567  40.139  5.745  28.049 0.0000000000
97147  13.694  -13.606  46.601 0.0000000000
94091  8.710  -15.239  47.213 0.0000000000
127865  30.191  2.595  34.044 0.0000000000
115080  30.312  -4.714  36.517 0.0000000000
109153  27.669  -7.685  35.767 0.0000000000
109049  27.667  -7.211  40.581 0.0000000000
129268  36.028  4.286  32.266 0.0000000000
127962  34.005  2.878  29.316 0.0000000000
129293  33.713  4.169  31.501 0.0000000000
130672  39.112  4.415  32.777 0.0000000000
94205  18.323  -15.595  41.495 0.0000000000
91071  16.511  -17.623  41.326 0.0000000000
92635  17.312  -16.086  43.239 0.0000000000
101931  19.946  -11.289  45.065 0.0000000000
104727  20.288  -10.053  44.219 0.0000000000
98679  18.863  -13.273  42.368 0.0000000000
95709  18.928  -14.814  40.676 0.0000000000
128018  35.775  2.907  25.524 0.0000000000
126630  39.170  2.230  28.336 0.0000000000
129378  38.375  3.817  27.304 0.0000000000
132182  37.841  5.341  26.186 0.0000000000
97091  17.161  -14.493  49.236 0.0000000000
97143  15.922  -14.053  46.915 0.0000000000
98525  14.942  -12.856  49.566 0.0000000000
100105  10.479  -12.051  53.251 0.0000000000
98530  11.025  -12.891  49.962 0.0000000000
97062  8.399  -13.706  50.521 0.0000000000
94049  6.267  -15.702  50.259 0.0000000000
97035  6.207  -14.164  52.954 0.0000000000
115035  31.976  -4.144  38.330 0.0000000000
110712  31.400  -6.144  37.916 0.0000000000
110732  30.079  -6.733  35.951 0.0000000000
107576  30.321  -7.820  37.399 0.0000000000
109021  22.889  -7.246  41.893 0.0000000000
110640  26.033  -6.771  42.034 0.0000000000
110668  24.011  -6.875  40.095 0.0000000000
109105  24.635  -6.925  37.801 0.0000000000
123812  28.393  0.090  33.905 0.0000000000
125240  28.327  0.923  31.083 0.0000000000
119491  27.215  -2.250  31.327 0.0000000000
141047  50.122  9.781  15.627 0.0000000000
139619  48.672  9.040  16.481 0.0000000000
125292  37.018  1.336  28.142 0.0000000000
125322  34.597  1.722  27.479 0.0000000000
126565  39.080  2.297  30.578 0.0000000000
108873  27.859  -7.164  48.535 0.0000000000
110564  27.707  -6.766  46.387 0.0000000000
108948  24.297  -7.481  45.645 0.0000000000
107460  21.534  -8.411  43.576 0.0000000000
104771  19.719  -10.316  40.236 0.0000000000
136568  43.054  8.048  26.058 0.0000000000
136615  43.576  7.497  22.828 0.0000000000
136649  43.939  7.858  21.021 0.0000000000
138119  44.727  8.662  18.325 0.0000000000
98622  19.673  -13.103  46.112 0.0000000000
94149  18.486  -15.450  45.008 0.0000000000
95609  19.635  -14.520  47.290 0.0000000000
104689  22.393  -9.962  47.768 0.0000000000
135097  39.958  6.806  25.950 0.0000000000
94151  16.694  -15.653  44.679 0.0000000000
95663  14.517  -14.806  44.342 0.0000000000
95666  12.364  -15.464  44.482 0.0000000000
100180  12.934  -12.552  49.470 0.0000000000
95613  10.801  -14.559  46.343 0.0000000000
93971  4.294  -15.423  54.994 0.0000000000
129229  33.008  4.138  34.288 0.0000000000
122381  29.402  -0.616  35.746 0.0000000000
119403  30.374  -1.983  37.143 0.0000000000
116465  28.789  -3.762  34.707 0.0000000000
112263  29.045  -5.838  34.039 0.0000000000
109179  28.330  -7.586  34.110 0.0000000000
107634  25.605  -8.276  33.750 0.0000000000
110599  28.453  -6.845  44.549 0.0000000000
109015  29.527  -7.518  42.177 0.0000000000
107512  30.092  -7.885  40.196 0.0000000000
107560  27.652  -7.609  38.151 0.0000000000
109156  24.807  -7.576  35.418 0.0000000000
127897  30.502  3.320  31.449 0.0000000000
123869  28.889  0.482  28.850 0.0000000000
130656  35.690  4.706  33.391 0.0000000000
130691  34.963  4.323  32.115 0.0000000000
130657  35.024  4.634  33.308 0.0000000000
132110  37.221  5.063  33.653 0.0000000000
94194  18.318  -15.386  42.442 0.0000000000
94195  17.901  -15.942  42.007 0.0000000000
94183  18.319  -15.334  43.282 0.0000000000
98650  19.231  -13.094  44.401 0.0000000000
100262  19.430  -12.319  44.090 0.0000000000
98665  18.903  -13.431  43.137 0.0000000000
95693  18.672  -14.803  42.116 0.0000000000
126686  36.449  2.285  26.245 0.0000000000
126657  38.064  2.139  27.409 0.0000000000
126672  38.640  2.781  27.756 0.0000000000
128003  37.329  3.061  26.757 0.0000000000
128016  36.884  3.280  26.430 0.0000000000
100121  9.238  -12.554  52.751 0.0000000000
98491  9.173  -12.949  51.608 0.0000000000
98492  8.325  -13.252  51.741 0.0000000000
95558  7.033  -14.909  50.132 0.0000000000
97064  7.127  -14.217  51.322 0.0000000000
95530  6.160  -14.842  51.851 0.0000000000
110700  32.029  -5.941  38.808 0.0000000000
107553  31.602  -6.711  38.679 0.0000000000
107592  31.066  -7.370  37.502 0.0000000000
107555  31.058  -7.719  38.349 0.0000000000
110505  30.629  -6.760  48.266 0.0000000000
107513  21.436  -7.822  40.803 0.0000000000
109036  23.463  -7.047  41.322 0.0000000000
109055  21.411  -7.870  39.600 0.0000000000
109089  22.716  -7.277  38.669 0.0000000000
120941  28.051  -1.400  33.967 0.0000000000
122414  27.503  -0.793  32.334 0.0000000000
139591  46.748  9.620  19.668 0.0000000000
141019  47.807  9.961  19.364 0.0000000000
141033  48.263  9.927  18.090 0.0000000000
139607  49.114  9.716  17.202 0.0000000000
139610  47.427  9.399  17.304 0.0000000000
126603  36.598  1.987  29.206 0.0000000000
125294  35.175  1.823  27.948 0.0000000000
126605  35.177  2.383  28.947 0.0000000000
127964  32.598  2.951  29.222 0.0000000000
126635  32.892  2.387  28.245 0.0000000000
126662  31.812  1.897  27.751 0.0000000000
129308  37.518  3.652  31.276 0.0000000000
126567  37.815  2.606  30.420 0.0000000000
125252  38.113  1.715  29.421 0.0000000000
91058  16.079  -17.413  41.772 0.0000000000
91047  14.512  -17.402  42.610 0.0000000000
107398  25.920  -7.639  48.068 0.0000000000
108900  26.363  -7.246  47.139 0.0000000000
107427  24.269  -7.887  46.552 0.0000000000
103408  19.810  -10.447  43.110 0.0000000000
106078  21.319  -8.939  44.361 0.0000000000
104741  19.869  -10.066  42.396 0.0000000000
106099  20.276  -9.293  41.973 0.0000000000
103434  19.395  -10.992  41.142 0.0000000000
100344  19.147  -12.396  40.805 0.0000000000
110771  28.433  -6.623  32.787 0.0000000000
136577  41.515  7.606  24.820 0.0000000000
136585  42.954  7.589  24.301 0.0000000000
135127  41.917  7.427  23.260 0.0000000000
136643  42.876  7.421  21.082 0.0000000000
136664  42.580  7.423  19.597 0.0000000000
138114  44.301  8.453  19.669 0.0000000000
100210  20.243  -12.281  47.022 0.0000000000
97159  19.572  -13.912  46.264 0.0000000000
97141  19.999  -13.532  47.346 0.0000000000
101882  21.486  -11.054  48.193 0.0000000000
101900  20.355  -11.664  46.568 0.0000000000
135083  41.669  7.386  27.336 0.0000000000
135091  40.374  6.717  26.872 0.0000000000
133601  37.748  6.021  24.994 0.0000000000
94121  18.101  -15.684  46.489 0.0000000000
94150  17.599  -15.973  44.559 0.0000000000
94122  17.324  -15.529  46.286 0.0000000000
97127  14.678  -13.609  47.056 0.0000000000
95645  15.254  -14.264  45.368 0.0000000000
97179  13.968  -14.051  45.453 0.0000000000
94155  13.206  -15.493  44.046 0.0000000000
97181  12.688  -14.441  45.182 0.0000000000
100151  12.496  -12.386  50.921 0.0000000000
97112  9.107  -14.262  48.115 0.0000000000
97110  10.801  -13.387  48.213 0.0000000000
97151  10.023  -14.481  47.022 0.0000000000
95630  10.415  -15.225  45.894 0.0000000000
125203  29.865  0.520  36.091 0.0000000000
115063  30.933  -4.615  37.234 0.0000000000
116421  31.287  -3.343  37.876 0.0000000000
116437  30.243  -3.405  36.631 0.0000000000
117955  29.546  -2.732  36.013 0.0000000000
116456  29.691  -3.815  35.730 0.0000000000
115090  29.184  -4.405  34.898 0.0000000000
113809  29.548  -5.096  35.097 0.0000000000
109152  28.618  -7.599  35.628 0.0000000000
109164  28.996  -7.303  34.774 0.0000000000
109165  28.079  -7.680  34.916 0.0000000000
107632  27.028  -8.020  33.649 0.0000000000
109166  27.181  -7.679  34.999 0.0000000000
110586  27.113  -6.711  45.552 0.0000000000
110585  28.084  -6.735  45.422 0.0000000000
110600  27.595  -6.738  44.611 0.0000000000
109035  27.240  -6.879  41.235 0.0000000000
109017  28.117  -6.981  42.040 0.0000000000
109033  28.598  -7.335  41.361 0.0000000000
109032  29.308  -7.532  41.430 0.0000000000
109064  28.930  -7.614  39.963 0.0000000000
107527  29.062  -7.707  39.281 0.0000000000
109084  27.398  -7.397  39.185 0.0000000000
109123  23.441  -7.355  37.006 0.0000000000
109121  25.285  -7.101  37.186 0.0000000000
129235  31.548  3.455  34.290 0.0000000000
129250  31.690  3.835  33.349 0.0000000000
127882  30.034  2.856  32.757 0.0000000000
122450  27.913  -0.157  30.182 0.0000000000
125256  28.859  1.088  29.944 0.0000000000
142490  49.651  10.639  14.473 0.0000000000
129310  36.160  3.740  31.149 0.0000000000
127932  35.237  3.242  30.134 0.0000000000
129329  35.078  3.627  30.654 0.0000000000
129331  33.857  3.594  30.401 0.0000000000
129333  32.366  3.505  30.281 0.0000000000
132108  38.393  5.219  33.847 0.0000000000
129266  37.384  4.171  32.240 0.0000000000
92659  17.515  -16.510  41.365 0.0000000000
92648  16.630  -16.787  42.040 0.0000000000
92636  16.644  -16.344  42.956 0.0000000000
104707  21.626  -9.690  46.171 0.0000000000
106064  21.873  -9.187  45.749 0.0000000000
103371  20.356  -10.496  45.036 0.0000000000
103385  19.731  -10.988  43.973 0.0000000000
100302  18.924  -12.851  41.936 0.0000000000
98708  18.917  -13.636  40.783 0.0000000000
97226  18.867  -14.151  41.108 0.0000000000
94216  18.707  -15.465  40.783 0.0000000000
135144  39.647  6.871  22.602 0.0000000000
98564  20.896  -12.680  48.855 0.0000000000
127981  40.049  3.201  28.633 0.0000000000
129367  39.344  3.824  28.131 0.0000000000
132165  39.661  4.985  27.989 0.0000000000
132180  39.004  5.488  27.084 0.0000000000
130751  37.705  4.551  26.577 0.0000000000
130760  36.707  4.542  25.786 0.0000000000
95597  17.185  -14.872  47.950 0.0000000000
95610  16.367  -14.513  46.766 0.0000000000
97108  16.539  -14.107  48.233 0.0000000000
98544  15.460  -13.343  48.370 0.0000000000
98567  14.182  -13.128  48.145 0.0000000000
100152  11.755  -12.387  51.069 0.0000000000
100154  10.319  -12.583  51.357 0.0000000000
98532  9.554  -13.316  49.993 0.0000000000
95586  8.336  -14.840  48.187 0.0000000000
94062  7.423  -15.392  48.846 0.0000000000
112201  31.618  -5.249  37.944 0.0000000000
112210  31.012  -5.336  37.254 0.0000000000
112246  30.138  -5.970  35.813 0.0000000000
110730  30.724  -6.319  36.688 0.0000000000
109134  30.431  -7.318  36.640 0.0000000000
107593  29.265  -7.614  36.712 0.0000000000
109002  24.482  -6.962  43.129 0.0000000000
110616  26.461  -6.668  43.626 0.0000000000
110630  24.780  -6.832  42.405 0.0000000000
110654  25.283  -6.839  41.195 0.0000000000
110665  25.976  -6.905  40.653 0.0000000000
109068  26.316  -7.027  39.499 0.0000000000
110678  24.658  -6.961  39.622 0.0000000000
109107  22.742  -7.519  37.785 0.0000000000
126535  29.265  1.542  34.410 0.0000000000
126546  29.109  1.937  32.667 0.0000000000
125219  28.315  0.731  33.091 0.0000000000
123832  27.483  -0.029  31.181 0.0000000000
141044  50.025  9.628  16.547 0.0000000000
139628  49.507  9.013  16.017 0.0000000000
125320  36.412  1.402  27.461 0.0000000000
125354  36.046  1.484  26.148 0.0000000000
125341  35.808  1.306  26.876 0.0000000000
126606  34.398  2.532  28.880 0.0000000000
125323  33.737  1.826  27.222 0.0000000000
129247  40.015  4.304  32.761 0.0000000000
127879  40.553  3.336  31.929 0.0000000000
126552  40.575  2.581  31.022 0.0000000000
125251  38.959  1.755  29.390 0.0000000000
125291  37.972  1.471  28.164 0.0000000000
110507  29.210  -6.891  48.588 0.0000000000
110524  29.237  -6.808  47.777 0.0000000000
110545  27.803  -6.915  47.351 0.0000000000
108923  26.672  -6.889  46.222 0.0000000000
108965  24.790  -7.031  44.872 0.0000000000
107439  22.489  -8.310  45.144 0.0000000000
107446  22.967  -7.882  44.826 0.0000000000
108985  23.758  -7.174  43.789 0.0000000000
108987  22.486  -7.651  43.068 0.0000000000
106105  20.625  -8.648  41.187 0.0000000000
104770  19.951  -9.826  39.959 0.0000000000
136613  45.085  7.678  23.225 0.0000000000
135159  42.343  7.263  22.318 0.0000000000
136630  43.567  7.487  22.066 0.0000000000
138089  45.044  8.032  21.943 0.0000000000
138102  45.109  8.797  20.196 0.0000000000
139593  45.513  9.132  19.340 0.0000000000
139596  46.018  9.370  18.691 0.0000000000
139611  46.461  9.019  17.163 0.0000000000
97190  19.250  -13.668  44.857 0.0000000000
95660  18.862  -14.810  44.552 0.0000000000
97175  19.429  -13.907  45.514 0.0000000000
95625  19.068  -14.909  46.101 0.0000000000
94103  18.918  -15.432  47.508 0.0000000000
95595  20.207  -14.193  48.443 0.0000000000
94088  18.377  -15.558  48.099 0.0000000000
95569  17.655  -14.915  49.385 0.0000000000
110473  30.333  -6.799  49.707 0.0000000000
110491  28.762  -7.058  49.447 0.0000000000
106030  26.940  -7.602  49.030 0.0000000000
106044  24.724  -8.274  47.973 0.0000000000
106034  23.749  -9.242  48.658 0.0000000000
106047  22.591  -9.552  47.442 0.0000000000
103346  21.049  -10.771  46.792 0.0000000000
100241  19.847  -11.901  45.577 0.0000000000
136561  42.945  8.103  27.030 0.0000000000
136570  41.722  7.651  25.563 0.0000000000
135105  40.698  7.397  25.141 0.0000000000
133592  38.693  6.398  25.583 0.0000000000
135107  39.255  6.831  24.785 0.0000000000
135116  39.110  6.813  23.979 0.0000000000
94168  17.826  -15.803  43.651 0.0000000000
92622  16.783  -16.081  43.682 0.0000000000
92623  15.940  -15.840  43.559 0.0000000000
95626  16.107  -14.567  46.023 0.0000000000
94153  15.222  -15.052  44.098 0.0000000000
92624  15.083  -16.002  43.184 0.0000000000
92625  14.276  -16.202  43.197 0.0000000000
92627  13.008  -16.702  43.787 0.0000000000
98526  14.148  -12.602  49.849 0.0000000000
98568  13.451  -12.939  48.315 0.0000000000
98590  12.019  -13.163  47.946 0.0000000000
97128  12.576  -13.248  47.164 0.0000000000
95628  11.884  -14.404  45.571 0.0000000000
93975  4.947  -15.151  54.154 0.0000000000
130622  34.453  4.713  34.813 0.0000000000
127857  30.881  2.272  35.685 0.0000000000
125211  29.437  1.245  35.124 0.0000000000
123807  28.996  0.070  34.917 0.0000000000
120928  28.392  -1.366  34.561 0.0000000000
120891  29.868  -1.295  36.451 0.0000000000
119440  28.881  -2.083  35.327 0.0000000000
117988  28.223  -2.958  34.173 0.0000000000
115100  28.422  -4.465  33.754 0.0000000000
112264  28.678  -5.630  33.636 0.0000000000
110759  28.692  -6.564  33.346 0.0000000000
110742  29.713  -6.604  35.059 0.0000000000
109178  28.796  -7.041  33.983 0.0000000000
107647  27.794  -7.755  32.781 0.0000000000
107648  27.188  -8.085  32.980 0.0000000000
107664  26.258  -8.581  32.797 0.0000000000
107509  31.846  -7.383  40.912 0.0000000000
110543  29.378  -6.755  46.901 0.0000000000
110562  29.585  -6.790  45.994 0.0000000000
110597  29.731  -7.067  44.330 0.0000000000
110614  28.069  -6.879  43.796 0.0000000000
110613  28.842  -7.045  43.748 0.0000000000
108980  30.720  -7.303  43.740 0.0000000000
109014  30.265  -7.548  42.271 0.0000000000
107497  30.872  -7.699  41.127 0.0000000000
107524  31.208  -8.020  39.746 0.0000000000
107538  30.284  -8.046  38.719 0.0000000000
107558  29.060  -7.809  38.058 0.0000000000
107595  28.056  -7.691  37.093 0.0000000000
109102  26.674  -7.295  38.420 0.0000000000
109139  26.028  -7.354  36.537 0.0000000000
109154  26.696  -7.555  35.797 0.0000000000
109168  25.517  -7.776  34.898 0.0000000000
129248  33.151  4.326  32.587 0.0000000000
129295  32.144  3.979  31.582 0.0000000000
127938  30.809  2.860  30.069 0.0000000000
126554  29.546  2.428  31.487 0.0000000000
126586  29.810  2.118  30.003 0.0000000000
126639  30.252  1.701  28.687 0.0000000000
139621  47.116  8.825  16.599 0.0000000000
130634  35.789  4.983  34.058 0.0000000000
130635  35.096  4.817  34.008 0.0000000000
132101  36.563  5.148  34.016 0.0000000000
95685  18.672  -14.761  42.935 0.0000000000
95675  18.738  -14.764  43.747 0.0000000000
98651  18.939  -13.484  43.775 0.0000000000
97207  18.806  -14.071  42.634 0.0000000000
126687  35.943  2.219  25.777 0.0000000000
125339  37.203  1.961  26.924 0.0000000000
126674  37.644  2.385  27.040 0.0000000000
126675  36.962  2.285  26.639 0.0000000000
128004  36.801  2.779  26.433 0.0000000000
98464  8.667  -12.771  52.762 0.0000000000
98474  8.837  -12.858  52.243 0.0000000000
98475  8.226  -13.090  52.433 0.0000000000
97047  7.607  -13.748  51.593 0.0000000000
98493  7.792  -13.394  52.112 0.0000000000
97033  7.342  -13.694  52.167 0.0000000000
109062  32.121  -6.610  40.111 0.0000000000
109099  31.908  -6.372  39.153 0.0000000000
107554  31.441  -7.110  38.492 0.0000000000
107536  31.432  -7.591  39.138 0.0000000000
110487  31.166  -6.652  48.917 0.0000000000
106113  20.636  -8.825  39.880 0.0000000000
109054  21.862  -7.592  40.117 0.0000000000
107528  20.997  -8.417  39.292 0.0000000000
109072  21.485  -7.886  39.045 0.0000000000
119472  27.905  -2.194  33.710 0.0000000000
120952  27.742  -1.482  33.309 0.0000000000
139595  46.645  9.641  18.900 0.0000000000
141020  47.211  9.855  19.129 0.0000000000
141027  47.732  9.916  18.621 0.0000000000
141034  47.583  9.742  17.887 0.0000000000
141040  48.073  9.706  17.446 0.0000000000
139599  47.229  9.581  17.791 0.0000000000
126584  36.287  2.480  29.516 0.0000000000
126604  36.081  2.162  29.100 0.0000000000
127959  36.052  2.569  29.497 0.0000000000
127965  31.801  2.807  29.161 0.0000000000
127984  32.397  2.628  28.688 0.0000000000
126637  31.507  2.127  28.284 0.0000000000
125296  31.148  1.678  27.904 0.0000000000
126638  30.878  1.934  28.470 0.0000000000
127913  36.670  3.283  30.619 0.0000000000
127912  37.684  3.089  30.788 0.0000000000
127930  37.107  2.733  30.216 0.0000000000
126583  36.770  2.272  29.571 0.0000000000
91045  15.701  -17.114  42.183 0.0000000000
91059  15.468  -17.595  42.098 0.0000000000
91046  15.207  -17.152  42.414 0.0000000000
91060  15.007  -17.673  42.328 0.0000000000
92638  14.828  -16.671  42.800 0.0000000000
107400  24.682  -8.117  47.613 0.0000000000
107414  25.002  -7.750  47.271 0.0000000000
107416  23.928  -8.254  46.828 0.0000000000
103409  19.525  -10.910  42.571 0.0000000000
104742  19.601  -10.613  42.117 0.0000000000
104749  19.625  -10.468  41.652 0.0000000000
101984  19.283  -11.625  40.607 0.0000000000
109199  28.246  -7.312  32.451 0.0000000000
135113  41.150  7.477  23.878 0.0000000000
136603  41.697  7.494  23.561 0.0000000000
135128  41.297  7.429  23.466 0.0000000000
136674  42.822  7.455  18.923 0.0000000000
100200  20.539  -12.434  47.659 0.0000000000
98584  20.239  -12.981  47.501 0.0000000000
98583  20.598  -12.869  48.101 0.0000000000
101866  21.199  -11.467  48.379 0.0000000000
100209  20.685  -11.906  47.546 0.0000000000
132164  40.126  5.249  28.308 0.0000000000
135078  41.206  6.572  28.230 0.0000000000
135084  40.983  6.766  27.660 0.0000000000
133574  40.520  6.389  27.766 0.0000000000
98606  13.949  -13.493  46.932 0.0000000000
97162  14.110  -13.838  46.111 0.0000000000
97180  13.224  -14.217  45.297 0.0000000000
97163  13.381  -13.861  45.990 0.0000000000
100132  12.463  -12.232  51.698 0.0000000000
97132  9.292  -14.434  47.647 0.0000000000
97131  9.812  -14.279  47.437 0.0000000000
95615  9.213  -15.052  46.941 0.0000000000
94125  9.683  -15.689  46.115 0.0000000000
115064  30.538  -4.254  36.884 0.0000000000
115048  30.808  -3.809  37.252 0.0000000000
115065  30.154  -3.876  36.466 0.0000000000
115081  30.023  -4.348  36.160 0.0000000000
115089  29.610  -4.388  35.470 0.0000000000
113792  29.901  -5.058  35.711 0.0000000000
108963  26.239  -6.744  45.110 0.0000000000
110601  26.607  -6.667  44.628 0.0000000000
109050  26.816  -6.986  40.537 0.0000000000
109034  27.936  -7.079  41.256 0.0000000000
109048  28.383  -7.430  40.644 0.0000000000
109065  28.170  -7.469  39.967 0.0000000000
109066  27.482  -7.325  39.875 0.0000000000
127863  31.103  3.151  34.369 0.0000000000
129251  31.087  3.398  33.675 0.0000000000
127871  30.127  2.704  33.589 0.0000000000
129289  36.429  3.994  31.734 0.0000000000
129311  35.407  3.808  31.038 0.0000000000
129290  35.621  4.132  31.802 0.0000000000
130693  34.092  4.265  31.735 0.0000000000
129313  34.111  3.902  30.947 0.0000000000
129314  33.395  3.860  30.924 0.0000000000
129332  33.112  3.580  30.333 0.0000000000
129315  32.615  3.798  30.900 0.0000000000
132098  38.781  5.426  34.249 0.0000000000
130675  36.899  4.524  32.782 0.0000000000
129267  36.682  4.257  32.250 0.0000000000
129288  37.137  3.919  31.726 0.0000000000
94184  17.842  -15.798  42.832 0.0000000000
92647  17.339  -16.284  42.412 0.0000000000
103359  20.424  -10.782  45.538 0.0000000000
103370  20.693  -10.286  45.461 0.0000000000
100281  19.309  -12.295  43.321 0.0000000000
101944  19.571  -11.609  43.796 0.0000000000
101954  19.403  -11.650  42.952 0.0000000000
100301  19.087  -12.417  42.483 0.0000000000
95700  18.758  -14.825  41.341 0.0000000000
126629  39.675  2.424  28.525 0.0000000000
126654  39.393  2.666  28.326 0.0000000000
128001  38.514  3.228  27.540 0.0000000000
127994  38.935  3.212  27.978 0.0000000000
129368  38.872  3.829  27.710 0.0000000000
130740  39.297  4.464  27.845 0.0000000000
130741  38.794  4.471  27.463 0.0000000000
130750  38.280  4.492  27.064 0.0000000000
128017  36.362  3.003  26.078 0.0000000000
129390  36.716  3.785  26.190 0.0000000000
129391  36.124  3.736  25.692 0.0000000000
97107  16.963  -14.378  48.666 0.0000000000
95584  16.971  -14.545  48.199 0.0000000000
97092  16.684  -14.054  49.077 0.0000000000
97093  16.132  -13.601  48.754 0.0000000000
98524  15.600  -13.247  49.224 0.0000000000
98566  14.830  -13.294  47.942 0.0000000000
98545  14.874  -13.064  48.686 0.0000000000
100119  10.685  -12.215  52.581 0.0000000000
100134  10.846  -12.324  51.870 0.0000000000
98511  9.215  -13.216  50.753 0.0000000000
97061  8.938  -13.575  50.105 0.0000000000
97096  8.699  -14.301  48.748 0.0000000000
95570  8.206  -14.622  49.089 0.0000000000
95587  7.870  -15.129  48.442 0.0000000000
95556  8.152  -14.526  49.457 0.0000000000
94034  6.601  -15.240  50.347 0.0000000000
94048  6.831  -15.481  49.730 0.0000000000
95517  6.096  -14.588  52.479 0.0000000000
94008  5.746  -15.202  52.186 0.0000000000
95503  5.741  -14.629  53.103 0.0000000000
110711  31.693  -6.015  38.282 0.0000000000
112200  31.864  -5.502  38.268 0.0000000000
112209  31.307  -5.609  37.631 0.0000000000
112219  31.024  -6.005  37.286 0.0000000000
112220  30.796  -5.724  36.898 0.0000000000
110720  30.915  -6.480  37.101 0.0000000000
107575  30.932  -7.666  37.505 0.0000000000
109116  30.916  -7.574  37.188 0.0000000000
109118  30.175  -7.638  36.928 0.0000000000
109135  29.732  -7.478  36.511 0.0000000000
107577  29.492  -7.724  37.229 0.0000000000
109003  23.671  -7.102  42.947 0.0000000000
109019  24.240  -6.990  42.465 0.0000000000
109020  23.695  -7.066  42.069 0.0000000000
110656  24.031  -6.895  40.794 0.0000000000
110655  24.649  -6.873  40.997 0.0000000000
110666  25.279  -6.923  40.502 0.0000000000
110677  25.260  -7.005  39.845 0.0000000000
110679  24.038  -6.856  39.369 0.0000000000
125214  28.696  0.965  33.867 0.0000000000
125218  28.671  1.354  32.953 0.0000000000
125215  28.370  0.497  33.535 0.0000000000
120963  27.311  -1.414  31.856 0.0000000000
122425  27.659  -0.161  32.166 0.0000000000
120973  27.263  -1.275  31.017 0.0000000000
139618  49.295  9.442  16.812 0.0000000000
139629  48.872  8.562  15.886 0.0000000000
125321  35.490  1.489  27.482 0.0000000000
125343  34.083  1.336  26.833 0.0000000000
127961  34.795  2.814  29.457 0.0000000000
126607  33.957  2.633  28.885 0.0000000000
126661  32.538  2.081  27.680 0.0000000000
126660  33.337  2.171  27.713 0.0000000000
125324  32.913  1.793  27.155 0.0000000000
125344  33.266  1.339  26.743 0.0000000000
130651  39.264  4.719  33.264 0.0000000000
130650  39.973  4.596  33.204 0.0000000000
130671  39.662  4.405  32.849 0.0000000000
127894  39.103  3.207  31.364 0.0000000000
129284  39.882  3.488  31.865 0.0000000000
127893  40.025  3.025  31.466 0.0000000000
126553  40.168  2.618  31.062 0.0000000000
126564  40.005  2.282  30.693 0.0000000000
126580  39.474  1.979  29.991 0.0000000000
125271  37.594  1.390  28.833 0.0000000000
125319  37.469  1.618  27.359 0.0000000000
110508  28.620  -7.010  48.854 0.0000000000
110525  28.366  -6.910  48.024 0.0000000000
110526  27.821  -6.984  47.827 0.0000000000
108925  24.875  -7.478  46.375 0.0000000000
108924  25.784  -7.167  46.313 0.0000000000
108946  26.117  -6.905  45.588 0.0000000000
108947  25.254  -7.109  45.624 0.0000000000
106072  21.373  -9.232  44.984 0.0000000000
106070  22.440  -8.514  45.526 0.0000000000
106071  21.923  -8.786  45.190 0.0000000000
107447  22.255  -8.218  44.568 0.0000000000
107458  22.697  -7.755  44.200 0.0000000000
108967  23.225  -7.500  44.237 0.0000000000
107459  22.208  -7.938  43.743 0.0000000000
108986  22.980  -7.448  43.531 0.0000000000
107471  21.913  -7.960  42.973 0.0000000000
104748  19.885  -9.800  41.456 0.0000000000
106098  20.661  -8.730  41.637 0.0000000000
106106  20.331  -9.088  41.067 0.0000000000
106114  20.284  -9.266  40.267 0.0000000000
97238  19.013  -14.236  40.506 0.0000000000
98727  19.055  -13.840  40.375 0.0000000000
95708  19.182  -14.798  40.115 0.0000000000
136567  43.989  8.304  26.417 0.0000000000
136600  43.645  7.570  23.645 0.0000000000
136584  43.782  7.680  24.509 0.0000000000
136599  44.468  7.652  23.849 0.0000000000
136598  45.291  7.772  24.013 0.0000000000
136614  44.332  7.588  23.038 0.0000000000
135180  40.842  7.006  21.273 0.0000000000
135160  41.698  7.315  22.158 0.0000000000
136642  43.513  7.576  21.347 0.0000000000
136641  44.146  7.820  21.581 0.0000000000
138098  44.277  8.041  21.120 0.0000000000
138097  44.862  8.270  21.323 0.0000000000
138103  44.191  8.184  20.541 0.0000000000
138120  44.247  8.427  18.820 0.0000000000
138113  44.843  8.807  19.153 0.0000000000
139597  45.321  9.080  18.530 0.0000000000
98636  19.490  -13.091  45.237 0.0000000000
97176  19.145  -14.244  44.900 0.0000000000
97142  19.736  -13.888  46.906 0.0000000000
95642  19.355  -14.444  45.962 0.0000000000
95624  19.418  -14.604  46.600 0.0000000000
94120  18.863  -15.305  46.696 0.0000000000
94119  19.317  -15.038  47.133 0.0000000000
97121  20.604  -13.281  48.543 0.0000000000
94086  19.619  -15.084  48.410 0.0000000000
94087  19.071  -15.460  48.236 0.0000000000
94075  18.618  -15.535  48.880 0.0000000000
94076  17.979  -15.230  48.748 0.0000000000
110474  29.750  -6.950  49.791 0.0000000000
107386  26.197  -7.678  48.605 0.0000000000
104679  22.558  -10.160  48.325 0.0000000000
106035  23.134  -9.535  48.404 0.0000000000
106046  23.065  -9.269  47.798 0.0000000000
104690  21.976  -10.181  47.301 0.0000000000
104698  21.853  -10.001  46.820 0.0000000000
103345  21.547  -10.477  47.081 0.0000000000
100222  19.940  -12.185  46.226 0.0000000000
100223  19.679  -12.501  45.626 0.0000000000
123919  35.212  0.906  26.368 0.0000000000
135090  41.189  7.312  26.741 0.0000000000
135089  41.701  7.539  26.772 0.0000000000
135096  40.760  7.252  26.061 0.0000000000
135106  39.964  7.086  24.944 0.0000000000
132181  38.399  5.300  26.768 0.0000000000
133583  39.295  6.081  26.564 0.0000000000
133584  38.338  5.813  26.212 0.0000000000
133610  37.299  5.842  24.354 0.0000000000
133600  38.535  6.609  24.585 0.0000000000
135117  38.638  6.698  23.700 0.0000000000
94167  18.371  -15.417  44.121 0.0000000000
92608  17.322  -16.015  44.224 0.0000000000
92610  16.493  -15.722  44.080 0.0000000000
95611  15.892  -14.212  46.466 0.0000000000
95646  14.584  -14.320  45.019 0.0000000000
95662  15.225  -14.679  44.677 0.0000000000
94170  15.185  -15.463  43.670 0.0000000000
94154  14.743  -15.176  43.896 0.0000000000
95677  14.002  -15.353  43.794 0.0000000000
95665  12.833  -15.229  44.383 0.0000000000
94156  12.746  -15.993  44.085 0.0000000000
92612  12.117  -16.556  44.317 0.0000000000
100150  13.250  -12.395  50.718 0.0000000000
98527  13.624  -12.535  49.743 0.0000000000
98546  14.160  -12.836  48.953 0.0000000000
98547  13.340  -12.649  49.220 0.0000000000
100170  11.234  -12.603  50.586 0.0000000000
97130  11.059  -13.545  47.690 0.0000000000
98591  11.537  -13.225  48.187 0.0000000000
97129  12.131  -13.378  47.253 0.0000000000
97149  11.552  -14.018  46.495 0.0000000000
97165  11.791  -14.254  45.893 0.0000000000
95612  11.233  -14.379  46.218 0.0000000000
95492  5.295  -14.644  54.009 0.0000000000
97015  5.405  -14.224  54.486 0.0000000000
95480  4.692  -14.971  54.903 0.0000000000
93976  4.638  -15.395  54.485 0.0000000000
129226  32.280  3.280  35.831 0.0000000000
126525  30.484  1.779  35.713 0.0000000000
126529  29.729  1.653  35.058 0.0000000000
125206  30.109  1.257  35.801 0.0000000000
123803  29.615  0.083  35.948 0.0000000000
123804  29.296  0.070  35.481 0.0000000000
122389  29.081  -0.641  35.243 0.0000000000
122390  28.703  -0.682  34.749 0.0000000000
120927  28.775  -1.357  35.062 0.0000000000
117932  30.640  -2.685  37.312 0.0000000000
119404  30.026  -2.004  36.700 0.0000000000
116447  29.528  -3.278  35.722 0.0000000000
117956  29.166  -2.787  35.535 0.0000000000
117968  28.675  -2.901  34.906 0.0000000000
117987  28.522  -3.360  34.511 0.0000000000
116466  28.438  -3.804  34.205 0.0000000000
113810  29.146  -5.118  34.490 0.0000000000
113822  28.747  -5.110  33.944 0.0000000000
112278  28.775  -6.099  33.590 0.0000000000
110758  28.931  -6.518  33.794 0.0000000000
110740  30.239  -6.276  35.974 0.0000000000
112247  29.896  -5.784  35.373 0.0000000000
109189  28.429  -7.261  33.303 0.0000000000
107631  27.767  -7.831  33.516 0.0000000000
107633  26.287  -8.110  33.690 0.0000000000
107649  26.549  -8.293  33.113 0.0000000000
107650  25.851  -8.572  33.147 0.0000000000
107651  25.382  -8.620  33.443 0.0000000000
110544  28.527  -6.787  47.108 0.0000000000
110584  28.970  -6.794  45.276 0.0000000000
110583  29.846  -6.910  45.069 0.0000000000
110598  29.197  -6.958  44.479 0.0000000000
110628  26.238  -6.692  42.809 0.0000000000
110615  27.258  -6.807  43.753 0.0000000000
110627  27.022  -6.797  42.918 0.0000000000
109000  28.455  -7.049  42.620 0.0000000000
110625  28.446  -6.995  43.192 0.0000000000
108999  29.019  -7.235  42.878 0.0000000000
108982  29.377  -7.236  43.433 0.0000000000
108998  29.750  -7.420  42.914 0.0000000000
108997  30.472  -7.426  43.000 0.0000000000
109046  29.749  -7.670  40.792 0.0000000000
109031  30.115  -7.610  41.465 0.0000000000
107498  30.329  -7.765  40.775 0.0000000000
107511  30.738  -7.957  40.343 0.0000000000
107525  30.486  -8.099  39.562 0.0000000000
107526  29.695  -7.861  39.511 0.0000000000
107540  28.619  -7.703  38.806 0.0000000000
107539  29.448  -7.831  38.720 0.0000000000
107559  28.283  -7.756  38.140 0.0000000000
107578  28.599  -7.772  37.497 0.0000000000
107579  27.926  -7.709  37.637 0.0000000000
109087  25.629  -7.091  38.567 0.0000000000
109086  26.109  -7.119  38.889 0.0000000000
109104  25.392  -7.054  38.018 0.0000000000
109140  25.072  -7.245  36.323 0.0000000000
109120  26.138  -7.276  37.426 0.0000000000
109138  27.188  -7.516  36.859 0.0000000000
109155  25.748  -7.509  35.654 0.0000000000
109167  26.313  -7.690  34.987 0.0000000000
130623  33.697  4.404  34.625 0.0000000000
130637  33.720  4.420  33.718 0.0000000000
129233  33.055  4.286  33.391 0.0000000000
129296  31.214  3.754  31.763 0.0000000000
129272  31.840  3.992  32.436 0.0000000000
127916  31.217  3.280  30.428 0.0000000000
127917  30.609  3.092  30.721 0.0000000000
125225  28.644  1.528  32.161 0.0000000000
126555  29.114  1.970  31.856 0.0000000000
125232  28.726  1.472  31.434 0.0000000000
123855  28.724  0.632  29.398 0.0000000000
126587  29.248  1.756  30.337 0.0000000000
125255  29.417  1.593  29.609 0.0000000000
126610  30.001  1.939  29.314 0.0000000000
125274  29.641  1.420  28.923 0.0000000000
143972  50.088  11.484  14.857 0.0000000000
143976  49.550  11.389  13.818 0.0000000000
145460  50.029  12.360  13.123 0.0000000000
139622  46.542  8.574  16.540 0.0000000000
130676  36.213  4.541  32.800 0.0000000000
129269  35.649  4.320  32.275 0.0000000000
130677  35.567  4.490  32.714 0.0000000000
130678  34.960  4.474  32.680 0.0000000000
130680  33.834  4.355  32.145 0.0000000000
130655  36.410  4.853  33.456 0.0000000000
94206  17.961  -16.046  41.523 0.0000000000
100242  19.591  -12.269  44.930 0.0000000000
101932  19.641  -11.742  44.460 0.0000000000
98664  19.093  -12.887  43.630 0.0000000000
98678  19.008  -12.838  42.995 0.0000000000
125318  38.270  1.887  27.785 0.0000000000
126655  39.026  2.520  28.131 0.0000000000
126673  38.245  2.654  27.409 0.0000000000
128002  37.990  3.145  27.155 0.0000000000
129379  37.826  3.797  26.898 0.0000000000
97075  16.914  -14.197  49.831 0.0000000000
97059  16.645  -13.895  50.597 0.0000000000
98512  8.635  -13.328  51.144 0.0000000000
97079  7.894  -14.201  50.151 0.0000000000
97063  7.606  -14.079  50.822 0.0000000000
95544  6.830  -14.718  50.814 0.0000000000
95529  6.644  -14.528  51.536 0.0000000000
95516  6.537  -14.396  52.066 0.0000000000
97022  6.536  -13.759  53.239 0.0000000000
110699  32.166  -6.028  39.270 0.0000000000
109114  31.717  -6.363  38.562 0.0000000000
109115  31.479  -6.444  38.161 0.0000000000
109132  31.041  -6.806  37.514 0.0000000000
107573  31.300  -6.851  38.078 0.0000000000
107574  31.172  -7.313  37.882 0.0000000000
107556  30.563  -7.977  38.001 0.0000000000
109038  22.056  -7.505  40.939 0.0000000000
109037  22.758  -7.227  41.143 0.0000000000
109053  22.662  -7.230  40.371 0.0000000000
109070  22.645  -7.218  39.547 0.0000000000
109069  23.341  -6.962  39.840 0.0000000000
109071  21.988  -7.557  39.241 0.0000000000
109091  21.359  -8.152  38.663 0.0000000000
122405  27.971  -0.645  33.504 0.0000000000
123815  28.117  0.124  33.238 0.0000000000
122406  27.643  -0.939  32.938 0.0000000000
120953  27.467  -1.509  32.630 0.0000000000
139581  46.262  9.276  20.263 0.0000000000
139580  47.023  9.545  20.391 0.0000000000
141008  47.304  9.795  19.757 0.0000000000
141038  49.657  9.921  17.461 0.0000000000
141039  48.796  9.882  17.551 0.0000000000
139608  48.686  9.541  17.056 0.0000000000
139609  48.143  9.364  16.938 0.0000000000
125272  36.684  1.664  28.887 0.0000000000
125293  36.032  1.602  28.233 0.0000000000
126631  35.945  1.872  28.642 0.0000000000
126632  35.506  1.974  28.523 0.0000000000
126633  34.671  2.130  28.263 0.0000000000
127963  33.301  2.981  29.296 0.0000000000
127982  33.634  2.725  28.935 0.0000000000
127983  33.105  2.678  28.801 0.0000000000
125325  32.144  1.612  27.220 0.0000000000
129265  38.126  4.063  32.265 0.0000000000
129264  38.934  4.019  32.277 0.0000000000
127911  38.659  2.839  30.931 0.0000000000
126566  38.255  2.475  30.487 0.0000000000
126581  38.603  2.023  30.000 0.0000000000
126582  37.686  2.235  30.016 0.0000000000
125253  37.287  1.830  29.339 0.0000000000
91057  16.621  -17.191  41.509 0.0000000000
91048  13.855  -17.404  42.978 0.0000000000
107397  26.589  -7.441  48.149 0.0000000000
108884  27.257  -7.169  47.850 0.0000000000
107413  25.698  -7.564  47.508 0.0000000000
108902  25.002  -7.591  46.854 0.0000000000
108926  24.357  -7.652  46.177 0.0000000000
103397  19.889  -10.468  43.777 0.0000000000
104726  20.637  -9.479  43.977 0.0000000000
104735  20.245  -9.847  43.390 0.0000000000
106084  20.491  -9.412  43.275 0.0000000000
106091  20.389  -9.395  42.809 0.0000000000
106090  20.731  -8.827  42.424 0.0000000000
104760  19.661  -10.362  40.939 0.0000000000
103443  19.511  -10.932  40.425 0.0000000000
100365  19.430  -12.363  39.964 0.0000000000
112291  28.233  -5.952  32.446 0.0000000000
136576  42.295  7.664  24.956 0.0000000000
136575  43.056  7.779  25.160 0.0000000000
136586  42.180  7.547  24.171 0.0000000000
136601  42.746  7.471  23.405 0.0000000000
135191  42.181  7.281  20.855 0.0000000000
135204  42.100  7.162  20.038 0.0000000000
136650  43.510  7.803  20.540 0.0000000000
138104  43.817  8.047  20.376 0.0000000000
136663  43.159  7.853  19.629 0.0000000000
138121  43.728  8.203  19.236 0.0000000000
138128  43.786  8.073  18.533 0.0000000000
98621  19.872  -12.653  46.579 0.0000000000
98604  19.877  -13.122  46.873 0.0000000000
97123  19.895  -14.012  47.494 0.0000000000
103334  21.716  -10.636  47.731 0.0000000000
103335  21.193  -10.894  47.309 0.0000000000
101899  20.715  -11.404  47.093 0.0000000000
133593  37.958  5.802  25.802 0.0000000000
94134  18.640  -15.393  45.877 0.0000000000
94135  17.893  -15.802  45.625 0.0000000000
94136  17.031  -15.607  45.447 0.0000000000
97126  15.109  -13.697  47.090 0.0000000000
95627  15.536  -14.174  46.026 0.0000000000
97161  14.670  -13.895  46.235 0.0000000000
97178  14.617  -14.006  45.663 0.0000000000
95664  13.650  -15.047  44.145 0.0000000000
95647  13.840  -14.501  44.831 0.0000000000
95648  13.051  -14.689  44.786 0.0000000000
97094  9.981  -13.418  48.937 0.0000000000
98572  10.698  -13.250  48.875 0.0000000000
97111  10.228  -13.497  48.434 0.0000000000
97150  10.508  -14.304  46.955 0.0000000000
95631  9.921  -15.238  46.194 0.0000000000
125202  30.397  0.865  36.262 0.0000000000
125191  30.703  0.465  36.711 0.0000000000
123800  29.979  0.088  36.349 0.0000000000
122380  29.744  -0.597  36.192 0.0000000000
115047  31.239  -4.186  37.596 0.0000000000
115036  31.545  -3.767  38.012 0.0000000000
116436  30.589  -3.376  37.049 0.0000000000
117943  30.273  -2.707  36.895 0.0000000000
117944  29.920  -2.730  36.455 0.0000000000
116446  29.897  -3.455  36.146 0.0000000000
116457  29.231  -3.622  35.285 0.0000000000
112248  29.485  -5.835  34.694 0.0000000000
109151  29.552  -7.204  35.712 0.0000000000
109180  27.533  -7.771  34.248 0.0000000000
107617  26.725  -7.832  34.303 0.0000000000
107618  25.963  -7.954  34.316 0.0000000000
110563  28.702  -6.708  46.181 0.0000000000
110639  26.871  -6.799  42.059 0.0000000000
110638  27.485  -6.813  42.340 0.0000000000
109018  27.544  -6.835  41.770 0.0000000000
109016  28.824  -7.296  42.083 0.0000000000
109047  29.079  -7.564  40.729 0.0000000000
109063  29.517  -7.718  40.226 0.0000000000
109082  28.563  -7.597  39.458 0.0000000000
109083  28.017  -7.529  39.324 0.0000000000
107541  27.877  -7.603  38.699 0.0000000000
109122  24.375  -7.088  37.072 0.0000000000
109141  24.142  -7.416  36.227 0.0000000000
107606  23.743  -8.339  35.054 0.0000000000
129234  32.316  3.978  33.860 0.0000000000
129273  31.108  3.656  32.804 0.0000000000
127881  30.522  3.341  32.321 0.0000000000
123842  27.970  0.270  30.660 0.0000000000
125257  28.487  0.780  30.469 0.0000000000
123856  28.370  0.332  29.893 0.0000000000
142488  50.094  10.579  15.131 0.0000000000
127914  35.853  3.427  30.573 0.0000000000
127915  35.399  3.535  30.598 0.0000000000
127933  34.346  3.243  29.933 0.0000000000
129291  34.933  4.144  31.532 0.0000000000
129330  34.570  3.602  30.504 0.0000000000
127934  33.585  3.304  29.810 0.0000000000
127935  32.848  3.305  29.746 0.0000000000
127936  32.132  3.193  29.721 0.0000000000
130632  38.879  5.059  33.677 0.0000000000
130652  38.515  4.852  33.314 0.0000000000
132109  37.846  5.140  33.756 0.0000000000
130653  37.771  4.819  33.228 0.0000000000
129309  36.948  3.688  31.166 0.0000000000
91070  17.013  -17.322  41.048 0.0000000000
92660  16.949  -16.948  41.486 0.0000000000
92649  16.047  -16.968  42.156 0.0000000000
104706  22.178  -9.502  46.674 0.0000000000
106063  22.493  -8.818  46.158 0.0000000000
104717  21.433  -9.420  45.456 0.0000000000
104719  20.354  -10.239  44.673 0.0000000000
101943  19.735  -11.247  44.372 0.0000000000
103384  20.003  -10.664  44.471 0.0000000000
103398  19.630  -11.004  43.373 0.0000000000
101963  19.271  -11.684  42.143 0.0000000000
98707  19.006  -12.999  41.071 0.0000000000
98693  18.956  -12.904  41.461 0.0000000000
98694  18.876  -13.334  41.528 0.0000000000
97217  18.808  -14.074  41.848 0.0000000000
135143  40.387  7.103  22.684 0.0000000000
100191  21.167  -11.872  48.908 0.0000000000
100179  21.263  -12.038  49.469 0.0000000000
127958  40.817  3.073  29.195 0.0000000000
129358  40.411  3.904  28.938 0.0000000000
127993  39.456  3.093  28.342 0.0000000000
129359  39.841  3.854  28.549 0.0000000000
130731  40.246  4.583  28.657 0.0000000000
132172  39.821  5.476  27.915 0.0000000000
133576  39.381  5.733  27.193 0.0000000000
132173  39.332  5.211  27.530 0.0000000000
130759  37.322  4.819  26.100 0.0000000000
129380  37.263  3.789  26.540 0.0000000000
130752  37.140  4.295  26.261 0.0000000000
130768  36.449  4.762  25.247 0.0000000000
94090  17.187  -15.096  47.487 0.0000000000
94106  16.936  -15.088  46.892 0.0000000000
95598  16.771  -14.609  47.565 0.0000000000
97124  16.209  -14.079  47.443 0.0000000000
97109  15.897  -13.685  47.959 0.0000000000
97125  15.590  -13.771  47.308 0.0000000000
98586  14.897  -13.499  47.422 0.0000000000
98587  14.245  -13.386  47.354 0.0000000000
100133  11.647  -12.235  51.787 0.0000000000
100153  10.929  -12.480  51.094 0.0000000000
98509  10.717  -12.816  50.474 0.0000000000
98510  10.107  -12.909  50.703 0.0000000000
98531  10.265  -13.083  49.998 0.0000000000
97095  9.449  -13.619  49.138 0.0000000000
97113  8.698  -14.451  48.350 0.0000000000
95601  8.492  -15.006  47.687 0.0000000000
92561  7.311  -16.279  47.913 0.0000000000
94047  7.338  -15.270  49.207 0.0000000000
113741  32.198  -4.902  38.535 0.0000000000
115046  31.637  -4.557  37.938 0.0000000000
113756  31.475  -4.927  37.758 0.0000000000
113770  30.831  -5.001  37.056 0.0000000000
113771  30.545  -5.054  36.686 0.0000000000
113791  30.247  -5.152  36.260 0.0000000000
112221  30.517  -5.442  36.518 0.0000000000
112231  30.610  -6.085  36.539 0.0000000000
110722  30.321  -6.887  36.386 0.0000000000
109133  30.891  -7.241  37.183 0.0000000000
109150  30.021  -7.121  36.244 0.0000000000
109136  29.036  -7.566  36.292 0.0000000000
109137  28.227  -7.692  36.410 0.0000000000
109001  25.061  -6.805  43.517 0.0000000000
110602  25.945  -6.616  44.170 0.0000000000
110629  25.347  -6.642  42.749 0.0000000000
110641  25.314  -6.747  41.911 0.0000000000
110642  24.576  -6.907  41.777 0.0000000000
110653  25.906  -6.857  41.350 0.0000000000
110664  26.308  -6.905  40.967 0.0000000000
109067  26.875  -7.146  39.678 0.0000000000
109051  26.378  -6.944  40.061 0.0000000000
110689  25.329  -7.031  39.139 0.0000000000
110690  24.674  -6.933  38.962 0.0000000000
109088  23.415  -6.967  39.016 0.0000000000
110691  24.139  -6.859  38.657 0.0000000000
109106  23.700  -7.020  38.014 0.0000000000
126534  29.790  2.225  34.117 0.0000000000
126538  29.589  2.378  33.172 0.0000000000
126539  29.129  1.803  33.550 0.0000000000
125226  28.235  0.953  32.346 0.0000000000
123821  27.950  0.313  32.546 0.0000000000
123831  27.816  0.391  31.579 0.0000000000
123843  27.656  0.116  30.995 0.0000000000
122438  27.580  -0.379  30.680 0.0000000000
141046  50.594  10.094  16.242 0.0000000000
139634  49.666  9.053  15.126 0.0000000000
125340  36.653  1.671  26.810 0.0000000000
125342  34.930  1.256  26.920 0.0000000000
127960  35.598  2.688  29.500 0.0000000000
126659  34.115  2.080  27.792 0.0000000000
126634  33.772  2.435  28.422 0.0000000000
129285  39.431  3.580  31.814 0.0000000000
129263  39.915  3.896  32.321 0.0000000000
126563  40.868  2.318  30.418 0.0000000000
126602  39.736  2.007  29.265 0.0000000000
125269  39.184  1.857  28.773 0.0000000000
125270  38.497  1.466  28.806 0.0000000000
125290  38.767  1.916  28.287 0.0000000000
110489  29.837  -6.875  49.137 0.0000000000
110506  29.910  -6.815  48.405 0.0000000000
108899  27.157  -6.954  46.898 0.0000000000
108922  27.167  -6.819  46.419 0.0000000000
108945  26.602  -6.796  45.670 0.0000000000
108964  25.730  -6.774  44.893 0.0000000000
106062  23.144  -8.463  46.403 0.0000000000
107429  23.141  -8.294  46.070 0.0000000000
107437  23.582  -7.890  45.787 0.0000000000
106077  21.806  -8.568  44.593 0.0000000000
108949  23.765  -7.630  45.375 0.0000000000
108966  23.826  -7.416  44.766 0.0000000000
108984  24.522  -7.016  44.042 0.0000000000
109004  22.985  -7.294  42.666 0.0000000000
109005  22.338  -7.557  42.429 0.0000000000
107486  21.146  -8.327  41.952 0.0000000000
107485  21.708  -7.898  42.223 0.0000000000
107499  21.544  -7.840  41.476 0.0000000000
107500  20.990  -8.293  41.174 0.0000000000
107515  20.550  -8.774  40.467 0.0000000000
106122  20.365  -9.389  39.516 0.0000000000
98726  19.187  -13.324  40.243 0.0000000000
136627  45.526  7.829  22.747 0.0000000000
135142  41.118  7.299  22.753 0.0000000000
135140  42.342  7.349  22.934 0.0000000000
136616  42.928  7.359  22.561 0.0000000000
135178  42.278  7.321  21.619 0.0000000000
136631  42.933  7.350  21.830 0.0000000000
136629  44.216  7.634  22.297 0.0000000000
136628  44.958  7.765  22.440 0.0000000000
138079  45.935  7.946  22.740 0.0000000000
138088  45.713  8.167  22.098 0.0000000000
138096  45.955  8.805  21.019 0.0000000000
139582  45.739  9.158  19.946 0.0000000000
139592  46.144  9.387  19.477 0.0000000000
139600  46.734  9.498  18.007 0.0000000000
139601  45.871  9.179  17.890 0.0000000000
97191  18.966  -14.013  44.242 0.0000000000
95643  19.056  -14.773  45.400 0.0000000000
94104  18.234  -15.594  47.301 0.0000000000
97122  20.275  -13.661  47.987 0.0000000000
95596  19.883  -14.470  47.982 0.0000000000
95582  20.022  -14.670  48.655 0.0000000000
94102  19.452  -15.052  47.730 0.0000000000
94089  17.652  -15.297  47.908 0.0000000000
95583  17.361  -14.819  48.587 0.0000000000
95555  17.870  -14.967  50.232 0.0000000000
97074  17.370  -14.622  49.839 0.0000000000
110472  30.952  -6.658  49.603 0.0000000000
110490  29.242  -6.972  49.291 0.0000000000
108864  28.235  -7.163  49.182 0.0000000000
107396  27.070  -7.369  48.392 0.0000000000
107385  26.774  -7.522  48.695 0.0000000000
107399  25.213  -7.949  47.934 0.0000000000
106045  24.101  -8.563  47.736 0.0000000000
106033  24.887  -8.493  48.614 0.0000000000
106056  22.654  -9.249  47.034 0.0000000000
103358  20.883  -10.515  46.100 0.0000000000
101917  20.295  -11.354  45.946 0.0000000000
101916  20.636  -11.125  46.515 0.0000000000
138043  44.146  8.480  27.201 0.0000000000
136562  42.227  7.785  26.701 0.0000000000
136569  42.342  7.792  25.777 0.0000000000
136578  41.086  7.526  24.444 0.0000000000
135114  40.689  7.387  24.182 0.0000000000
133582  39.894  6.326  26.878 0.0000000000
135092  39.899  6.464  26.564 0.0000000000
133591  39.342  6.520  25.898 0.0000000000
135098  39.431  6.759  25.448 0.0000000000
135115  39.884  7.058  24.109 0.0000000000
135130  39.771  6.998  23.340 0.0000000000
135131  39.082  6.780  23.233 0.0000000000
92621  17.328  -16.036  43.922 0.0000000000
94123  16.667  -15.068  46.116 0.0000000000
94137  16.307  -15.015  45.295 0.0000000000
95644  15.793  -14.532  45.539 0.0000000000
95661  15.719  -14.713  45.035 0.0000000000
94152  15.936  -15.196  44.377 0.0000000000
94169  15.587  -15.359  43.902 0.0000000000
92639  14.138  -16.847  42.969 0.0000000000
92640  13.823  -16.993  43.155 0.0000000000
94172  13.619  -15.773  43.665 0.0000000000
94173  13.247  -16.266  43.723 0.0000000000
91037  13.158  -17.321  43.526 0.0000000000
98588  13.578  -13.145  47.595 0.0000000000
98528  12.215  -12.641  49.543 0.0000000000
98550  11.117  -13.065  49.259 0.0000000000
98549  11.770  -12.897  49.132 0.0000000000
98548  12.490  -12.668  49.128 0.0000000000
98569  12.663  -12.835  48.435 0.0000000000
98589  12.796  -13.055  47.550 0.0000000000
97148  12.816  -13.466  46.754 0.0000000000
97164  12.415  -14.120  45.735 0.0000000000
95649  12.081  -14.882  45.007 0.0000000000
95650  11.200  -15.257  45.326 0.0000000000
94138  11.551  -15.459  44.950 0.0000000000
94157  11.851  -15.833  44.594 0.0000000000
97023  6.035  -14.068  53.454 0.0000000000
95504  5.358  -14.846  53.479 0.0000000000
92505  4.915  -15.777  53.236 0.0000000000
93985  4.983  -15.328  53.640 0.0000000000
95479  5.044  -14.742  54.594 0.0000000000
130621  35.223  5.004  34.627 0.0000000000
129231  31.741  3.187  35.234 0.0000000000
127859  31.175  2.992  34.863 0.0000000000
126528  30.229  2.312  34.783 0.0000000000
126530  29.371  1.373  34.878 0.0000000000
125212  29.109  0.921  34.852 0.0000000000
125207  29.593  0.916  35.626 0.0000000000
125208  29.216  0.517  35.251 0.0000000000
123808  28.629  -0.149  34.452 0.0000000000
122397  28.312  -0.675  34.224 0.0000000000
119459  28.193  -2.079  34.342 0.0000000000
122370  30.100  -0.583  36.606 0.0000000000
120910  29.499  -1.316  36.024 0.0000000000
119420  29.646  -2.024  36.280 0.0000000000
119421  29.281  -2.050  35.818 0.0000000000
120911  29.144  -1.340  35.552 0.0000000000
119441  28.509  -2.048  34.837 0.0000000000
117969  28.358  -2.504  34.601 0.0000000000
116481  28.054  -3.780  33.604 0.0000000000
115099  28.777  -4.447  34.343 0.0000000000
113823  28.427  -5.152  33.390 0.0000000000
112279  28.493  -5.905  33.145 0.0000000000
112233  30.128  -5.559  35.879 0.0000000000
110749  29.245  -6.562  34.338 0.0000000000
109188  28.737  -6.870  33.604 0.0000000000
107662  27.328  -8.230  32.350 0.0000000000
107663  26.679  -8.559  32.502 0.0000000000
106219  26.471  -8.881  32.334 0.0000000000
107523  31.685  -7.499  40.056 0.0000000000
110523  30.029  -6.803  47.596 0.0000000000
110542  30.214  -6.821  46.723 0.0000000000
110561  30.445  -6.867  45.819 0.0000000000
108962  30.322  -7.093  44.489 0.0000000000
110626  27.838  -6.883  42.946 0.0000000000
110612  29.401  -7.144  43.939 0.0000000000
108981  29.950  -7.273  43.697 0.0000000000
109030  30.704  -7.560  41.763 0.0000000000
107484  31.189  -7.544  41.692 0.0000000000
107496  31.543  -7.554  41.309 0.0000000000
107510  31.365  -7.783  40.587 0.0000000000
109080  30.924  -8.034  38.882 0.0000000000
107557  29.873  -7.884  37.995 0.0000000000
107594  28.780  -7.686  36.865 0.0000000000
109085  26.822  -7.251  38.967 0.0000000000
107543  26.997  -7.364  38.540 0.0000000000
107561  27.140  -7.450  38.188 0.0000000000
109103  26.128  -7.211  38.182 0.0000000000
109119  26.780  -7.397  37.785 0.0000000000
107580  27.388  -7.559  37.651 0.0000000000
109169  24.940  -7.974  34.780 0.0000000000
107619  25.284  -8.140  34.312 0.0000000000
130636  34.392  4.644  33.932 0.0000000000
130659  33.760  4.425  32.911 0.0000000000
129270  33.246  4.285  31.962 0.0000000000
129249  32.429  4.148  32.966 0.0000000000
129271  32.609  4.205  32.160 0.0000000000
129294  32.949  4.089  31.487 0.0000000000
129316  31.746  3.654  30.856 0.0000000000
129334  31.774  3.355  30.208 0.0000000000
127966  31.040  2.650  29.420 0.0000000000
127898  29.999  2.904  31.900 0.0000000000
127918  30.036  2.829  31.089 0.0000000000
125239  28.806  1.324  30.727 0.0000000000
126568  29.657  2.286  30.725 0.0000000000
127939  30.198  2.626  30.369 0.0000000000
126585  30.384  2.441  29.682 0.0000000000
126609  30.629  2.187  29.061 0.0000000000
139620  47.852  8.985  16.524 0.0000000000
138142  47.543  8.425  16.105 0.0000000000
91036  13.587  -17.170  43.257 0.0000000000
92544  6.587  -16.058  49.391 0.0000000000
92609  17.029  -15.957  44.198 0.0000000000
92626  13.608  -16.638  43.391 0.0000000000
92658  18.031  -16.109  41.239 0.0000000000
93997  5.646  -15.060  52.672 0.0000000000
94022  5.419  -15.674  52.017 0.0000000000
94078  7.567  -15.537  48.311 0.0000000000
94092  8.240  -15.455  47.513 0.0000000000
94093  7.650  -15.851  47.760 0.0000000000
94107  9.433  -15.333  46.489 0.0000000000
94108  8.977  -15.524  46.796 0.0000000000
94140  10.310  -15.877  45.568 0.0000000000
94171  14.458  -15.543  43.565 0.0000000000
94215  19.022  -15.411  40.240 0.0000000000
95491  5.632  -14.401  53.624 0.0000000000
95543  7.396  -14.517  50.295 0.0000000000
95557  7.697  -14.769  49.626 0.0000000000
95571  7.766  -15.069  48.820 0.0000000000
95581  20.332  -14.306  48.966 0.0000000000
95585  8.790  -14.613  47.895 0.0000000000
95599  9.504  -14.637  47.166 0.0000000000
95600  9.001  -14.830  47.426 0.0000000000
95614  9.739  -14.874  46.681 0.0000000000
95629  11.353  -14.593  45.822 0.0000000000
95651  10.759  -15.568  45.435 0.0000000000
95676  14.280  -15.155  43.921 0.0000000000
97034  6.776  -13.922  52.568 0.0000000000
97046  8.095  -13.589  51.147 0.0000000000
97048  6.989  -14.064  51.867 0.0000000000
97077  9.110  -13.662  49.714 0.0000000000
97078  8.511  -14.121  49.622 0.0000000000
97144  15.430  -13.944  46.683 0.0000000000
97145  14.871  -13.812  46.689 0.0000000000
97146  14.307  -13.670  46.716 0.0000000000
97160  15.108  -13.962  46.306 0.0000000000
97177  15.043  -14.027  45.910 0.0000000000
98543  21.098  -12.310  49.207 0.0000000000
98551  10.317  -13.230  49.265 0.0000000000
98552  9.881  -13.285  49.590 0.0000000000
98565  15.324  -13.492  47.719 0.0000000000
98570  11.939  -13.014  48.568 0.0000000000
98571  11.142  -13.233  48.546 0.0000000000
98585  15.227  -13.596  47.380 0.0000000000
98605  19.715  -13.505  46.535 0.0000000000
98607  13.587  -13.329  47.056 0.0000000000
98608  13.201  -13.180  47.213 0.0000000000
100107  8.868  -12.476  53.354 0.0000000000
100166  13.757  -12.506  50.000 0.0000000000
100167  13.254  -12.500  49.923 0.0000000000
100168  12.479  -12.515  50.119 0.0000000000
100181  12.668  -12.548  49.634 0.0000000000
100323  19.036  -12.457  41.619 0.0000000000
100324  18.935  -12.866  41.676 0.0000000000
101883  21.056  -11.305  47.799 0.0000000000
101996  19.506  -11.517  40.007 0.0000000000
103357  21.388  -10.286  46.601 0.0000000000
103421  19.407  -11.041  41.838 0.0000000000
104688  22.829  -9.778  48.228 0.0000000000
104697  22.290  -9.757  47.161 0.0000000000
104708  21.091  -9.938  45.627 0.0000000000
104718  20.849  -9.797  44.873 0.0000000000
104734  20.540  -9.427  43.517 0.0000000000
104759  19.916  -9.740  40.662 0.0000000000
106054  23.942  -8.385  47.162 0.0000000000
106083  20.837  -9.009  43.351 0.0000000000
107383  27.774  -7.324  49.025 0.0000000000
107384  27.304  -7.425  48.849 0.0000000000
107387  25.594  -7.925  48.469 0.0000000000
107412  26.244  -7.443  47.712 0.0000000000
107415  24.376  -8.099  47.142 0.0000000000
107426  24.687  -7.727  46.851 0.0000000000
107428  23.649  -8.203  46.373 0.0000000000
107436  24.033  -7.829  46.105 0.0000000000
107438  22.906  -8.184  45.559 0.0000000000
107445  23.391  -7.774  45.276 0.0000000000
107448  21.805  -8.398  44.183 0.0000000000
107472  21.293  -8.390  42.757 0.0000000000
107501  20.643  -8.564  40.837 0.0000000000
107514  21.017  -8.227  40.274 0.0000000000
107537  30.870  -7.937  38.983 0.0000000000
107542  27.319  -7.447  38.613 0.0000000000
107572  31.509  -6.604  38.364 0.0000000000
107590  31.104  -6.899  37.773 0.0000000000
107591  31.066  -7.124  37.631 0.0000000000
107596  27.640  -7.614  37.308 0.0000000000
107620  24.684  -8.345  34.387 0.0000000000
108874  27.381  -7.281  48.411 0.0000000000
108883  27.834  -7.028  48.071 0.0000000000
108885  26.621  -7.331  47.709 0.0000000000
108901  25.457  -7.470  46.907 0.0000000000
109022  22.190  -7.505  41.692 0.0000000000
109052  23.364  -6.988  40.603 0.0000000000
109079  32.018  -6.448  39.683 0.0000000000
109081  30.747  -8.189  38.772 0.0000000000
109100  31.009  -7.992  38.632 0.0000000000
109101  30.754  -8.032  38.423 0.0000000000
109117  30.694  -7.629  37.062 0.0000000000
109131  31.232  -6.594  37.829 0.0000000000
110565  27.158  -6.770  46.147 0.0000000000
110587  26.530  -6.747  45.312 0.0000000000
110617  25.698  -6.542  43.505 0.0000000000
110643  24.085  -6.985  41.391 0.0000000000
110652  26.530  -6.882  41.358 0.0000000000
110667  24.648  -6.928  40.312 0.0000000000
110676  25.839  -6.962  40.001 0.0000000000
110687  32.328  -5.791  39.205 0.0000000000
110688  25.781  -7.024  39.473 0.0000000000
110701  25.155  -6.990  38.612 0.0000000000
110702  24.722  -6.900  38.375 0.0000000000
110703  24.299  -6.880  38.208 0.0000000000
110719  31.161  -6.292  37.541 0.0000000000
110721  30.670  -6.808  36.687 0.0000000000
110731  30.479  -6.434  36.322 0.0000000000
110733  29.868  -6.751  35.550 0.0000000000
110741  30.049  -6.372  35.577 0.0000000000
112208  31.558  -5.826  38.034 0.0000000000
112232  30.410  -5.833  36.266 0.0000000000
113742  31.826  -4.900  38.102 0.0000000000
113757  31.141  -4.959  37.411 0.0000000000
116422  30.925  -3.357  37.464 0.0000000000
122413  27.774  -0.332  32.801 0.0000000000
122426  27.433  -0.495  31.549 0.0000000000
122437  27.797  -0.066  30.496 0.0000000000
122451  27.702  -0.728  29.930 0.0000000000
123799  30.411  0.067  36.659 0.0000000000
123811  28.747  0.400  34.418 0.0000000000
125233  28.311  1.101  31.711 0.0000000000
125254  36.840  1.914  29.256 0.0000000000
125273  36.180  1.802  28.717 0.0000000000
125275  29.113  1.040  29.200 0.0000000000
125289  39.211  2.059  28.501 0.0000000000
125295  34.731  1.912  27.860 0.0000000000
125317  38.641  2.149  27.980 0.0000000000
126526  29.973  1.417  35.561 0.0000000000
126533  30.207  2.520  34.284 0.0000000000
126545  29.533  2.453  32.308 0.0000000000
126569  29.167  1.893  31.089 0.0000000000
126579  40.327  2.151  29.868 0.0000000000
126636  32.160  2.286  28.199 0.0000000000
126656  38.497  2.337  27.724 0.0000000000
126658  34.494  1.970  27.825 0.0000000000
127864  30.635  2.887  34.219 0.0000000000
127870  30.565  3.170  33.231 0.0000000000
127880  40.114  3.436  31.890 0.0000000000
127896  37.862  3.496  31.231 0.0000000000
127909  39.930  2.646  31.060 0.0000000000
127910  39.479  2.713  31.009 0.0000000000
127929  37.579  2.658  30.367 0.0000000000
127937  31.459  3.022  29.834 0.0000000000
127957  41.207  3.260  29.487 0.0000000000
127980  40.492  3.181  28.957 0.0000000000
127985  31.814  2.490  28.604 0.0000000000
129236  31.087  3.231  34.131 0.0000000000
129286  38.633  3.661  31.781 0.0000000000
129287  37.857  3.760  31.684 0.0000000000
129292  34.349  4.161  31.417 0.0000000000
129312  34.750  3.898  31.005 0.0000000000
129317  31.014  3.503  31.008 0.0000000000
129350  40.861  3.610  29.177 0.0000000000
130633  36.221  5.013  33.907 0.0000000000
130654  37.115  4.812  33.222 0.0000000000
130658  34.381  4.552  33.164 0.0000000000
130673  38.344  4.437  32.770 0.0000000000
130674  37.605  4.481  32.744 0.0000000000
130679  34.400  4.436  32.479 0.0000000000
130690  35.360  4.356  32.316 0.0000000000
130692  34.439  4.300  31.899 0.0000000000
130732  39.741  4.498  28.268 0.0000000000
132111  36.818  5.001  33.565 0.0000000000
132174  38.736  5.004  27.209 0.0000000000
133575  39.963  6.068  27.494 0.0000000000
133585  38.030  5.671  26.093 0.0000000000
133608  38.568  6.681  24.067 0.0000000000
135085  40.456  6.507  27.468 0.0000000000
135095  41.305  7.503  26.040 0.0000000000
135104  41.186  7.512  25.527 0.0000000000
135126  42.270  7.411  23.290 0.0000000000
135141  41.797  7.371  22.802 0.0000000000
136563  41.740  7.620  26.270 0.0000000000
136587  41.506  7.543  23.994 0.0000000000
136588  41.098  7.499  24.118 0.0000000000
136602  42.056  7.472  23.602 0.0000000000
136612  45.858  7.823  23.319 0.0000000000
136640  44.650  7.893  21.908 0.0000000000
138101  45.752  9.035  20.377 0.0000000000
138115  43.758  8.146  20.017 0.0000000000
141035  47.173  9.662  18.020 0.0000000000
141041  47.689  9.640  17.531 0.0000000000
