#!ascii label  , from subject FS6EXPERT_subj01_ver10 vox2ras=TkReg
1573
189413  40.046  42.018  9.379 0.0000000000
189260  43.752  42.440  16.492 0.0000000000
180448  40.825  35.191  5.598 0.0000000000
187388  36.710  40.217  9.365 0.0000000000
184382  37.411  37.763  6.156 0.0000000000
194457  45.300  45.979  13.474 0.0000000000
192273  39.090  44.536  15.584 0.0000000000
205209  42.660  55.079  14.034 0.0000000000
179294  45.936  33.971  8.301 0.0000000000
182493  45.156  36.304  2.479 0.0000000000
189351  46.330  41.422  11.440 0.0000000000
186364  41.282  39.361  6.722 0.0000000000
185332  41.074  38.896  9.819 0.0000000000
179270  40.902  33.637  9.996 0.0000000000
206124  42.279  56.566  9.420 0.0000000000
197514  45.278  48.555  13.805 0.0000000000
184417  40.430  38.027  1.993 0.0000000000
188407  38.057  41.428  9.033 0.0000000000
185357  37.270  38.689  8.226 0.0000000000
187411  38.462  40.058  7.743 0.0000000000
190337  42.843  42.742  12.657 0.0000000000
190373  39.877  42.745  11.288 0.0000000000
199169  38.681  50.358  13.291 0.0000000000
181459  48.871  35.560  9.713 0.0000000000
181506  47.731  35.303  5.883 0.0000000000
179307  48.970  33.693  7.893 0.0000000000
200913  45.532  51.729  6.289 0.0000000000
188323  46.105  41.130  13.751 0.0000000000
187355  43.930  40.339  10.693 0.0000000000
187325  42.862  40.461  12.359 0.0000000000
180323  38.610  34.577  13.379 0.0000000000
181451  39.075  35.274  11.087 0.0000000000
178147  41.729  33.254  12.791 0.0000000000
179222  44.417  33.887  12.319 0.0000000000
197470  42.965  48.345  16.013 0.0000000000
200854  42.228  51.239  13.399 0.0000000000
194387  45.180  45.941  16.291 0.0000000000
192296  47.499  43.947  15.008 0.0000000000
184371  40.844  38.024  6.236 0.0000000000
185384  40.200  38.738  4.987 0.0000000000
183424  41.066  37.143  3.947 0.0000000000
182458  35.495  36.895  5.944 0.0000000000
182474  36.634  36.578  4.273 0.0000000000
196632  47.580  47.429  10.645 0.0000000000
196622  44.918  47.372  11.155 0.0000000000
191258  41.452  43.817  16.795 0.0000000000
188329  41.438  40.822  14.343 0.0000000000
210661  36.513  60.248  15.067 0.0000000000
211481  40.998  61.292  14.028 0.0000000000
198336  40.724  49.224  14.674 0.0000000000
179349  42.584  33.928  6.266 0.0000000000
180480  42.396  35.003  3.732 0.0000000000
179375  44.996  34.501  4.858 0.0000000000
181556  47.384  35.277  3.024 0.0000000000
189390  43.304  41.939  9.993 0.0000000000
188437  41.013  41.036  7.529 0.0000000000
187398  43.757  40.723  8.600 0.0000000000
185345  41.756  39.064  8.696 0.0000000000
183382  40.188  37.213  7.941 0.0000000000
185308  40.366  38.668  11.644 0.0000000000
182429  39.481  36.178  9.360 0.0000000000
179316  40.917  33.968  8.003 0.0000000000
178219  43.462  33.244  9.164 0.0000000000
180364  46.272  34.324  10.808 0.0000000000
205320  42.856  55.599  7.504 0.0000000000
201857  43.159  52.447  8.358 0.0000000000
200001  40.348  51.499  10.153 0.0000000000
198405  45.080  49.194  10.317 0.0000000000
195568  47.361  46.398  13.487 0.0000000000
190317  45.410  42.983  13.900 0.0000000000
186373  39.306  39.063  6.169 0.0000000000
184403  38.134  37.994  4.182 0.0000000000
181565  38.667  35.851  2.606 0.0000000000
183448  42.653  37.599  1.582 0.0000000000
189414  39.234  41.928  9.438 0.0000000000
188427  38.365  41.127  8.459 0.0000000000
188426  39.076  41.350  8.275 0.0000000000
189356  41.713  42.353  11.493 0.0000000000
190355  41.266  42.753  11.873 0.0000000000
189372  40.212  42.390  10.727 0.0000000000
189395  38.930  42.122  10.079 0.0000000000
179264  49.601  34.723  10.252 0.0000000000
180391  49.329  34.592  8.678 0.0000000000
178202  49.174  33.578  9.521 0.0000000000
180433  37.440  33.935  5.973 0.0000000000
189302  45.286  41.811  14.835 0.0000000000
188341  44.650  41.034  13.243 0.0000000000
188326  43.522  41.290  13.950 0.0000000000
179170  40.355  33.480  14.503 0.0000000000
178150  40.013  33.444  12.963 0.0000000000
193272  43.523  45.075  17.114 0.0000000000
195507  44.281  46.835  16.605 0.0000000000
191241  44.646  43.601  17.238 0.0000000000
190271  46.199  42.900  16.328 0.0000000000
183408  40.544  36.834  5.717 0.0000000000
184387  40.703  37.533  5.326 0.0000000000
182465  40.934  36.067  4.714 0.0000000000
185335  35.653  38.789  9.976 0.0000000000
185350  36.022  38.370  9.433 0.0000000000
184366  37.611  38.024  7.157 0.0000000000
183393  36.701  37.477  7.216 0.0000000000
183410  36.560  37.291  6.215 0.0000000000
182476  35.769  36.688  5.132 0.0000000000
183427  36.404  37.153  5.023 0.0000000000
195597  46.757  46.645  11.758 0.0000000000
195613  46.060  46.889  10.754 0.0000000000
195588  45.300  46.794  12.321 0.0000000000
188394  36.486  41.329  9.947 0.0000000000
187372  35.817  40.351  10.166 0.0000000000
192252  40.229  44.114  16.106 0.0000000000
189241  40.445  42.267  16.912 0.0000000000
190276  39.346  42.696  16.716 0.0000000000
196567  38.972  47.545  14.582 0.0000000000
199157  39.996  50.026  14.007 0.0000000000
195519  40.138  46.680  15.112 0.0000000000
194401  41.077  45.974  15.594 0.0000000000
179329  44.673  33.763  6.892 0.0000000000
179362  44.375  34.127  5.460 0.0000000000
179345  45.703  34.192  6.099 0.0000000000
180457  48.210  34.533  5.171 0.0000000000
181528  47.722  35.231  4.541 0.0000000000
180474  47.780  34.513  4.034 0.0000000000
189367  44.804  41.792  10.704 0.0000000000
189409  43.660  41.681  9.203 0.0000000000
188392  45.011  41.372  9.633 0.0000000000
186316  42.637  39.998  10.404 0.0000000000
186327  42.773  39.842  9.635 0.0000000000
185346  41.197  38.756  9.063 0.0000000000
184356  40.901  38.185  7.878 0.0000000000
184349  40.244  37.731  9.027 0.0000000000
186283  40.424  39.486  13.242 0.0000000000
186282  41.036  39.697  13.037 0.0000000000
185309  39.892  38.216  12.011 0.0000000000
179272  39.915  34.138  10.218 0.0000000000
182422  39.352  36.094  10.185 0.0000000000
180385  39.718  34.643  9.566 0.0000000000
180406  39.832  35.033  8.310 0.0000000000
179299  40.722  33.923  8.740 0.0000000000
179297  41.878  33.557  8.264 0.0000000000
178221  42.298  33.283  9.375 0.0000000000
179181  45.633  34.278  13.509 0.0000000000
179220  45.685  34.191  11.973 0.0000000000
207026  43.606  56.900  8.708 0.0000000000
204462  43.964  54.237  8.604 0.0000000000
203632  42.728  53.946  9.006 0.0000000000
207919  41.991  57.559  13.811 0.0000000000
208873  41.071  58.781  12.447 0.0000000000
205239  41.844  55.641  12.781 0.0000000000
198344  44.046  49.286  13.967 0.0000000000
199992  40.968  50.908  11.872 0.0000000000
198372  43.186  49.433  12.031 0.0000000000
198394  42.978  49.538  10.430 0.0000000000
198378  44.636  49.259  11.690 0.0000000000
197538  46.604  48.450  12.254 0.0000000000
196595  46.449  47.740  13.515 0.0000000000
189309  47.336  42.084  13.701 0.0000000000
191300  46.886  43.485  14.146 0.0000000000
189320  45.827  42.179  13.118 0.0000000000
189337  44.222  42.214  12.418 0.0000000000
187407  41.268  40.485  7.186 0.0000000000
187418  40.101  40.161  6.776 0.0000000000
186365  40.445  39.738  6.361 0.0000000000
185406  40.222  38.713  3.210 0.0000000000
185400  39.260  38.691  3.954 0.0000000000
184410  39.050  38.219  3.065 0.0000000000
182500  38.009  37.101  3.164 0.0000000000
181575  39.051  36.509  2.113 0.0000000000
181561  43.770  35.667  2.828 0.0000000000
182496  42.853  36.454  2.382 0.0000000000
183446  44.018  37.177  1.550 0.0000000000
187387  37.213  40.528  9.030 0.0000000000
185348  37.009  39.062  8.797 0.0000000000
187403  37.541  40.152  8.520 0.0000000000
186352  37.901  39.747  8.037 0.0000000000
185365  38.028  38.545  7.252 0.0000000000
191305  43.826  44.236  13.953 0.0000000000
189416  37.752  41.729  9.596 0.0000000000
180383  47.202  34.639  8.806 0.0000000000
180404  47.234  34.804  7.160 0.0000000000
181476  48.288  35.488  7.756 0.0000000000
180426  48.961  34.904  6.913 0.0000000000
188338  47.154  40.788  12.985 0.0000000000
187338  45.467  40.439  11.077 0.0000000000
187322  45.319  40.489  12.047 0.0000000000
187340  43.797  40.411  11.465 0.0000000000
186305  41.902  39.820  11.426 0.0000000000
183330  38.756  36.589  12.659 0.0000000000
183329  39.085  37.095  12.183 0.0000000000
181439  38.791  35.299  12.171 0.0000000000
179243  40.108  33.783  11.522 0.0000000000
178180  41.266  33.275  11.499 0.0000000000
178192  42.727  33.247  10.581 0.0000000000
179224  43.119  33.484  12.581 0.0000000000
179183  44.272  33.909  13.791 0.0000000000
180298  46.108  34.694  14.877 0.0000000000
209865  42.032  59.539  9.702 0.0000000000
201807  42.574  52.166  14.902 0.0000000000
202737  42.663  53.195  13.487 0.0000000000
200846  43.247  50.913  14.858 0.0000000000
197475  44.511  48.400  15.576 0.0000000000
195529  45.557  47.251  14.961 0.0000000000
195528  46.099  46.700  14.808 0.0000000000
192269  46.456  44.656  15.956 0.0000000000
189281  47.306  42.240  15.443 0.0000000000
185370  41.086  38.630  6.565 0.0000000000
186371  40.637  39.242  6.024 0.0000000000
184378  40.689  37.934  5.471 0.0000000000
185390  40.791  38.300  4.173 0.0000000000
184400  41.135  38.032  3.186 0.0000000000
181580  45.747  35.463  1.151 0.0000000000
181591  44.585  36.041  0.583 0.0000000000
183397  34.715  36.690  7.698 0.0000000000
184359  36.519  37.708  8.173 0.0000000000
183395  35.768  37.035  7.597 0.0000000000
181511  34.877  36.255  6.440 0.0000000000
181509  35.705  35.461  5.940 0.0000000000
180451  36.679  34.919  5.448 0.0000000000
180469  37.268  34.925  4.715 0.0000000000
194492  47.224  46.484  9.669 0.0000000000
195642  45.914  46.878  9.240 0.0000000000
190249  42.847  42.770  17.342 0.0000000000
189305  42.848  41.758  15.182 0.0000000000
189288  41.755  41.826  15.854 0.0000000000
188315  40.416  41.079  14.902 0.0000000000
186272  39.493  39.633  13.899 0.0000000000
184290  38.650  37.689  13.322 0.0000000000
182379  38.075  36.070  13.727 0.0000000000
212173  38.304  61.975  15.202 0.0000000000
209793  40.609  59.374  13.997 0.0000000000
206045  41.261  56.247  14.086 0.0000000000
202720  41.617  52.925  14.629 0.0000000000
198329  41.843  49.215  15.204 0.0000000000
193281  42.727  45.410  16.562 0.0000000000
180447  41.504  34.560  5.510 0.0000000000
180466  41.604  34.972  4.605 0.0000000000
180465  42.416  34.547  4.573 0.0000000000
180464  43.465  34.485  4.285 0.0000000000
181543  45.332  35.426  3.490 0.0000000000
180430  46.582  34.770  5.671 0.0000000000
181530  46.406  35.435  4.196 0.0000000000
182492  45.929  36.234  2.659 0.0000000000
189392  41.460  42.115  10.080 0.0000000000
189432  41.263  41.791  8.628 0.0000000000
189431  42.184  41.680  8.600 0.0000000000
188422  42.582  41.024  8.084 0.0000000000
187406  41.953  40.110  7.414 0.0000000000
187386  43.354  40.190  9.347 0.0000000000
186350  42.764  39.976  8.329 0.0000000000
185362  41.652  39.002  7.522 0.0000000000
184364  40.934  38.095  7.065 0.0000000000
184372  40.572  37.488  6.719 0.0000000000
182451  40.229  36.133  6.605 0.0000000000
187286  42.402  40.763  13.626 0.0000000000
186294  41.781  39.879  12.135 0.0000000000
185319  40.976  38.997  10.572 0.0000000000
184325  39.558  37.489  10.956 0.0000000000
184339  39.717  37.445  10.205 0.0000000000
184338  40.155  37.945  9.818 0.0000000000
183383  39.877  36.869  8.267 0.0000000000
182443  39.970  35.922  7.355 0.0000000000
180432  40.735  34.845  6.257 0.0000000000
179333  41.619  33.891  7.147 0.0000000000
178248  43.458  33.338  7.970 0.0000000000
179296  44.571  33.513  8.725 0.0000000000
178190  43.994  33.403  10.369 0.0000000000
179268  45.147  33.823  10.034 0.0000000000
179266  46.347  34.210  9.562 0.0000000000
180362  47.648  35.054  10.300 0.0000000000
203664  44.698  53.880  6.892 0.0000000000
201862  44.509  52.442  7.660 0.0000000000
199229  44.518  49.845  7.985 0.0000000000
202749  40.693  53.402  12.086 0.0000000000
202770  40.870  53.631  9.529 0.0000000000
200892  41.790  51.894  8.916 0.0000000000
198417  43.508  49.745  9.174 0.0000000000
198415  44.948  49.233  9.481 0.0000000000
197550  46.710  48.549  10.814 0.0000000000
196606  47.481  47.025  12.386 0.0000000000
194466  46.781  46.046  13.024 0.0000000000
194439  47.288  45.422  14.258 0.0000000000
193337  46.682  44.713  14.065 0.0000000000
192309  45.388  44.406  14.236 0.0000000000
190318  44.635  43.346  13.902 0.0000000000
189338  43.288  42.341  12.245 0.0000000000
188439  39.416  40.981  7.728 0.0000000000
187419  39.418  39.955  6.997 0.0000000000
185371  38.742  38.792  6.386 0.0000000000
185377  40.108  38.995  5.527 0.0000000000
185386  38.946  38.590  5.083 0.0000000000
184389  37.874  38.007  5.326 0.0000000000
183434  37.273  37.345  4.139 0.0000000000
181550  37.816  35.781  3.472 0.0000000000
181548  41.505  36.090  3.525 0.0000000000
183438  41.864  37.509  2.403 0.0000000000
184415  41.652  37.999  1.628 0.0000000000
182530  43.797  36.615  0.499 0.0000000000
182524  40.360  36.833  1.383 0.0000000000
177142  47.912  32.342  8.335 0.0000000000
177159  47.882  32.228  6.740 0.0000000000
189434  39.530  41.806  8.753 0.0000000000
189393  40.568  42.160  10.081 0.0000000000
189371  41.105  42.315  10.924 0.0000000000
189394  39.724  42.162  10.059 0.0000000000
179265  49.468  34.281  9.971 0.0000000000
189259  44.495  42.459  16.217 0.0000000000
189303  44.419  41.885  15.014 0.0000000000
189304  43.619  41.863  15.103 0.0000000000
190234  43.769  43.199  17.435 0.0000000000
192228  44.327  43.849  17.361 0.0000000000
190274  44.295  42.703  16.605 0.0000000000
189258  45.195  42.551  16.166 0.0000000000
182457  40.453  36.284  5.882 0.0000000000
182466  40.687  36.489  5.263 0.0000000000
181520  40.677  35.814  5.385 0.0000000000
186330  36.243  39.898  9.743 0.0000000000
185334  36.181  39.128  9.662 0.0000000000
184373  37.794  38.057  6.654 0.0000000000
184374  37.313  37.762  6.735 0.0000000000
183409  37.033  37.525  6.327 0.0000000000
183418  36.967  37.433  5.733 0.0000000000
195570  45.819  46.189  13.060 0.0000000000
195587  46.073  46.503  12.454 0.0000000000
195571  45.286  46.428  12.998 0.0000000000
187371  36.331  40.635  9.818 0.0000000000
186331  35.757  39.577  10.118 0.0000000000
192272  39.890  44.464  15.740 0.0000000000
191260  40.109  43.495  16.519 0.0000000000
191261  39.286  43.397  16.310 0.0000000000
194416  39.164  46.247  14.976 0.0000000000
195530  39.788  46.960  14.929 0.0000000000
193295  39.709  45.216  15.423 0.0000000000
193294  40.521  45.226  15.592 0.0000000000
179310  45.303  33.763  7.626 0.0000000000
179309  46.068  34.041  7.505 0.0000000000
180458  48.014  34.583  4.601 0.0000000000
189352  45.450  41.765  11.456 0.0000000000
189388  44.987  41.532  9.963 0.0000000000
189387  45.401  41.273  10.154 0.0000000000
186329  41.509  39.381  10.231 0.0000000000
186342  41.649  39.209  9.476 0.0000000000
185347  40.630  38.395  9.415 0.0000000000
186284  39.812  39.276  13.439 0.0000000000
185282  40.103  38.955  12.945 0.0000000000
185297  39.753  38.403  12.651 0.0000000000
179271  40.409  33.855  10.085 0.0000000000
179284  40.055  34.113  9.694 0.0000000000
179283  40.476  33.926  9.421 0.0000000000
180394  40.239  34.207  8.875 0.0000000000
179282  41.134  33.640  9.365 0.0000000000
178238  41.950  33.415  9.024 0.0000000000
178208  42.184  33.257  9.985 0.0000000000
180322  46.260  34.563  13.328 0.0000000000
207981  42.840  57.962  9.026 0.0000000000
208000  42.498  58.098  8.369 0.0000000000
206123  43.217  56.422  9.130 0.0000000000
204448  43.147  54.872  9.075 0.0000000000
204449  42.373  54.805  9.261 0.0000000000
206060  42.253  56.588  13.511 0.0000000000
206061  41.948  56.775  13.123 0.0000000000
205224  42.392  55.607  13.401 0.0000000000
198358  43.903  49.284  13.102 0.0000000000
198359  43.343  49.417  12.666 0.0000000000
198371  43.944  49.301  12.243 0.0000000000
198370  44.765  49.154  12.540 0.0000000000
197524  45.956  48.511  13.041 0.0000000000
197496  45.893  48.181  13.691 0.0000000000
189334  46.880  41.472  12.224 0.0000000000
189319  46.696  41.921  12.955 0.0000000000
189335  46.092  41.822  12.230 0.0000000000
187416  41.452  39.967  6.986 0.0000000000
187417  40.866  40.127  6.771 0.0000000000
184408  40.312  38.475  2.686 0.0000000000
184409  39.666  38.553  2.996 0.0000000000
184418  39.779  38.158  2.473 0.0000000000
182514  39.066  37.213  2.287 0.0000000000
183451  39.716  37.589  2.063 0.0000000000
182494  44.385  36.248  2.374 0.0000000000
182508  44.190  36.735  1.940 0.0000000000
182507  45.004  36.764  1.811 0.0000000000
188408  37.422  41.191  9.234 0.0000000000
188428  37.740  40.846  8.706 0.0000000000
187401  38.717  40.749  7.949 0.0000000000
187402  38.098  40.461  8.217 0.0000000000
186359  38.235  39.344  7.520 0.0000000000
191308  43.838  43.839  13.861 0.0000000000
191309  43.270  43.959  13.756 0.0000000000
190326  42.730  43.422  13.227 0.0000000000
190356  40.419  43.148  11.973 0.0000000000
190339  41.091  43.371  12.430 0.0000000000
189415  38.472  41.827  9.515 0.0000000000
189396  38.172  42.069  10.127 0.0000000000
181460  48.339  35.416  9.187 0.0000000000
180382  47.827  35.108  8.645 0.0000000000
181467  48.885  35.614  8.910 0.0000000000
179291  49.158  34.011  8.384 0.0000000000
180413  49.141  34.798  7.372 0.0000000000
179325  48.852  33.976  7.114 0.0000000000
179342  48.512  33.934  6.287 0.0000000000
178258  48.539  33.262  6.717 0.0000000000
201887  45.145  52.358  5.884 0.0000000000
201897  44.719  51.869  5.420 0.0000000000
188322  46.885  41.110  13.644 0.0000000000
187302  45.979  40.554  12.484 0.0000000000
188340  45.538  40.851  13.023 0.0000000000
188342  43.830  41.071  13.328 0.0000000000
188358  44.115  40.823  12.693 0.0000000000
187324  43.593  40.550  12.185 0.0000000000
187357  42.494  40.140  11.149 0.0000000000
187342  42.353  40.214  11.875 0.0000000000
181425  38.597  35.241  12.836 0.0000000000
182393  38.707  35.920  12.434 0.0000000000
180341  38.820  34.607  12.647 0.0000000000
178148  41.029  33.263  12.875 0.0000000000
179226  39.736  33.762  12.394 0.0000000000
178163  41.144  33.267  12.175 0.0000000000
178181  40.683  33.442  11.559 0.0000000000
178162  41.839  33.240  12.082 0.0000000000
178161  42.532  33.305  11.974 0.0000000000
178146  42.432  33.331  12.694 0.0000000000
179184  43.565  33.819  13.899 0.0000000000
179164  44.862  34.088  14.402 0.0000000000
180299  45.399  34.430  14.985 0.0000000000
199946  42.674  50.400  15.489 0.0000000000
200841  42.860  50.978  15.319 0.0000000000
199136  43.053  49.217  15.744 0.0000000000
194388  44.470  45.994  16.780 0.0000000000
196547  44.140  47.825  16.360 0.0000000000
196546  44.808  47.304  16.125 0.0000000000
197474  44.875  48.242  15.139 0.0000000000
195516  45.377  46.714  15.629 0.0000000000
194399  45.627  45.988  15.772 0.0000000000
193278  45.962  45.006  16.168 0.0000000000
189282  46.568  42.162  15.526 0.0000000000
190298  46.777  42.703  16.015 0.0000000000
189300  46.982  41.816  14.881 0.0000000000
188306  47.304  41.539  14.145 0.0000000000
183416  40.939  36.812  4.664 0.0000000000
184386  40.842  37.635  4.701 0.0000000000
184394  41.011  37.822  3.806 0.0000000000
185397  40.897  38.318  3.520 0.0000000000
183431  41.264  37.465  3.292 0.0000000000
185358  36.792  38.368  8.536 0.0000000000
183402  36.372  37.254  6.805 0.0000000000
183394  36.325  37.303  7.501 0.0000000000
183403  35.886  37.010  6.945 0.0000000000
182452  35.112  36.655  6.701 0.0000000000
182459  35.171  36.678  6.235 0.0000000000
181510  35.180  35.876  6.129 0.0000000000
181523  35.326  36.360  5.774 0.0000000000
181535  36.222  36.015  4.799 0.0000000000
181521  36.245  35.508  5.228 0.0000000000
180470  36.627  35.367  4.837 0.0000000000
181534  37.006  35.700  4.229 0.0000000000
197549  47.293  48.006  10.227 0.0000000000
195625  47.512  46.752  9.969 0.0000000000
195599  45.281  47.081  11.496 0.0000000000
195627  46.007  46.894  9.959 0.0000000000
195614  45.434  47.171  10.646 0.0000000000
196634  44.151  47.555  10.593 0.0000000000
190250  42.159  42.858  17.438 0.0000000000
189262  42.114  42.098  16.428 0.0000000000
189239  41.754  42.344  16.982 0.0000000000
189290  40.351  41.729  15.870 0.0000000000
187290  39.788  40.179  14.171 0.0000000000
185272  38.575  38.827  13.855 0.0000000000
184291  38.106  37.365  13.723 0.0000000000
209796  37.365  60.100  13.885 0.0000000000
211494  37.484  61.099  14.862 0.0000000000
209794  39.894  59.277  13.918 0.0000000000
207908  40.241  58.036  13.644 0.0000000000
207907  40.906  57.789  13.896 0.0000000000
199151  40.563  49.943  14.361 0.0000000000
199964  40.524  51.057  14.091 0.0000000000
202731  40.964  52.948  14.179 0.0000000000
199955  40.968  50.738  14.434 0.0000000000
199954  41.636  50.652  14.891 0.0000000000
198335  41.349  49.261  14.927 0.0000000000
193283  41.539  44.855  16.210 0.0000000000
193292  41.903  45.626  16.025 0.0000000000
192249  42.050  44.536  16.607 0.0000000000
191244  42.619  43.860  17.271 0.0000000000
180446  42.181  34.312  5.312 0.0000000000
179364  42.758  34.121  5.484 0.0000000000
179376  44.608  34.383  4.859 0.0000000000
179377  43.908  34.254  4.862 0.0000000000
180463  44.281  34.562  4.297 0.0000000000
180477  44.784  34.948  3.834 0.0000000000
180462  44.987  34.684  4.439 0.0000000000
180416  47.171  34.855  6.571 0.0000000000
179343  46.843  34.706  6.345 0.0000000000
180429  47.038  34.939  5.978 0.0000000000
181540  47.539  35.346  3.833 0.0000000000
181529  46.951  35.416  4.475 0.0000000000
181541  46.861  35.744  3.904 0.0000000000
182482  46.260  36.069  3.143 0.0000000000
182491  46.758  36.091  2.631 0.0000000000
181572  46.834  35.357  2.068 0.0000000000
181557  47.151  35.579  2.586 0.0000000000
189391  42.378  42.045  10.037 0.0000000000
189411  41.816  41.940  9.312 0.0000000000
189410  42.737  41.880  9.269 0.0000000000
188405  43.723  41.392  8.853 0.0000000000
189430  43.048  41.548  8.676 0.0000000000
188435  42.263  40.572  7.662 0.0000000000
187400  42.610  40.242  7.903 0.0000000000
187354  44.711  40.411  10.450 0.0000000000
187368  44.681  40.535  9.679 0.0000000000
187369  43.983  40.383  9.901 0.0000000000
186341  42.264  39.467  9.125 0.0000000000
186340  42.847  39.812  8.827 0.0000000000
186351  42.283  39.551  8.169 0.0000000000
185354  41.702  39.014  7.962 0.0000000000
185363  41.382  38.697  7.414 0.0000000000
185355  41.292  38.658  8.296 0.0000000000
184357  40.434  37.748  8.251 0.0000000000
184365  40.491  37.635  7.515 0.0000000000
183391  40.200  36.824  7.271 0.0000000000
188328  42.101  40.991  14.202 0.0000000000
188327  42.787  41.169  14.061 0.0000000000
187287  41.754  40.557  13.801 0.0000000000
185295  40.799  39.134  12.013 0.0000000000
186295  41.213  39.566  12.399 0.0000000000
185307  40.899  39.056  11.309 0.0000000000
185320  40.429  38.610  10.918 0.0000000000
182416  38.976  35.891  11.423 0.0000000000
183340  39.120  36.717  11.451 0.0000000000
182415  39.120  35.968  11.021 0.0000000000
183353  39.364  36.776  10.593 0.0000000000
183366  39.506  36.848  9.798 0.0000000000
184350  39.831  37.425  9.554 0.0000000000
183375  39.730  36.991  8.986 0.0000000000
182436  39.648  36.273  8.563 0.0000000000
180405  40.275  34.444  8.209 0.0000000000
181487  39.755  35.694  8.087 0.0000000000
181486  40.033  35.115  7.634 0.0000000000
181497  40.255  35.316  6.822 0.0000000000
180418  40.632  34.453  7.215 0.0000000000
180431  41.207  34.278  6.564 0.0000000000
179334  41.137  34.013  7.448 0.0000000000
178236  42.925  33.257  8.683 0.0000000000
178249  42.930  33.328  8.143 0.0000000000
178235  43.464  33.271  8.539 0.0000000000
178234  43.965  33.366  8.311 0.0000000000
179241  43.845  33.660  11.737 0.0000000000
178191  43.374  33.313  10.490 0.0000000000
179256  43.925  33.536  11.047 0.0000000000
179238  45.680  34.111  11.208 0.0000000000
179254  45.090  33.902  10.720 0.0000000000
179253  45.607  34.032  10.545 0.0000000000
179267  45.848  34.046  9.930 0.0000000000
180375  46.490  34.366  10.124 0.0000000000
180374  46.984  34.611  9.686 0.0000000000
206156  42.489  56.427  7.788 0.0000000000
205322  41.321  55.458  7.895 0.0000000000
204481  42.378  54.822  7.418 0.0000000000
204479  43.934  54.907  7.197 0.0000000000
202773  43.680  53.072  8.343 0.0000000000
202772  44.225  52.913  8.018 0.0000000000
201856  43.898  52.434  8.012 0.0000000000
200904  43.942  51.497  7.767 0.0000000000
200016  43.363  50.955  8.167 0.0000000000
200861  42.350  52.076  13.440 0.0000000000
202747  41.890  53.638  12.725 0.0000000000
201832  41.480  52.600  12.660 0.0000000000
199995  40.806  50.640  11.100 0.0000000000
201844  40.013  52.417  11.272 0.0000000000
200883  39.959  52.033  10.658 0.0000000000
200888  40.246  52.246  9.916 0.0000000000
200893  41.052  52.063  9.258 0.0000000000
200008  41.216  51.361  9.284 0.0000000000
198393  43.692  49.355  10.636 0.0000000000
198408  42.864  49.734  9.879 0.0000000000
198406  44.306  49.319  10.051 0.0000000000
198416  44.155  49.524  9.180 0.0000000000
197560  46.255  48.801  10.176 0.0000000000
197551  46.227  48.881  10.698 0.0000000000
196593  47.305  47.021  12.970 0.0000000000
196621  47.175  47.890  12.118 0.0000000000
195585  47.450  46.349  12.732 0.0000000000
194465  47.171  45.993  13.246 0.0000000000
194414  46.822  45.477  14.959 0.0000000000
194440  47.035  45.978  14.438 0.0000000000
194413  47.282  45.016  14.634 0.0000000000
191301  46.138  43.548  14.210 0.0000000000
192307  46.748  44.117  14.200 0.0000000000
192308  46.071  44.245  14.233 0.0000000000
193338  46.055  44.912  14.038 0.0000000000
191302  45.382  43.726  14.210 0.0000000000
191303  44.748  43.962  14.167 0.0000000000
189353  44.524  41.980  11.521 0.0000000000
189369  42.955  42.046  10.808 0.0000000000
189370  42.024  42.145  10.837 0.0000000000
188424  40.710  41.521  8.033 0.0000000000
188425  39.862  41.493  8.132 0.0000000000
188438  40.198  41.089  7.584 0.0000000000
186366  39.707  39.616  6.489 0.0000000000
186367  39.081  39.352  6.714 0.0000000000
185393  39.074  38.614  4.460 0.0000000000
184395  38.475  38.262  4.547 0.0000000000
184388  38.351  38.270  5.162 0.0000000000
184396  37.797  37.894  4.633 0.0000000000
183425  37.483  37.658  4.362 0.0000000000
183433  37.762  37.551  3.820 0.0000000000
181566  38.058  36.437  3.005 0.0000000000
181549  38.461  35.209  3.170 0.0000000000
180483  38.184  34.984  3.709 0.0000000000
181531  41.914  35.084  4.034 0.0000000000
181532  41.388  35.608  4.130 0.0000000000
181547  42.077  35.610  3.378 0.0000000000
182510  42.829  36.974  2.045 0.0000000000
182497  42.072  36.808  2.538 0.0000000000
182511  42.285  37.328  2.077 0.0000000000
183449  42.044  37.727  1.883 0.0000000000
184414  42.104  37.793  1.350 0.0000000000
181582  44.307  35.430  0.674 0.0000000000
182529  44.370  36.460  0.589 0.0000000000
181593  43.373  35.852  0.544 0.0000000000
188406  38.757  41.642  8.875 0.0000000000
190354  42.137  42.593  12.114 0.0000000000
190338  41.941  43.194  12.745 0.0000000000
189357  41.271  42.458  11.422 0.0000000000
190372  40.645  42.632  11.358 0.0000000000
189373  39.402  42.438  10.663 0.0000000000
181458  49.350  35.362  10.273 0.0000000000
181466  49.269  35.289  9.438 0.0000000000
180381  49.389  34.770  9.285 0.0000000000
179277  49.279  34.136  9.116 0.0000000000
178232  49.016  33.590  8.500 0.0000000000
188308  45.807  41.482  14.383 0.0000000000
188324  45.205  41.299  13.948 0.0000000000
189312  45.119  41.568  14.397 0.0000000000
188325  44.312  41.322  13.889 0.0000000000
188343  43.075  40.980  13.448 0.0000000000
179189  38.962  34.009  13.983 0.0000000000
179206  39.070  34.006  13.202 0.0000000000
179187  40.159  33.419  14.001 0.0000000000
178134  41.600  33.357  13.474 0.0000000000
194381  43.318  45.553  16.791 0.0000000000
195508  43.502  46.897  16.517 0.0000000000
194380  43.865  45.624  17.010 0.0000000000
193271  44.323  45.157  17.163 0.0000000000
193270  45.071  44.882  17.056 0.0000000000
192248  45.592  44.705  16.698 0.0000000000
191257  45.633  43.321  16.758 0.0000000000
189283  45.741  42.208  15.629 0.0000000000
184379  40.618  37.408  5.868 0.0000000000
182473  41.138  36.396  4.014 0.0000000000
185366  37.529  38.296  7.683 0.0000000000
184358  37.050  38.030  7.974 0.0000000000
184367  37.146  37.773  7.329 0.0000000000
183401  36.865  37.490  6.776 0.0000000000
183411  35.852  37.012  6.154 0.0000000000
182468  35.547  36.807  5.475 0.0000000000
183419  36.235  37.119  5.468 0.0000000000
182475  36.067  36.859  4.924 0.0000000000
195611  47.324  46.906  11.172 0.0000000000
195612  46.769  46.755  10.868 0.0000000000
195598  46.061  46.787  11.611 0.0000000000
188395  35.906  41.092  10.205 0.0000000000
186319  35.317  40.059  10.562 0.0000000000
185321  35.267  39.239  10.510 0.0000000000
191259  40.912  43.726  16.657 0.0000000000
190252  40.733  42.776  17.218 0.0000000000
190275  40.077  42.738  17.022 0.0000000000
189265  39.856  42.027  16.457 0.0000000000
197500  38.623  48.465  14.120 0.0000000000
199158  39.306  50.153  13.641 0.0000000000
197489  39.391  48.389  14.400 0.0000000000
197488  40.240  48.491  14.697 0.0000000000
196565  40.449  48.016  14.904 0.0000000000
197478  41.259  47.964  15.218 0.0000000000
195518  40.894  46.713  15.381 0.0000000000
192271  40.682  44.594  15.878 0.0000000000
179330  43.859  33.674  6.885 0.0000000000
179348  43.322  33.891  6.190 0.0000000000
179347  44.111  33.913  6.170 0.0000000000
179346  44.917  33.998  6.117 0.0000000000
179361  45.190  34.333  5.330 0.0000000000
181516  48.211  35.110  5.495 0.0000000000
181517  47.732  35.330  5.208 0.0000000000
181527  48.099  35.054  4.936 0.0000000000
180488  47.540  34.563  3.314 0.0000000000
189368  43.895  41.965  10.751 0.0000000000
189389  44.200  41.810  9.987 0.0000000000
189408  44.463  41.557  9.462 0.0000000000
188404  44.109  41.169  9.032 0.0000000000
187370  43.293  40.200  10.149 0.0000000000
184348  40.781  38.260  8.658 0.0000000000
187308  40.772  39.943  13.596 0.0000000000
187307  41.385  40.158  13.397 0.0000000000
185296  40.278  38.765  12.329 0.0000000000
180365  39.320  34.732  11.053 0.0000000000
181461  39.249  35.360  10.562 0.0000000000
180376  39.521  34.721  10.340 0.0000000000
181469  39.440  35.396  9.807 0.0000000000
181477  39.613  35.401  8.916 0.0000000000
180395  39.887  34.636  8.835 0.0000000000
179315  41.531  33.738  7.884 0.0000000000
179298  41.515  33.641  8.666 0.0000000000
178237  42.270  33.375  8.677 0.0000000000
178220  42.865  33.231  9.273 0.0000000000
179200  45.025  34.050  12.911 0.0000000000
179221  45.055  34.043  12.162 0.0000000000
179199  45.674  34.230  12.742 0.0000000000
180340  46.259  34.546  12.538 0.0000000000
207042  42.128  57.197  8.162 0.0000000000
207062  42.704  56.976  7.958 0.0000000000
206154  43.730  56.264  7.880 0.0000000000
205298  44.258  55.260  7.805 0.0000000000
205286  44.029  55.657  8.573 0.0000000000
203631  43.423  54.247  8.839 0.0000000000
202775  42.497  52.978  8.771 0.0000000000
209792  41.202  59.657  13.711 0.0000000000
210684  41.204  60.410  13.157 0.0000000000
208862  41.326  58.752  13.182 0.0000000000
206986  41.150  57.161  12.445 0.0000000000
199156  42.763  50.185  13.515 0.0000000000
200863  41.496  51.325  12.703 0.0000000000
199167  42.038  50.344  12.735 0.0000000000
199180  41.775  50.201  12.207 0.0000000000
199188  41.805  49.923  11.300 0.0000000000
199206  41.446  50.176  10.248 0.0000000000
198380  43.090  49.479  11.202 0.0000000000
198379  43.837  49.318  11.447 0.0000000000
198391  45.271  49.216  11.103 0.0000000000
198390  46.082  48.984  11.246 0.0000000000
198368  46.088  48.712  12.506 0.0000000000
197511  46.569  48.124  12.901 0.0000000000
195569  47.016  47.025  13.493 0.0000000000
190314  47.688  42.736  14.412 0.0000000000
192306  47.345  44.041  14.338 0.0000000000
190315  47.113  42.851  13.969 0.0000000000
189310  46.589  42.388  13.560 0.0000000000
190322  45.787  42.579  13.628 0.0000000000
190323  45.279  42.519  13.411 0.0000000000
189336  45.173  42.018  12.282 0.0000000000
187408  40.526  40.623  7.138 0.0000000000
186372  39.934  39.338  5.968 0.0000000000
185391  40.329  38.685  4.315 0.0000000000
185392  39.723  38.806  4.406 0.0000000000
185399  39.850  38.814  3.703 0.0000000000
184401  39.241  38.577  3.469 0.0000000000
184402  38.607  38.172  3.778 0.0000000000
183432  38.253  37.791  3.542 0.0000000000
183440  38.462  37.590  3.094 0.0000000000
182499  38.454  36.794  2.595 0.0000000000
180490  43.207  35.301  3.132 0.0000000000
181562  42.910  35.764  2.821 0.0000000000
182495  43.597  36.257  2.353 0.0000000000
182509  43.478  36.831  1.963 0.0000000000
183447  43.362  37.357  1.563 0.0000000000
186344  36.645  39.472  9.291 0.0000000000
186343  37.094  39.810  8.909 0.0000000000
186353  37.412  39.417  8.387 0.0000000000
185356  37.750  38.997  7.877 0.0000000000
193340  44.726  45.109  14.090 0.0000000000
194458  44.607  46.139  13.457 0.0000000000
193348  42.888  45.267  13.616 0.0000000000
191314  42.016  43.742  13.122 0.0000000000
189374  38.621  42.433  10.666 0.0000000000
188393  37.096  41.545  9.747 0.0000000000
188409  36.852  40.919  9.498 0.0000000000
198347  38.351  49.092  13.795 0.0000000000
196568  38.171  47.617  14.341 0.0000000000
194417  38.561  46.134  14.912 0.0000000000
179293  46.643  34.314  8.148 0.0000000000
179308  46.739  34.395  7.370 0.0000000000
180393  47.342  34.789  7.952 0.0000000000
180403  47.763  35.142  7.483 0.0000000000
181485  48.144  35.406  7.123 0.0000000000
181475  48.857  35.759  8.110 0.0000000000
181484  48.701  35.664  7.373 0.0000000000
181505  48.414  35.175  6.187 0.0000000000
180441  48.415  34.561  5.855 0.0000000000
179358  48.294  33.910  5.520 0.0000000000
188355  46.981  41.093  11.897 0.0000000000
187337  46.287  40.632  10.896 0.0000000000
187321  46.149  40.484  11.750 0.0000000000
187339  44.618  40.389  11.292 0.0000000000
188357  44.896  40.721  12.608 0.0000000000
187323  44.394  40.539  12.055 0.0000000000
187356  43.191  40.277  10.915 0.0000000000
186317  42.012  39.747  10.687 0.0000000000
184303  38.951  37.327  12.821 0.0000000000
183341  38.887  36.475  12.091 0.0000000000
182405  38.878  35.992  11.771 0.0000000000
180366  39.095  34.925  11.403 0.0000000000
179227  39.210  34.085  12.530 0.0000000000
179245  39.354  34.136  12.112 0.0000000000
180355  39.233  34.606  11.499 0.0000000000
179259  39.745  34.155  10.915 0.0000000000
179258  40.449  33.721  10.814 0.0000000000
178194  41.195  33.396  10.723 0.0000000000
178193  42.025  33.246  10.650 0.0000000000
178179  41.915  33.219  11.361 0.0000000000
179242  43.209  33.452  11.863 0.0000000000
179223  43.777  33.687  12.456 0.0000000000
179202  43.688  33.723  13.183 0.0000000000
179201  44.363  33.881  13.055 0.0000000000
179182  44.967  34.048  13.661 0.0000000000
180311  45.544  34.342  14.263 0.0000000000
180310  46.228  34.625  14.114 0.0000000000
207967  41.928  58.007  9.742 0.0000000000
203547  42.826  53.691  14.386 0.0000000000
204379  42.813  54.417  13.660 0.0000000000
201806  42.880  52.194  14.649 0.0000000000
200847  42.915  51.404  14.675 0.0000000000
199953  43.171  50.756  14.580 0.0000000000
198320  43.766  48.795  16.014 0.0000000000
198326  44.006  49.127  15.695 0.0000000000
199961  43.285  50.276  14.380 0.0000000000
198334  44.122  49.267  14.541 0.0000000000
198343  44.512  48.938  14.336 0.0000000000
196564  45.491  47.760  14.643 0.0000000000
196579  45.761  47.785  14.277 0.0000000000
194397  46.538  45.250  15.434 0.0000000000
193290  46.798  44.853  15.452 0.0000000000
192246  46.597  43.644  16.345 0.0000000000
191280  47.158  43.299  16.025 0.0000000000
192267  47.440  43.569  15.505 0.0000000000
189299  47.572  42.101  14.643 0.0000000000
188321  47.368  41.342  13.372 0.0000000000
186370  40.968  38.982  6.253 0.0000000000
185376  40.658  38.622  5.756 0.0000000000
185383  40.620  38.342  4.905 0.0000000000
185398  40.510  38.644  3.678 0.0000000000
185405  40.701  38.558  3.123 0.0000000000
184407  41.054  38.352  2.593 0.0000000000
182506  45.818  36.564  1.922 0.0000000000
182520  45.550  36.317  1.195 0.0000000000
182445  33.936  36.345  7.549 0.0000000000
185349  36.518  38.730  9.120 0.0000000000
184351  36.305  38.044  8.824 0.0000000000
184360  36.079  37.550  8.498 0.0000000000
183384  36.091  37.306  8.038 0.0000000000
183396  35.252  36.854  7.722 0.0000000000
183405  35.033  36.691  7.325 0.0000000000
182453  34.818  36.533  6.881 0.0000000000
181499  34.560  35.883  6.718 0.0000000000
181498  35.028  35.369  6.569 0.0000000000
181522  35.706  35.931  5.452 0.0000000000
180452  36.074  35.338  5.640 0.0000000000
195626  46.733  46.675  9.957 0.0000000000
195641  46.505  46.631  9.265 0.0000000000
195572  44.542  46.605  12.947 0.0000000000
195589  44.464  47.024  12.272 0.0000000000
189237  43.174  42.513  16.944 0.0000000000
189286  43.272  42.037  15.796 0.0000000000
189261  42.875  42.199  16.429 0.0000000000
189306  42.124  41.589  15.275 0.0000000000
188313  41.778  41.208  14.786 0.0000000000
189289  41.045  41.783  15.860 0.0000000000
188314  41.090  41.132  14.851 0.0000000000
187275  40.770  40.719  14.443 0.0000000000
187289  40.451  40.271  14.079 0.0000000000
185284  38.907  38.419  13.434 0.0000000000
182378  38.444  35.889  13.135 0.0000000000
181408  38.416  35.186  13.345 0.0000000000
212786  39.557  62.460  14.634 0.0000000000
211474  39.288  61.424  15.815 0.0000000000
211473  39.826  61.605  15.399 0.0000000000
210666  40.632  60.182  14.325 0.0000000000
208843  41.264  58.583  13.892 0.0000000000
206954  41.466  57.046  14.139 0.0000000000
205211  41.722  55.433  14.294 0.0000000000
200857  39.771  51.623  13.576 0.0000000000
204367  40.579  54.667  13.940 0.0000000000
204366  41.409  54.473  14.388 0.0000000000
204350  42.028  53.969  14.686 0.0000000000
201808  41.919  52.182  14.787 0.0000000000
199947  42.182  50.498  15.244 0.0000000000
197476  42.395  48.387  15.697 0.0000000000
196556  41.567  47.487  15.482 0.0000000000
195510  42.128  46.706  15.864 0.0000000000
195509  42.756  46.811  16.184 0.0000000000
193273  42.807  45.036  16.800 0.0000000000
191243  43.110  43.910  17.389 0.0000000000
181519  41.118  35.352  4.972 0.0000000000
179363  43.596  34.066  5.501 0.0000000000
180479  43.096  34.883  3.662 0.0000000000
180478  44.000  34.897  3.649 0.0000000000
181560  44.559  35.769  2.845 0.0000000000
181559  45.232  35.834  3.005 0.0000000000
179327  46.223  34.197  6.756 0.0000000000
180444  45.752  34.681  5.012 0.0000000000
180442  46.851  35.018  5.389 0.0000000000
180460  46.246  35.039  4.635 0.0000000000
180461  45.608  34.845  4.495 0.0000000000
180476  45.468  35.056  3.980 0.0000000000
181558  45.757  35.877  3.218 0.0000000000
182505  46.424  36.074  1.976 0.0000000000
189412  40.912  41.985  9.352 0.0000000000
188423  41.599  41.378  8.009 0.0000000000
188436  41.800  40.822  7.556 0.0000000000
187415  41.719  39.784  7.180 0.0000000000
187353  45.498  40.618  10.154 0.0000000000
187384  44.656  40.836  9.208 0.0000000000
187385  43.996  40.591  9.088 0.0000000000
187399  43.269  40.390  8.488 0.0000000000
186356  41.784  39.400  7.385 0.0000000000
186357  41.627  39.044  7.229 0.0000000000
183400  40.410  36.839  6.341 0.0000000000
181508  40.459  35.581  6.065 0.0000000000
188311  43.192  41.541  14.550 0.0000000000
187305  42.653  40.589  13.012 0.0000000000
187327  41.633  39.951  12.808 0.0000000000
187326  42.206  40.264  12.564 0.0000000000
186318  41.418  39.453  10.985 0.0000000000
184302  39.416  37.777  12.401 0.0000000000
184315  39.480  37.594  11.711 0.0000000000
184314  39.915  38.150  11.291 0.0000000000
184324  40.032  38.051  10.554 0.0000000000
185333  40.518  38.526  10.173 0.0000000000
183374  40.092  37.320  8.493 0.0000000000
182444  39.877  36.416  7.884 0.0000000000
179350  41.876  34.038  6.346 0.0000000000
179332  42.383  33.753  6.996 0.0000000000
179314  42.251  33.526  7.859 0.0000000000
179313  42.944  33.486  7.540 0.0000000000
179331  43.104  33.700  6.886 0.0000000000
179312  43.598  33.470  7.473 0.0000000000
179311  44.391  33.503  7.772 0.0000000000
179295  45.216  33.703  8.473 0.0000000000
178206  43.431  33.254  9.821 0.0000000000
178205  44.030  33.344  9.680 0.0000000000
179255  44.514  33.730  10.893 0.0000000000
179269  44.570  33.605  10.205 0.0000000000
179281  44.600  33.537  9.493 0.0000000000
179280  45.203  33.756  9.296 0.0000000000
179279  45.843  33.971  9.089 0.0000000000
179278  46.499  34.259  8.938 0.0000000000
180373  47.735  35.034  9.440 0.0000000000
181450  48.291  35.408  10.002 0.0000000000
181449  48.854  35.629  10.531 0.0000000000
202797  45.051  53.273  6.840 0.0000000000
204477  44.676  54.344  7.768 0.0000000000
202783  44.983  52.930  7.333 0.0000000000
200902  44.946  51.954  7.227 0.0000000000
200041  44.817  51.201  7.181 0.0000000000
199239  44.819  50.210  7.364 0.0000000000
207968  41.286  58.061  10.140 0.0000000000
206111  41.478  56.469  9.766 0.0000000000
204397  42.092  54.868  12.866 0.0000000000
204398  41.466  54.904  12.479 0.0000000000
200872  40.649  52.215  12.033 0.0000000000
204434  40.936  54.889  9.731 0.0000000000
205274  41.419  55.577  9.623 0.0000000000
203633  41.932  54.014  9.245 0.0000000000
201851  41.980  52.552  8.916 0.0000000000
200899  42.255  51.903  8.632 0.0000000000
199219  42.150  50.262  9.346 0.0000000000
200006  42.382  50.637  8.865 0.0000000000
200017  42.727  50.892  8.514 0.0000000000
199216  43.730  49.870  8.674 0.0000000000
198421  44.873  49.394  8.550 0.0000000000
198420  45.608  49.031  8.962 0.0000000000
197567  46.229  48.695  9.364 0.0000000000
197536  47.288  48.007  11.042 0.0000000000
198389  46.540  48.686  11.539 0.0000000000
196620  47.465  47.490  11.716 0.0000000000
195596  47.304  46.738  12.016 0.0000000000
195586  46.816  46.350  12.450 0.0000000000
194456  46.057  45.772  13.403 0.0000000000
195550  46.303  47.171  14.200 0.0000000000
195549  46.816  46.622  14.117 0.0000000000
195548  47.213  46.014  13.982 0.0000000000
193336  47.271  44.675  14.198 0.0000000000
193345  47.096  45.118  13.964 0.0000000000
194454  47.372  45.563  13.590 0.0000000000
193346  46.722  45.217  13.786 0.0000000000
193347  46.288  45.362  13.687 0.0000000000
193339  45.347  44.991  14.108 0.0000000000
192310  44.763  44.548  14.186 0.0000000000
190319  44.219  43.695  13.916 0.0000000000
190325  43.695  43.232  13.503 0.0000000000
189322  44.448  42.374  12.917 0.0000000000
190336  43.778  42.579  12.861 0.0000000000
189339  42.810  42.422  12.196 0.0000000000
189355  42.612  42.243  11.691 0.0000000000
189433  40.374  41.854  8.676 0.0000000000
187409  39.766  40.562  7.247 0.0000000000
187410  39.081  40.342  7.478 0.0000000000
186358  38.803  39.673  7.251 0.0000000000
185364  38.535  39.014  6.966 0.0000000000
185372  38.249  38.469  6.562 0.0000000000
185385  39.591  38.802  5.009 0.0000000000
185378  39.462  38.870  5.594 0.0000000000
185379  38.780  38.607  5.733 0.0000000000
184380  38.264  38.273  5.656 0.0000000000
184381  37.926  38.087  5.990 0.0000000000
184397  37.506  37.784  5.036 0.0000000000
183426  37.004  37.404  4.713 0.0000000000
182485  37.548  36.723  3.419 0.0000000000
181551  37.183  36.350  3.821 0.0000000000
181533  37.690  35.150  4.107 0.0000000000
182484  41.420  36.752  3.267 0.0000000000
181563  42.317  36.143  2.786 0.0000000000
182483  41.845  36.261  3.069 0.0000000000
182498  41.578  37.256  2.823 0.0000000000
183439  41.430  37.782  2.757 0.0000000000
184406  41.586  37.998  2.214 0.0000000000
184426  40.825  37.997  1.616 0.0000000000
182521  44.884  36.667  0.894 0.0000000000
183457  43.835  37.311  0.896 0.0000000000
183466  43.331  37.054  0.602 0.0000000000
181594  42.566  35.828  0.535 0.0000000000
182531  43.047  36.513  0.472 0.0000000000
183467  42.751  37.095  0.590 0.0000000000
183460  41.827  37.472  0.815 0.0000000000
183461  41.202  37.238  1.005 0.0000000000
183462  40.660  37.580  1.445 0.0000000000
182525  40.053  36.684  1.529 0.0000000000
181574  39.577  35.911  1.796 0.0000000000
178217  48.785  33.129  9.121 0.0000000000
177141  48.419  32.662  7.943 0.0000000000
177150  47.894  32.278  7.566 0.0000000000
177149  48.377  32.641  7.134 0.0000000000
177130  48.405  32.691  8.710 0.0000000000
178123  40.392  33.381  14.069 0.0000000000
178136  40.266  33.371  13.614 0.0000000000
178137  39.855  33.490  13.362 0.0000000000
178149  40.437  33.345  12.990 0.0000000000
178164  40.376  33.466  12.257 0.0000000000
178165  40.113  33.471  12.654 0.0000000000
178177  43.294  33.397  11.166 0.0000000000
178178  42.627  33.272  11.265 0.0000000000
178195  40.879  33.413  11.137 0.0000000000
178207  42.815  33.227  9.922 0.0000000000
178209  41.516  33.387  10.011 0.0000000000
178216  49.059  33.589  8.840 0.0000000000
178218  44.023  33.352  8.987 0.0000000000
178222  41.751  33.403  9.396 0.0000000000
178233  48.827  33.236  8.359 0.0000000000
178246  48.706  33.211  7.526 0.0000000000
178247  43.855  33.386  7.876 0.0000000000
178250  42.585  33.348  8.333 0.0000000000
179171  39.578  33.755  14.568 0.0000000000
179188  39.697  33.585  13.786 0.0000000000
179205  39.566  33.701  13.041 0.0000000000
179225  39.921  33.779  11.952 0.0000000000
179239  45.076  33.987  11.426 0.0000000000
179240  44.463  33.843  11.594 0.0000000000
179244  39.520  34.163  11.655 0.0000000000
179251  49.697  34.570  10.615 0.0000000000
179257  40.734  33.654  10.400 0.0000000000
179292  49.001  33.611  8.293 0.0000000000
179306  49.120  34.258  7.675 0.0000000000
179324  49.064  34.390  7.284 0.0000000000
179326  46.772  34.560  6.717 0.0000000000
179328  45.481  33.951  6.828 0.0000000000
179344  46.426  34.533  6.093 0.0000000000
179359  46.309  34.642  5.646 0.0000000000
179360  45.943  34.511  5.567 0.0000000000
179365  42.155  34.158  5.764 0.0000000000
179368  37.770  33.772  5.890 0.0000000000
179374  47.957  34.194  4.362 0.0000000000
179378  43.201  34.179  4.895 0.0000000000
180354  46.277  34.472  11.723 0.0000000000
180356  39.065  34.630  11.921 0.0000000000
180371  49.673  35.004  10.475 0.0000000000
180372  49.501  34.933  9.943 0.0000000000
180384  40.015  34.257  9.258 0.0000000000
180392  47.913  35.228  8.053 0.0000000000
180402  49.298  34.723  8.050 0.0000000000
180414  48.981  34.543  7.030 0.0000000000
180415  47.634  35.118  6.865 0.0000000000
180417  41.120  34.133  7.074 0.0000000000
180427  48.716  34.618  6.563 0.0000000000
180428  47.511  35.116  6.358 0.0000000000
180443  46.341  34.790  5.253 0.0000000000
180445  45.283  34.615  4.826 0.0000000000
180459  46.714  35.107  4.946 0.0000000000
180475  45.964  35.172  4.180 0.0000000000
180489  43.630  35.179  3.264 0.0000000000
181409  38.210  35.388  13.714 0.0000000000
181452  38.953  35.426  11.526 0.0000000000
181468  48.354  35.481  8.440 0.0000000000
181474  49.343  35.253  8.579 0.0000000000
181483  49.173  35.336  7.722 0.0000000000
181494  48.974  35.294  7.084 0.0000000000
181495  48.524  35.428  6.787 0.0000000000
181496  47.973  35.385  6.516 0.0000000000
181504  48.819  35.155  6.624 0.0000000000
181507  47.293  35.224  5.497 0.0000000000
181518  47.192  35.320  5.019 0.0000000000
181536  35.821  36.431  5.118 0.0000000000
181542  46.091  35.627  3.695 0.0000000000
181544  44.667  35.346  3.319 0.0000000000
181545  44.121  35.338  3.161 0.0000000000
181546  42.720  35.295  3.332 0.0000000000
181571  47.164  35.057  2.464 0.0000000000
181583  43.774  35.454  0.657 0.0000000000
181588  39.998  36.446  1.481 0.0000000000
181592  44.055  35.976  0.543 0.0000000000
182404  39.007  36.151  11.408 0.0000000000
182460  34.958  36.471  6.511 0.0000000000
182467  35.925  36.970  5.269 0.0000000000
182469  35.286  36.610  5.790 0.0000000000
182480  47.325  35.840  3.463 0.0000000000
182481  46.771  36.034  3.347 0.0000000000
182486  37.149  37.030  3.956 0.0000000000
182490  47.232  35.914  2.972 0.0000000000
182512  40.121  36.966  1.609 0.0000000000
182513  39.776  36.824  1.731 0.0000000000
182519  46.081  36.034  1.454 0.0000000000
182522  44.333  36.914  0.680 0.0000000000
183316  38.370  36.816  13.273 0.0000000000
183392  40.024  36.841  7.837 0.0000000000
183404  35.334  36.775  6.999 0.0000000000
183412  35.548  36.904  6.585 0.0000000000
183417  40.709  37.122  5.256 0.0000000000
183420  35.844  37.031  5.691 0.0000000000
183441  38.059  37.418  3.342 0.0000000000
183445  44.586  37.056  1.498 0.0000000000
183450  40.180  37.300  1.690 0.0000000000
183452  39.224  37.850  2.586 0.0000000000
183456  44.397  37.117  1.089 0.0000000000
183458  43.095  37.440  0.982 0.0000000000
183459  42.422  37.633  0.876 0.0000000000
183468  42.128  37.111  0.606 0.0000000000
183469  41.600  37.085  0.707 0.0000000000
184368  36.766  37.629  7.651 0.0000000000
184390  37.436  37.753  5.491 0.0000000000
184416  41.128  38.114  1.892 0.0000000000
184419  39.418  38.214  2.758 0.0000000000
184423  42.150  38.008  0.964 0.0000000000
184424  41.658  37.772  1.134 0.0000000000
184425  41.176  37.862  1.394 0.0000000000
185380  38.381  38.453  6.064 0.0000000000
185404  40.955  38.326  3.104 0.0000000000
186271  40.139  39.776  13.761 0.0000000000
186296  40.649  39.266  12.664 0.0000000000
186306  41.333  39.496  11.711 0.0000000000
186328  42.142  39.605  9.928 0.0000000000
186363  41.583  39.631  7.039 0.0000000000
187276  40.103  40.643  14.525 0.0000000000
187288  41.106  40.391  13.957 0.0000000000
187300  47.225  40.790  12.332 0.0000000000
187301  46.699  40.556  12.395 0.0000000000
187303  45.583  40.611  12.529 0.0000000000
187304  43.352  40.744  12.842 0.0000000000
187306  42.013  40.368  13.207 0.0000000000
187319  47.146  40.927  12.024 0.0000000000
187320  46.869  40.708  11.697 0.0000000000
187336  46.701  40.859  11.213 0.0000000000
187341  43.042  40.364  11.658 0.0000000000
187352  45.969  40.830  10.417 0.0000000000
187367  45.110  40.794  9.489 0.0000000000
187383  44.873  40.950  9.321 0.0000000000
188297  41.420  41.471  15.343 0.0000000000
188298  40.728  41.439  15.360 0.0000000000
188307  46.593  41.422  14.331 0.0000000000
188309  45.364  41.534  14.396 0.0000000000
188310  43.958  41.626  14.461 0.0000000000
188312  42.471  41.370  14.672 0.0000000000
188337  47.347  41.155  12.727 0.0000000000
188339  46.432  40.726  13.093 0.0000000000
188354  47.207  41.138  12.272 0.0000000000
188356  45.338  40.642  12.561 0.0000000000
188367  46.763  41.083  11.472 0.0000000000
188368  46.463  41.059  11.048 0.0000000000
188379  46.081  41.038  10.668 0.0000000000
188380  45.667  41.041  10.279 0.0000000000
188391  45.246  41.129  9.771 0.0000000000
188402  45.047  41.042  9.469 0.0000000000
188403  44.802  41.208  9.398 0.0000000000
188420  43.920  40.900  8.749 0.0000000000
188421  43.518  41.106  8.574 0.0000000000
189236  43.636  42.702  16.957 0.0000000000
189238  42.479  42.382  16.984 0.0000000000
189240  41.054  42.287  16.956 0.0000000000
189257  45.776  42.635  16.171 0.0000000000
189263  41.390  42.039  16.426 0.0000000000
189264  40.679  42.005  16.421 0.0000000000
189284  44.872  42.146  15.617 0.0000000000
189285  44.071  42.127  15.714 0.0000000000
189287  42.489  41.929  15.823 0.0000000000
189301  46.191  41.823  14.934 0.0000000000
189311  46.133  42.499  13.575 0.0000000000
189313  44.718  41.619  14.405 0.0000000000
189318  47.295  41.613  12.878 0.0000000000
189321  44.896  42.266  12.949 0.0000000000
189333  47.240  41.343  12.519 0.0000000000
189350  46.781  41.269  11.743 0.0000000000
189354  43.574  42.101  11.570 0.0000000000
189365  46.159  41.230  10.931 0.0000000000
189366  45.623  41.373  10.688 0.0000000000
189407  44.823  41.478  9.563 0.0000000000
189429  43.502  41.474  8.773 0.0000000000
190233  44.039  43.229  17.328 0.0000000000
190235  43.202  43.132  17.609 0.0000000000
190236  42.668  43.116  17.604 0.0000000000
190245  45.297  43.260  16.815 0.0000000000
190246  44.969  43.220  16.890 0.0000000000
190247  44.178  43.030  17.084 0.0000000000
190248  43.461  42.873  17.248 0.0000000000
190251  41.418  42.847  17.297 0.0000000000
190253  39.036  42.334  16.789 0.0000000000
190270  46.519  42.911  16.241 0.0000000000
190272  45.482  43.058  16.629 0.0000000000
190273  44.765  42.860  16.595 0.0000000000
190297  47.379  42.781  15.702 0.0000000000
190299  46.226  42.498  15.971 0.0000000000
190311  47.686  42.680  15.157 0.0000000000
190316  46.305  42.884  13.904 0.0000000000
190324  44.529  42.698  13.315 0.0000000000
190327  42.275  43.569  13.142 0.0000000000
190335  44.216  42.442  12.895 0.0000000000
190340  40.681  43.497  12.346 0.0000000000
190353  42.568  42.475  12.167 0.0000000000
190371  41.037  42.525  11.389 0.0000000000
191231  44.371  43.645  17.308 0.0000000000
191232  44.132  43.499  17.356 0.0000000000
191233  43.504  43.623  17.461 0.0000000000
191234  42.899  43.520  17.506 0.0000000000
191235  42.404  43.411  17.462 0.0000000000
191239  45.698  43.514  16.786 0.0000000000
191240  45.426  43.479  16.878 0.0000000000
191242  44.327  43.367  17.262 0.0000000000
191245  41.904  43.586  17.143 0.0000000000
191246  41.130  43.372  17.063 0.0000000000
191247  40.557  43.265  16.956 0.0000000000
191255  46.573  43.134  16.352 0.0000000000
191256  45.969  43.433  16.677 0.0000000000
191279  47.544  43.122  15.514 0.0000000000
191281  39.739  43.875  16.112 0.0000000000
191282  39.195  43.924  15.911 0.0000000000
191296  47.656  43.258  14.999 0.0000000000
191299  47.533  43.427  14.374 0.0000000000
191304  44.254  44.148  14.045 0.0000000000
192229  43.968  43.986  17.402 0.0000000000
192230  43.494  44.096  17.376 0.0000000000
192235  45.732  43.757  16.831 0.0000000000
192236  45.354  44.138  17.054 0.0000000000
192237  44.521  44.315  17.331 0.0000000000
192238  43.818  44.522  17.323 0.0000000000
192239  43.094  44.415  17.201 0.0000000000
192240  42.379  44.325  16.914 0.0000000000
192241  41.858  44.107  16.753 0.0000000000
192247  46.125  44.200  16.517 0.0000000000
192250  41.491  44.359  16.443 0.0000000000
192251  40.759  44.151  16.283 0.0000000000
192268  46.965  44.106  15.803 0.0000000000
192270  41.174  44.627  16.119 0.0000000000
192297  47.226  44.487  15.227 0.0000000000
192311  44.202  44.640  14.069 0.0000000000
192315  42.972  44.613  13.764 0.0000000000
193274  42.344  44.770  16.674 0.0000000000
193279  45.385  45.256  16.524 0.0000000000
193280  44.908  45.470  16.818 0.0000000000
193282  42.148  45.185  16.377 0.0000000000
193291  46.372  45.066  15.718 0.0000000000
193293  41.368  45.251  15.904 0.0000000000
193315  47.388  44.520  14.726 0.0000000000
193316  47.144  44.884  15.008 0.0000000000
193317  38.493  45.540  15.067 0.0000000000
194382  42.964  45.483  16.643 0.0000000000
194386  45.638  45.543  16.057 0.0000000000
194389  43.729  46.160  16.744 0.0000000000
194390  42.947  45.944  16.475 0.0000000000
194391  42.280  46.055  16.119 0.0000000000
194398  46.137  45.567  15.563 0.0000000000
194400  41.744  46.041  15.814 0.0000000000
194402  40.316  45.958  15.364 0.0000000000
194403  39.536  45.947  15.154 0.0000000000
194404  38.930  45.816  15.070 0.0000000000
194415  46.313  46.024  15.069 0.0000000000
194441  45.820  45.325  13.845 0.0000000000
194442  45.325  45.500  13.842 0.0000000000
194443  44.673  45.660  13.867 0.0000000000
194444  44.002  45.725  13.786 0.0000000000
194455  46.750  45.623  13.411 0.0000000000
194467  46.323  46.159  12.872 0.0000000000
194491  47.450  46.588  9.670 0.0000000000
194503  47.720  46.488  9.273 0.0000000000
194504  47.508  46.490  9.399 0.0000000000
195506  44.862  46.583  16.349 0.0000000000
195515  45.910  46.205  15.372 0.0000000000
195517  41.570  46.669  15.620 0.0000000000
195520  39.571  46.528  14.989 0.0000000000
195527  46.639  46.176  14.691 0.0000000000
195531  39.194  46.832  14.830 0.0000000000
195532  38.383  46.837  14.675 0.0000000000
195600  44.625  47.317  11.660 0.0000000000
195624  47.878  46.899  9.834 0.0000000000
195628  45.398  47.196  9.918 0.0000000000
195639  47.742  46.717  9.359 0.0000000000
195640  47.589  46.661  9.567 0.0000000000
196548  43.205  47.670  16.285 0.0000000000
196549  42.386  47.562  15.853 0.0000000000
196550  41.921  47.107  15.708 0.0000000000
196553  45.063  47.726  15.354 0.0000000000
196554  44.657  47.842  15.894 0.0000000000
196555  42.036  47.962  15.593 0.0000000000
196557  40.678  47.505  15.082 0.0000000000
196558  40.128  47.181  14.965 0.0000000000
196563  45.892  47.414  14.468 0.0000000000
196566  39.861  47.612  14.805 0.0000000000
196577  46.611  47.352  13.738 0.0000000000
196578  46.093  47.756  13.908 0.0000000000
196580  38.088  48.137  14.121 0.0000000000
196594  46.818  47.655  13.119 0.0000000000
196607  47.260  47.556  12.483 0.0000000000
196633  44.841  47.428  10.589 0.0000000000
197468  44.050  48.568  16.068 0.0000000000
197469  43.594  48.394  16.168 0.0000000000
197477  41.757  48.419  15.334 0.0000000000
197484  45.133  48.190  14.722 0.0000000000
197485  44.725  48.569  14.833 0.0000000000
197486  41.512  48.829  15.071 0.0000000000
197487  41.007  48.458  14.974 0.0000000000
197490  38.801  47.995  14.358 0.0000000000
197497  45.547  48.181  14.090 0.0000000000
197498  45.015  48.560  14.211 0.0000000000
197499  39.126  48.777  14.145 0.0000000000
197501  37.950  48.540  13.918 0.0000000000
197512  46.230  48.148  13.293 0.0000000000
197513  45.618  48.527  13.429 0.0000000000
197522  46.833  48.093  12.480 0.0000000000
197523  46.291  48.478  12.669 0.0000000000
197537  46.891  48.327  11.766 0.0000000000
198321  43.390  48.975  15.947 0.0000000000
198322  42.841  48.940  15.777 0.0000000000
198327  43.588  49.333  15.722 0.0000000000
198328  42.335  49.080  15.538 0.0000000000
198333  44.318  49.044  14.983 0.0000000000
198337  40.006  49.223  14.303 0.0000000000
198338  39.433  49.028  14.144 0.0000000000
198345  39.569  49.526  13.981 0.0000000000
198346  39.010  49.244  13.911 0.0000000000
198356  45.397  48.756  13.225 0.0000000000
198357  44.920  48.905  13.491 0.0000000000
198369  45.666  48.828  12.779 0.0000000000
198375  46.589  48.616  11.793 0.0000000000
198376  46.302  48.785  12.074 0.0000000000
198377  45.493  49.187  11.927 0.0000000000
198392  44.475  49.271  10.877 0.0000000000
198404  45.782  49.067  10.558 0.0000000000
198407  43.490  49.527  9.810 0.0000000000
198414  45.668  49.042  9.810 0.0000000000
198422  44.251  49.729  8.514 0.0000000000
199135  43.316  49.418  15.760 0.0000000000
199140  44.041  49.400  15.121 0.0000000000
199141  43.619  49.761  15.437 0.0000000000
199142  42.920  49.656  15.641 0.0000000000
199143  42.282  49.803  15.389 0.0000000000
199147  44.058  49.365  14.807 0.0000000000
199148  43.734  49.701  14.612 0.0000000000
199149  41.761  49.898  15.042 0.0000000000
199150  41.167  49.956  14.729 0.0000000000
199155  43.238  49.793  13.719 0.0000000000
199159  38.579  49.694  13.558 0.0000000000
199160  38.155  49.450  13.538 0.0000000000
199165  43.236  49.540  13.096 0.0000000000
199166  42.619  49.925  12.848 0.0000000000
199168  39.071  50.626  13.369 0.0000000000
199179  42.450  49.693  11.759 0.0000000000
199181  41.312  50.538  12.045 0.0000000000
199187  42.414  49.682  10.900 0.0000000000
199189  41.268  50.324  11.573 0.0000000000
199192  42.388  49.818  10.183 0.0000000000
199193  41.836  49.927  10.525 0.0000000000
199194  41.299  50.186  10.783 0.0000000000
199203  42.997  49.849  9.370 0.0000000000
199204  42.446  49.976  9.580 0.0000000000
199205  41.805  50.197  9.793 0.0000000000
199217  43.167  50.032  8.823 0.0000000000
199218  42.564  50.307  9.001 0.0000000000
199230  43.989  50.079  8.183 0.0000000000
199231  43.427  50.411  8.303 0.0000000000
199232  42.943  50.373  8.622 0.0000000000
199240  44.244  50.354  7.752 0.0000000000
199241  43.855  50.417  7.971 0.0000000000
199945  43.256  50.464  15.531 0.0000000000
199952  43.450  50.445  14.955 0.0000000000
199956  40.420  50.519  14.124 0.0000000000
199962  42.806  50.655  13.995 0.0000000000
199963  42.437  50.942  13.549 0.0000000000
199966  39.384  50.990  13.433 0.0000000000
199972  42.519  50.473  13.422 0.0000000000
199973  42.099  50.752  13.116 0.0000000000
199974  41.702  51.037  12.832 0.0000000000
199975  38.851  51.026  13.171 0.0000000000
199984  41.790  50.630  12.670 0.0000000000
199985  41.398  50.880  12.426 0.0000000000
199993  40.562  51.136  11.483 0.0000000000
199996  40.356  51.202  10.829 0.0000000000
199999  41.541  50.509  9.601 0.0000000000
200000  41.030  50.712  9.988 0.0000000000
200007  41.889  50.769  9.127 0.0000000000
200018  42.218  51.430  8.643 0.0000000000
200028  44.788  50.570  7.266 0.0000000000
200029  44.573  50.787  7.418 0.0000000000
200030  43.880  50.934  7.818 0.0000000000
200040  44.990  50.728  7.032 0.0000000000
200840  43.302  50.960  15.161 0.0000000000
200842  42.503  50.833  15.350 0.0000000000
200848  42.277  51.296  15.039 0.0000000000
200849  41.475  51.466  14.688 0.0000000000
200853  42.538  51.596  13.768 0.0000000000
200855  40.891  51.578  14.224 0.0000000000
200862  41.891  51.676  13.086 0.0000000000
200870  41.552  52.089  12.786 0.0000000000
200871  41.105  51.743  12.365 0.0000000000
200880  40.707  51.375  11.862 0.0000000000
200881  40.376  51.815  11.583 0.0000000000
200884  39.842  52.498  10.474 0.0000000000
200887  40.652  51.617  9.594 0.0000000000
200889  39.940  52.380  10.277 0.0000000000
200894  40.610  52.163  9.497 0.0000000000
200897  43.449  51.608  8.083 0.0000000000
200898  42.684  51.796  8.443 0.0000000000
200903  44.449  51.533  7.495 0.0000000000
200915  44.884  51.526  7.199 0.0000000000
200947  44.993  51.227  5.000 0.0000000000
201813  42.897  52.267  14.239 0.0000000000
201814  41.264  52.260  14.436 0.0000000000
201821  42.660  52.459  13.681 0.0000000000
201822  42.224  52.560  13.233 0.0000000000
201823  41.898  52.804  12.938 0.0000000000
201825  39.652  52.441  13.358 0.0000000000
201831  41.800  52.346  12.957 0.0000000000
201833  40.920  52.669  12.259 0.0000000000
201842  39.981  52.928  11.354 0.0000000000
201847  40.303  52.812  9.849 0.0000000000
201852  41.523  52.638  9.122 0.0000000000
201853  40.745  52.788  9.474 0.0000000000
201855  44.217  52.603  7.894 0.0000000000
201858  42.409  52.507  8.667 0.0000000000
201861  45.013  52.426  7.281 0.0000000000
201863  44.041  51.909  7.779 0.0000000000
201874  45.506  52.162  6.174 0.0000000000
201875  45.261  52.380  6.689 0.0000000000
202718  42.799  52.856  14.617 0.0000000000
202719  42.235  52.886  14.817 0.0000000000
202730  42.891  53.057  14.039 0.0000000000
202738  42.205  53.348  13.051 0.0000000000
202739  41.778  53.157  12.759 0.0000000000
202748  41.375  53.396  12.460 0.0000000000
202767  42.611  53.456  8.900 0.0000000000
202768  42.222  53.184  8.972 0.0000000000
202769  41.416  53.380  9.273 0.0000000000
202774  42.880  53.243  8.690 0.0000000000
202784  44.629  53.238  7.810 0.0000000000
202808  45.130  52.977  6.265 0.0000000000
202809  44.593  52.866  6.059 0.0000000000
203548  42.423  53.536  14.704 0.0000000000
203549  41.914  53.492  14.643 0.0000000000
203564  42.831  53.821  13.842 0.0000000000
203565  41.426  53.621  14.436 0.0000000000
203566  40.840  53.830  14.128 0.0000000000
203577  42.627  53.935  13.337 0.0000000000
203578  42.234  54.112  12.931 0.0000000000
203591  41.720  54.181  12.579 0.0000000000
203592  41.061  54.148  12.296 0.0000000000
203623  41.061  54.375  9.579 0.0000000000
203624  40.634  54.157  9.771 0.0000000000
203634  41.288  54.033  9.427 0.0000000000
203635  40.951  54.046  9.571 0.0000000000
203638  44.602  54.015  8.155 0.0000000000
203639  44.279  53.684  8.276 0.0000000000
203640  43.565  53.720  8.588 0.0000000000
203641  43.140  53.801  8.762 0.0000000000
203651  44.848  53.736  7.499 0.0000000000
203652  44.661  53.684  7.952 0.0000000000
203665  44.133  53.847  6.689 0.0000000000
204349  42.501  54.144  14.599 0.0000000000
204351  41.693  53.911  14.550 0.0000000000
204364  42.721  54.551  14.160 0.0000000000
204365  42.164  54.704  14.474 0.0000000000
204380  42.559  54.675  13.285 0.0000000000
204446  44.184  55.152  8.471 0.0000000000
204447  43.906  54.922  8.802 0.0000000000
204450  41.561  54.758  9.432 0.0000000000
204460  44.629  54.356  8.041 0.0000000000
204461  44.402  54.640  8.198 0.0000000000
204478  44.437  54.794  7.490 0.0000000000
204482  41.560  54.772  7.641 0.0000000000
204489  44.776  54.337  7.252 0.0000000000
204490  44.183  54.391  6.891 0.0000000000
205210  42.381  55.253  14.060 0.0000000000
205212  40.959  55.442  14.057 0.0000000000
205223  42.662  54.957  13.770 0.0000000000
205275  40.809  55.671  9.955 0.0000000000
205285  44.244  55.324  8.223 0.0000000000
205287  43.541  55.641  9.037 0.0000000000
205288  42.784  55.658  9.240 0.0000000000
205289  42.036  55.577  9.412 0.0000000000
205299  44.149  55.814  8.021 0.0000000000
205300  41.749  56.112  7.966 0.0000000000
205301  41.077  55.965  8.133 0.0000000000
205318  44.095  55.139  7.514 0.0000000000
205319  43.711  55.544  7.557 0.0000000000
205321  42.056  55.548  7.675 0.0000000000
205323  40.853  55.464  8.086 0.0000000000
206044  42.031  56.230  14.046 0.0000000000
206078  42.035  56.231  13.107 0.0000000000
206079  41.541  56.460  12.711 0.0000000000
206110  41.884  56.793  9.636 0.0000000000
206122  43.784  56.236  8.847 0.0000000000
206125  41.801  56.055  9.551 0.0000000000
206134  43.927  56.341  8.355 0.0000000000
206155  43.256  56.251  7.653 0.0000000000
206953  41.975  57.136  13.919 0.0000000000
206955  40.775  56.980  13.925 0.0000000000
206969  42.028  57.242  13.435 0.0000000000
206970  41.643  57.265  12.948 0.0000000000
207015  41.868  57.311  9.692 0.0000000000
207016  41.125  57.172  10.041 0.0000000000
207027  42.934  57.341  9.044 0.0000000000
207028  42.412  57.326  9.383 0.0000000000
207040  43.531  56.763  8.136 0.0000000000
207041  42.963  57.280  8.374 0.0000000000
207043  41.172  57.339  8.374 0.0000000000
207060  43.456  56.571  7.835 0.0000000000
207061  43.116  56.801  7.871 0.0000000000
207905  41.921  57.490  14.030 0.0000000000
207906  41.652  57.694  13.971 0.0000000000
207920  41.708  57.912  13.412 0.0000000000
207921  40.385  57.508  13.677 0.0000000000
207934  41.257  57.972  12.693 0.0000000000
207982  42.435  57.992  9.336 0.0000000000
207999  43.024  58.014  8.707 0.0000000000
208001  41.671  58.165  8.395 0.0000000000
208844  40.445  58.607  13.787 0.0000000000
208912  42.005  58.599  9.738 0.0000000000
208929  42.781  58.335  8.998 0.0000000000
208947  42.715  58.580  8.686 0.0000000000
209780  39.446  59.838  14.389 0.0000000000
209783  36.162  59.761  14.829 0.0000000000
209813  41.210  59.557  12.825 0.0000000000
209815  37.018  59.447  13.614 0.0000000000
210648  39.415  61.175  15.441 0.0000000000
210656  40.961  61.135  14.321 0.0000000000
210657  40.669  60.927  14.568 0.0000000000
210658  39.795  60.702  14.852 0.0000000000
210660  36.865  60.642  15.289 0.0000000000
210665  41.049  60.690  13.977 0.0000000000
210667  40.084  59.907  14.258 0.0000000000
210668  37.588  60.555  14.117 0.0000000000
210669  37.115  60.554  14.601 0.0000000000
210670  36.554  60.036  14.547 0.0000000000
210746  41.952  60.002  9.740 0.0000000000
210758  41.989  60.140  9.422 0.0000000000
211464  39.363  61.842  15.906 0.0000000000
211465  38.947  61.580  16.439 0.0000000000
211472  40.329  61.804  14.959 0.0000000000
211475  37.633  61.575  15.743 0.0000000000
211482  40.800  61.637  14.489 0.0000000000
211483  40.326  61.329  14.907 0.0000000000
211484  38.209  61.651  14.736 0.0000000000
211485  37.815  61.526  15.157 0.0000000000
211486  37.265  61.128  15.371 0.0000000000
211490  41.064  61.259  13.396 0.0000000000
211491  40.878  61.690  13.846 0.0000000000
211493  37.848  61.065  14.389 0.0000000000
212152  39.139  62.176  16.132 0.0000000000
212153  38.578  62.031  16.281 0.0000000000
212161  40.115  62.228  15.173 0.0000000000
212162  39.593  62.338  15.659 0.0000000000
212163  38.827  62.283  15.545 0.0000000000
212164  38.091  61.949  15.809 0.0000000000
212170  40.351  62.143  14.612 0.0000000000
212171  39.149  62.249  14.420 0.0000000000
212172  38.730  62.076  14.757 0.0000000000
212179  40.339  62.170  13.858 0.0000000000
212778  39.761  62.516  15.103 0.0000000000
212779  39.317  62.495  15.167 0.0000000000
212780  38.996  62.380  15.088 0.0000000000
212785  40.059  62.490  14.713 0.0000000000
212787  39.140  62.403  14.812 0.0000000000
212791  40.218  62.366  14.365 0.0000000000
212792  39.947  62.443  14.270 0.0000000000
