#!ascii label  , from subject FS6EXPERT_subj01_ver10 vox2ras=TkReg
1555
108758  14.038  -8.145  58.122 0.0000000000
97201  3.839  -13.827  43.595 0.0000000000
103186  4.575  -10.550  59.339 0.0000000000
113484  6.929  -5.405  54.928 0.0000000000
112084  5.122  -5.923  46.097 0.0000000000
105859  9.787  -8.284  61.932 0.0000000000
116113  7.305  -4.373  60.541 0.0000000000
99995  16.514  -11.921  57.550 0.0000000000
101716  11.633  -10.890  57.718 0.0000000000
100016  6.853  -12.063  57.720 0.0000000000
119136  4.249  -1.784  52.933 0.0000000000
113555  6.452  -5.086  50.435 0.0000000000
117776  5.233  -2.666  47.736 0.0000000000
100081  2.085  -12.718  54.768 0.0000000000
103252  3.927  -10.691  52.646 0.0000000000
108767  5.621  -7.700  57.918 0.0000000000
120543  5.387  -1.545  57.339 0.0000000000
103286  7.040  -11.092  50.683 0.0000000000
103347  9.638  -10.378  47.200 0.0000000000
107461  11.006  -8.368  43.902 0.0000000000
113701  4.946  -4.991  40.850 0.0000000000
108741  12.005  -7.977  60.248 0.0000000000
113451  10.807  -6.060  59.189 0.0000000000
104551  15.460  -10.072  58.684 0.0000000000
100013  14.131  -11.370  57.748 0.0000000000
104542  13.206  -9.678  59.776 0.0000000000
104545  10.868  -10.070  60.039 0.0000000000
119207  4.719  -2.191  50.169 0.0000000000
101735  2.776  -11.565  57.114 0.0000000000
104575  3.643  -9.783  56.568 0.0000000000
105897  4.407  -9.023  58.755 0.0000000000
117630  8.801  -3.335  57.515 0.0000000000
117622  6.363  -2.799  59.392 0.0000000000
100002  5.626  -12.046  58.580 0.0000000000
96969  4.670  -13.512  56.777 0.0000000000
98414  3.706  -13.265  57.411 0.0000000000
96984  2.301  -14.128  55.653 0.0000000000
105934  6.677  -8.973  54.932 0.0000000000
103262  5.726  -10.832  52.066 0.0000000000
107331  8.342  -8.190  53.176 0.0000000000
112034  5.946  -5.508  48.271 0.0000000000
110482  9.070  -6.999  49.562 0.0000000000
110534  8.785  -6.438  47.450 0.0000000000
106065  10.739  -9.155  45.723 0.0000000000
112079  9.022  -6.145  45.321 0.0000000000
104537  6.586  -9.716  60.589 0.0000000000
108739  6.047  -7.770  60.751 0.0000000000
111884  8.663  -6.508  61.309 0.0000000000
114834  9.422  -4.643  58.749 0.0000000000
98431  16.808  -13.108  55.028 0.0000000000
100100  14.963  -12.390  52.895 0.0000000000
100060  14.876  -12.137  55.521 0.0000000000
101759  12.563  -11.323  55.915 0.0000000000
101719  9.175  -11.105  57.782 0.0000000000
101669  8.007  -10.641  59.822 0.0000000000
116145  4.355  -3.454  54.417 0.0000000000
113519  6.378  -4.842  52.660 0.0000000000
114891  3.981  -4.218  51.988 0.0000000000
114918  3.465  -4.747  49.602 0.0000000000
113602  3.022  -4.959  47.216 0.0000000000
107275  15.105  -8.572  56.404 0.0000000000
95513  18.817  -14.902  52.072 0.0000000000
96999  20.612  -14.404  54.826 0.0000000000
100007  18.112  -12.356  56.614 0.0000000000
104567  16.983  -10.467  57.062 0.0000000000
94023  1.955  -15.817  51.867 0.0000000000
97065  2.392  -14.147  50.898 0.0000000000
103242  2.723  -11.147  53.536 0.0000000000
105937  4.984  -9.471  55.524 0.0000000000
111918  6.694  -6.440  56.882 0.0000000000
111906  5.389  -5.681  59.524 0.0000000000
114840  5.349  -4.307  58.044 0.0000000000
116138  5.331  -3.922  56.091 0.0000000000
120563  4.529  -1.529  55.223 0.0000000000
100171  2.892  -12.448  49.737 0.0000000000
101856  3.586  -11.842  48.488 0.0000000000
101907  4.590  -12.055  46.514 0.0000000000
108845  9.002  -7.749  51.452 0.0000000000
103311  8.554  -10.814  49.127 0.0000000000
100225  7.180  -12.231  45.844 0.0000000000
100282  8.095  -12.281  44.056 0.0000000000
101964  9.797  -11.189  42.900 0.0000000000
117814  5.664  -2.869  45.442 0.0000000000
114976  2.759  -4.692  44.432 0.0000000000
116373  2.913  -3.948  42.255 0.0000000000
112135  4.715  -5.763  43.758 0.0000000000
113637  8.743  -5.459  43.461 0.0000000000
108753  13.000  -7.933  59.041 0.0000000000
110378  12.383  -7.172  58.459 0.0000000000
108766  12.906  -7.479  58.061 0.0000000000
105891  15.006  -9.166  58.413 0.0000000000
104540  14.706  -9.828  59.208 0.0000000000
105885  13.906  -9.177  59.547 0.0000000000
105864  12.529  -8.895  60.184 0.0000000000
95687  4.094  -14.683  42.513 0.0000000000
100288  4.211  -12.590  43.212 0.0000000000
103196  3.287  -11.123  58.010 0.0000000000
104566  3.387  -10.252  57.499 0.0000000000
105893  4.165  -9.540  58.909 0.0000000000
98487  16.266  -13.411  51.005 0.0000000000
99991  4.849  -11.495  59.003 0.0000000000
100020  4.503  -12.290  58.303 0.0000000000
100021  3.666  -12.108  58.196 0.0000000000
100035  3.011  -12.264  57.496 0.0000000000
110405  7.401  -6.813  55.442 0.0000000000
107320  7.760  -8.280  54.190 0.0000000000
111954  7.556  -6.221  54.537 0.0000000000
112065  5.716  -5.835  46.809 0.0000000000
112047  7.158  -5.736  47.538 0.0000000000
112063  7.441  -5.851  46.672 0.0000000000
112061  8.983  -6.244  45.983 0.0000000000
112082  6.757  -5.811  45.896 0.0000000000
104525  8.067  -9.223  61.030 0.0000000000
107231  7.930  -7.894  61.872 0.0000000000
108727  9.128  -7.596  61.879 0.0000000000
113458  10.179  -5.259  58.694 0.0000000000
114845  9.736  -4.616  56.597 0.0000000000
100026  16.224  -12.503  56.409 0.0000000000
100059  15.636  -12.443  55.290 0.0000000000
100027  15.459  -12.164  56.685 0.0000000000
101715  12.434  -10.832  57.901 0.0000000000
101727  13.284  -11.169  56.944 0.0000000000
101741  12.199  -11.101  56.485 0.0000000000
101699  10.439  -10.852  58.242 0.0000000000
104531  10.248  -9.328  60.871 0.0000000000
103169  9.710  -10.160  60.045 0.0000000000
103153  8.618  -9.952  60.508 0.0000000000
101661  7.047  -10.507  60.224 0.0000000000
117670  3.533  -2.770  53.566 0.0000000000
116167  4.295  -3.845  52.902 0.0000000000
117685  3.397  -2.836  52.798 0.0000000000
117747  4.767  -2.367  49.400 0.0000000000
117730  3.315  -3.050  49.647 0.0000000000
117749  3.191  -3.162  48.805 0.0000000000
113581  3.338  -4.886  48.441 0.0000000000
116256  3.275  -3.394  47.523 0.0000000000
96967  17.947  -13.434  56.127 0.0000000000
97024  2.065  -14.462  52.987 0.0000000000
100110  2.172  -12.889  52.785 0.0000000000
101797  2.330  -11.819  53.800 0.0000000000
107278  4.888  -8.649  57.183 0.0000000000
105926  4.314  -9.427  56.119 0.0000000000
107287  5.340  -8.817  56.479 0.0000000000
108784  6.341  -8.064  56.638 0.0000000000
110381  6.250  -6.781  57.579 0.0000000000
111895  6.774  -5.897  61.212 0.0000000000
110368  5.730  -6.515  60.421 0.0000000000
114826  6.094  -4.587  60.354 0.0000000000
119089  6.049  -1.987  58.315 0.0000000000
116128  5.269  -3.280  58.988 0.0000000000
117634  5.035  -2.873  57.772 0.0000000000
116132  5.431  -4.296  57.423 0.0000000000
117637  4.801  -2.991  57.071 0.0000000000
119105  4.292  -2.186  56.125 0.0000000000
120553  4.876  -1.418  56.102 0.0000000000
100101  14.087  -12.183  53.134 0.0000000000
100130  14.013  -12.353  51.331 0.0000000000
100047  6.988  -12.377  56.476 0.0000000000
98434  6.537  -12.963  55.532 0.0000000000
98435  5.984  -13.185  55.807 0.0000000000
96981  4.229  -14.171  56.335 0.0000000000
96994  4.556  -14.299  55.831 0.0000000000
98437  2.152  -13.432  55.243 0.0000000000
97006  2.038  -14.434  54.121 0.0000000000
103266  2.980  -11.228  52.060 0.0000000000
98513  2.706  -13.149  50.587 0.0000000000
103280  3.255  -11.319  51.328 0.0000000000
103275  6.719  -10.920  51.271 0.0000000000
103301  4.287  -11.309  49.916 0.0000000000
101854  5.263  -11.549  49.091 0.0000000000
101873  4.169  -11.750  47.996 0.0000000000
101853  6.100  -11.581  49.014 0.0000000000
113530  6.138  -4.789  51.838 0.0000000000
111984  7.763  -5.937  51.868 0.0000000000
111996  7.538  -5.667  51.017 0.0000000000
107395  9.874  -8.484  48.522 0.0000000000
106029  9.485  -9.058  49.465 0.0000000000
103324  9.202  -10.327  48.342 0.0000000000
101903  7.772  -11.757  47.127 0.0000000000
101919  8.360  -11.650  46.426 0.0000000000
100264  7.564  -12.433  44.661 0.0000000000
101934  9.044  -11.543  45.696 0.0000000000
107449  10.915  -8.478  44.633 0.0000000000
103400  10.265  -10.793  43.786 0.0000000000
103410  10.666  -10.303  43.311 0.0000000000
117845  6.074  -2.583  43.704 0.0000000000
117816  4.383  -3.381  44.964 0.0000000000
117847  4.392  -3.301  43.771 0.0000000000
113720  3.713  -4.975  40.307 0.0000000000
113704  3.098  -4.935  41.301 0.0000000000
113656  3.635  -5.637  42.924 0.0000000000
113655  4.996  -5.379  42.692 0.0000000000
113640  6.673  -5.219  43.319 0.0000000000
113667  6.524  -5.053  42.153 0.0000000000
107233  11.079  -8.044  61.404 0.0000000000
110352  10.454  -7.133  61.194 0.0000000000
111897  11.313  -6.960  59.879 0.0000000000
101665  16.201  -11.054  58.367 0.0000000000
99997  15.184  -11.532  57.900 0.0000000000
103177  14.737  -10.670  58.891 0.0000000000
101680  13.704  -10.618  58.720 0.0000000000
103180  12.652  -10.359  59.095 0.0000000000
103192  11.356  -10.622  58.794 0.0000000000
103148  11.991  -9.857  60.125 0.0000000000
105879  11.282  -9.177  60.634 0.0000000000
120622  6.166  -1.444  51.520 0.0000000000
119169  4.482  -2.012  51.470 0.0000000000
119185  5.787  -1.930  50.505 0.0000000000
119219  6.004  -2.146  49.189 0.0000000000
119246  6.475  -2.288  48.164 0.0000000000
101765  2.258  -11.686  55.525 0.0000000000
103219  2.568  -11.016  55.029 0.0000000000
103206  2.796  -10.834  56.686 0.0000000000
105902  3.893  -9.336  57.651 0.0000000000
108768  5.132  -8.051  58.197 0.0000000000
117619  8.120  -3.560  59.225 0.0000000000
116124  6.504  -3.361  59.808 0.0000000000
117625  7.647  -2.746  58.701 0.0000000000
119092  7.415  -2.007  57.748 0.0000000000
119099  6.629  -1.233  57.076 0.0000000000
120551  6.551  -0.833  56.075 0.0000000000
100001  6.181  -12.044  58.400 0.0000000000
98411  5.785  -12.659  57.127 0.0000000000
98400  5.189  -12.545  57.798 0.0000000000
96970  4.006  -13.751  56.972 0.0000000000
96982  3.528  -14.241  56.586 0.0000000000
95465  2.618  -14.754  55.898 0.0000000000
96972  2.894  -13.508  56.810 0.0000000000
100050  2.367  -12.895  56.242 0.0000000000
104607  5.274  -10.044  54.212 0.0000000000
103264  4.235  -10.849  52.042 0.0000000000
104605  6.674  -9.685  53.976 0.0000000000
104617  7.459  -9.660  53.098 0.0000000000
104630  8.083  -9.546  52.280 0.0000000000
112020  6.317  -5.337  49.122 0.0000000000
112008  7.413  -5.705  50.093 0.0000000000
112032  7.750  -5.982  48.488 0.0000000000
110516  8.575  -6.441  48.216 0.0000000000
108893  10.060  -7.757  47.466 0.0000000000
104699  10.484  -9.595  46.537 0.0000000000
108911  10.088  -7.481  46.675 0.0000000000
110573  9.997  -6.939  45.517 0.0000000000
110588  10.136  -6.956  44.956 0.0000000000
113718  5.153  -5.123  40.096 0.0000000000
113682  6.889  -4.895  41.497 0.0000000000
113716  6.618  -5.099  40.019 0.0000000000
103172  5.410  -10.455  60.065 0.0000000000
105888  5.178  -9.413  59.956 0.0000000000
107256  6.499  -8.988  60.734 0.0000000000
110356  6.858  -6.968  61.878 0.0000000000
113440  7.744  -5.483  60.914 0.0000000000
113436  10.038  -6.115  60.366 0.0000000000
113455  9.014  -5.321  60.125 0.0000000000
116121  8.402  -4.142  59.523 0.0000000000
116130  8.916  -3.675  57.968 0.0000000000
98452  16.650  -13.253  53.772 0.0000000000
98473  15.872  -12.850  52.175 0.0000000000
98453  15.939  -12.751  53.971 0.0000000000
100043  14.255  -11.774  56.496 0.0000000000
100075  13.515  -11.619  55.362 0.0000000000
100087  13.012  -11.706  54.350 0.0000000000
101746  7.980  -11.704  56.755 0.0000000000
101734  7.859  -11.648  57.339 0.0000000000
103194  9.978  -10.681  59.019 0.0000000000
101702  8.277  -11.246  58.595 0.0000000000
101703  7.575  -11.497  58.741 0.0000000000
101686  6.736  -11.322  59.402 0.0000000000
101672  6.082  -10.920  59.799 0.0000000000
114859  5.616  -4.213  54.789 0.0000000000
113497  6.496  -4.963  53.873 0.0000000000
114870  5.486  -4.179  53.944 0.0000000000
114889  5.169  -4.314  52.337 0.0000000000
114909  4.729  -4.541  51.057 0.0000000000
117699  3.153  -3.071  51.121 0.0000000000
114902  3.333  -3.984  50.895 0.0000000000
113557  5.198  -4.907  50.046 0.0000000000
113578  4.697  -5.205  48.842 0.0000000000
112051  4.145  -5.450  47.810 0.0000000000
112086  3.512  -5.633  46.417 0.0000000000
108763  14.540  -8.227  57.239 0.0000000000
95515  17.949  -14.247  52.554 0.0000000000
97009  21.897  -14.031  53.584 0.0000000000
98440  21.950  -13.441  54.663 0.0000000000
95485  20.965  -14.673  53.382 0.0000000000
93984  19.489  -14.897  53.478 0.0000000000
95501  18.421  -14.477  53.058 0.0000000000
97011  17.456  -13.772  53.687 0.0000000000
98408  17.183  -13.008  56.289 0.0000000000
99994  17.213  -12.038  57.306 0.0000000000
103197  17.490  -11.244  56.789 0.0000000000
101692  17.010  -11.456  57.636 0.0000000000
104564  16.516  -10.144  57.460 0.0000000000
105895  15.558  -9.355  57.786 0.0000000000
101805  2.349  -12.270  52.530 0.0000000000
103241  3.188  -10.730  53.308 0.0000000000
104597  2.952  -10.578  54.638 0.0000000000
104596  3.662  -10.154  54.630 0.0000000000
104608  4.407  -10.199  54.068 0.0000000000
105922  6.287  -8.960  55.432 0.0000000000
108783  6.794  -7.769  56.211 0.0000000000
113472  6.943  -5.891  56.131 0.0000000000
108756  5.151  -7.918  59.675 0.0000000000
108755  5.153  -7.215  59.278 0.0000000000
110376  5.426  -6.465  58.740 0.0000000000
114831  5.706  -4.167  59.813 0.0000000000
111911  5.422  -5.551  58.871 0.0000000000
111915  5.844  -5.961  58.125 0.0000000000
113463  6.177  -5.697  57.521 0.0000000000
114847  6.167  -4.883  56.584 0.0000000000
114852  5.712  -4.285  55.582 0.0000000000
116142  4.661  -3.437  55.109 0.0000000000
119108  3.857  -2.591  54.952 0.0000000000
120579  4.871  -1.279  53.891 0.0000000000
122055  6.139  -0.599  54.927 0.0000000000
122072  5.710  -0.820  53.877 0.0000000000
120584  5.980  -0.980  52.730 0.0000000000
97014  5.863  -13.912  54.113 0.0000000000
98436  5.427  -13.509  56.014 0.0000000000
103290  4.128  -11.104  50.687 0.0000000000
100182  3.035  -12.361  48.757 0.0000000000
100229  3.958  -12.232  45.567 0.0000000000
110435  7.959  -6.722  53.285 0.0000000000
108836  8.655  -7.557  52.197 0.0000000000
106003  8.849  -9.364  51.242 0.0000000000
110467  9.019  -7.120  50.342 0.0000000000
104662  9.088  -9.645  50.353 0.0000000000
103296  7.973  -11.002  49.837 0.0000000000
101869  7.318  -11.570  48.486 0.0000000000
101922  5.968  -12.099  46.317 0.0000000000
100268  4.634  -12.425  44.036 0.0000000000
100286  5.312  -12.434  43.495 0.0000000000
101933  9.702  -11.274  45.065 0.0000000000
101966  8.658  -12.007  43.441 0.0000000000
119257  6.867  -2.346  46.989 0.0000000000
119269  6.968  -2.402  45.351 0.0000000000
117801  5.738  -2.799  46.330 0.0000000000
117792  3.864  -3.312  46.398 0.0000000000
114964  2.839  -4.428  46.027 0.0000000000
112104  3.754  -5.857  45.533 0.0000000000
116365  3.090  -3.949  43.128 0.0000000000
112137  3.463  -5.757  44.049 0.0000000000
112120  4.654  -5.897  44.570 0.0000000000
112118  6.260  -5.619  44.343 0.0000000000
112115  8.613  -5.742  44.316 0.0000000000
112113  9.660  -6.122  43.879 0.0000000000
112143  9.847  -5.800  42.797 0.0000000000
108752  13.575  -8.163  58.829 0.0000000000
108759  13.317  -7.813  58.446 0.0000000000
108765  13.541  -7.731  57.754 0.0000000000
107269  14.407  -8.438  58.252 0.0000000000
107259  14.409  -8.883  58.927 0.0000000000
107265  14.143  -8.454  58.669 0.0000000000
107260  13.595  -8.497  59.346 0.0000000000
97208  4.209  -14.443  43.469 0.0000000000
97209  3.955  -14.131  42.874 0.0000000000
98666  3.705  -12.945  43.371 0.0000000000
103187  4.073  -10.613  58.883 0.0000000000
103195  3.566  -10.705  58.246 0.0000000000
104559  4.298  -10.007  59.189 0.0000000000
97045  16.808  -13.786  51.540 0.0000000000
98472  16.376  -13.277  51.856 0.0000000000
101690  4.399  -11.096  59.046 0.0000000000
100004  4.334  -11.670  58.735 0.0000000000
100005  3.813  -11.630  58.531 0.0000000000
101709  3.491  -11.407  58.312 0.0000000000
111944  7.247  -5.918  55.133 0.0000000000
110416  7.626  -6.911  54.860 0.0000000000
111955  7.250  -5.683  54.603 0.0000000000
112064  6.542  -5.782  46.737 0.0000000000
112083  5.921  -5.865  45.987 0.0000000000
105871  9.059  -9.057  61.292 0.0000000000
107238  8.725  -8.101  61.684 0.0000000000
107237  9.175  -8.038  61.868 0.0000000000
100010  16.030  -12.143  57.108 0.0000000000
101728  12.692  -10.928  57.092 0.0000000000
101729  11.925  -10.977  57.123 0.0000000000
101742  11.416  -11.087  56.434 0.0000000000
101730  11.116  -10.978  57.081 0.0000000000
101731  10.268  -11.116  57.068 0.0000000000
101717  10.844  -10.864  57.778 0.0000000000
104522  9.838  -9.071  61.316 0.0000000000
104532  9.590  -9.413  60.913 0.0000000000
104523  9.227  -9.162  61.239 0.0000000000
104534  8.351  -9.643  60.927 0.0000000000
119137  3.720  -2.187  53.273 0.0000000000
119154  3.716  -2.224  52.452 0.0000000000
117763  4.561  -2.648  48.376 0.0000000000
117748  3.894  -2.722  49.063 0.0000000000
117764  3.714  -2.939  48.060 0.0000000000
117765  3.120  -3.375  48.155 0.0000000000
117777  4.470  -2.809  47.459 0.0000000000
98458  2.039  -13.914  53.631 0.0000000000
100096  2.080  -12.791  53.794 0.0000000000
100095  2.150  -12.151  54.158 0.0000000000
108775  5.264  -8.251  57.591 0.0000000000
107288  5.052  -8.768  56.823 0.0000000000
108774  5.779  -8.041  57.397 0.0000000000
110388  6.051  -7.382  57.572 0.0000000000
114822  6.956  -4.848  60.841 0.0000000000
113443  6.203  -5.356  60.711 0.0000000000
114825  6.589  -4.526  60.594 0.0000000000
119094  5.757  -1.689  57.812 0.0000000000
117633  5.212  -2.460  58.170 0.0000000000
119095  5.148  -2.082  57.668 0.0000000000
119100  4.843  -2.024  57.131 0.0000000000
119104  4.627  -1.873  56.658 0.0000000000
120548  5.004  -1.584  56.919 0.0000000000
100032  6.885  -12.247  57.063 0.0000000000
98422  6.471  -12.750  56.158 0.0000000000
100048  6.481  -12.543  56.697 0.0000000000
95463  3.689  -14.732  56.130 0.0000000000
93968  3.749  -15.204  55.718 0.0000000000
98448  2.030  -13.577  54.413 0.0000000000
101814  2.749  -11.946  51.413 0.0000000000
103265  3.581  -10.953  52.014 0.0000000000
103287  6.344  -11.218  50.752 0.0000000000
103299  5.986  -11.408  50.140 0.0000000000
101836  5.771  -11.484  49.560 0.0000000000
101835  6.414  -11.502  49.607 0.0000000000
113541  6.795  -5.111  51.222 0.0000000000
111997  6.999  -5.376  50.516 0.0000000000
106039  9.881  -9.074  48.254 0.0000000000
104680  9.654  -9.525  48.705 0.0000000000
103337  9.348  -10.437  47.791 0.0000000000
103349  8.923  -11.081  47.370 0.0000000000
101901  9.046  -11.176  46.864 0.0000000000
101918  8.970  -11.363  46.492 0.0000000000
103360  9.761  -10.600  46.668 0.0000000000
108968  10.811  -7.816  44.347 0.0000000000
106079  10.972  -9.114  44.214 0.0000000000
106085  11.123  -8.989  43.437 0.0000000000
117846  5.105  -2.938  43.687 0.0000000000
113702  4.211  -5.159  40.875 0.0000000000
113703  3.461  -5.064  40.969 0.0000000000
113686  4.009  -5.324  41.624 0.0000000000
113685  4.727  -5.126  41.596 0.0000000000
113668  5.859  -5.094  42.224 0.0000000000
115005  5.825  -4.982  42.008 0.0000000000
108734  11.366  -7.901  61.015 0.0000000000
110360  11.379  -7.471  60.446 0.0000000000
110365  11.729  -7.497  59.969 0.0000000000
110383  12.420  -7.081  57.620 0.0000000000
103175  16.073  -10.538  58.425 0.0000000000
101667  15.700  -11.094  58.603 0.0000000000
104541  13.950  -9.767  59.588 0.0000000000
103162  14.401  -10.252  59.307 0.0000000000
103179  13.411  -10.396  59.158 0.0000000000
101681  13.232  -10.492  58.863 0.0000000000
103164  13.011  -10.052  59.514 0.0000000000
104553  12.428  -10.214  59.472 0.0000000000
103147  12.564  -9.776  59.925 0.0000000000
107255  12.234  -8.374  60.244 0.0000000000
105877  12.214  -9.125  60.330 0.0000000000
107244  11.976  -8.258  60.470 0.0000000000
107245  11.363  -8.347  60.981 0.0000000000
120637  6.185  -1.733  50.884 0.0000000000
119204  6.547  -1.938  49.691 0.0000000000
119218  6.697  -1.995  49.009 0.0000000000
119232  6.311  -2.222  48.568 0.0000000000
119231  6.794  -2.086  48.370 0.0000000000
100066  2.265  -12.047  56.066 0.0000000000
105898  4.014  -9.459  58.328 0.0000000000
104569  3.602  -9.807  57.257 0.0000000000
105901  4.332  -8.937  58.060 0.0000000000
105905  4.372  -8.934  57.354 0.0000000000
107270  4.686  -8.455  58.489 0.0000000000
116131  8.525  -3.345  58.348 0.0000000000
117624  8.174  -3.210  58.724 0.0000000000
117631  8.374  -2.952  57.902 0.0000000000
119093  6.588  -1.579  57.724 0.0000000000
119098  7.302  -1.471  56.964 0.0000000000
120545  6.891  -1.092  56.532 0.0000000000
100018  5.619  -12.349  57.924 0.0000000000
100019  5.126  -12.321  58.202 0.0000000000
98402  4.088  -12.786  57.879 0.0000000000
98413  4.438  -13.188  57.391 0.0000000000
96971  3.296  -13.696  56.968 0.0000000000
96983  2.776  -13.993  56.412 0.0000000000
100049  2.524  -12.400  56.617 0.0000000000
100067  2.196  -12.589  55.703 0.0000000000
105947  6.440  -9.379  54.599 0.0000000000
104619  5.839  -10.269  53.510 0.0000000000
105946  6.863  -9.349  54.175 0.0000000000
107319  8.126  -8.083  53.715 0.0000000000
105945  7.478  -8.965  53.919 0.0000000000
105961  7.649  -9.319  53.261 0.0000000000
104631  7.723  -9.703  52.576 0.0000000000
105960  8.228  -8.875  52.948 0.0000000000
112019  7.201  -5.590  49.226 0.0000000000
112033  6.791  -5.566  48.347 0.0000000000
112046  8.048  -6.058  47.494 0.0000000000
110515  9.207  -6.836  48.018 0.0000000000
108894  9.677  -7.276  47.792 0.0000000000
110533  9.307  -6.811  47.346 0.0000000000
107421  10.412  -8.455  47.007 0.0000000000
108912  9.732  -7.181  47.185 0.0000000000
112080  8.383  -6.003  45.583 0.0000000000
110574  9.495  -6.559  45.759 0.0000000000
110589  9.609  -6.516  44.987 0.0000000000
115020  4.221  -4.767  39.324 0.0000000000
113734  5.281  -5.084  39.252 0.0000000000
113717  5.874  -5.122  40.076 0.0000000000
113733  6.054  -5.124  39.300 0.0000000000
103158  5.843  -10.350  60.318 0.0000000000
105887  5.676  -9.515  60.335 0.0000000000
105881  6.838  -9.151  60.788 0.0000000000
110347  8.148  -6.964  61.528 0.0000000000
108730  7.488  -7.366  61.569 0.0000000000
111879  7.829  -6.572  61.511 0.0000000000
111886  7.743  -5.953  61.262 0.0000000000
113432  8.143  -5.942  61.107 0.0000000000
111891  10.456  -6.675  60.618 0.0000000000
111882  10.071  -6.777  61.092 0.0000000000
111899  10.508  -6.229  60.087 0.0000000000
113453  9.894  -5.331  59.382 0.0000000000
114829  9.421  -4.971  59.321 0.0000000000
114830  8.773  -4.947  59.885 0.0000000000
116120  9.016  -4.536  59.264 0.0000000000
116126  8.978  -4.135  58.734 0.0000000000
114838  9.383  -4.394  58.037 0.0000000000
98443  16.419  -12.999  54.517 0.0000000000
100073  14.871  -12.229  54.745 0.0000000000
99998  14.618  -11.426  57.969 0.0000000000
100012  14.721  -11.650  57.515 0.0000000000
100029  14.225  -11.630  57.143 0.0000000000
101758  13.163  -11.451  55.778 0.0000000000
101776  12.761  -11.496  55.212 0.0000000000
101791  12.250  -11.539  54.659 0.0000000000
101777  12.015  -11.447  55.222 0.0000000000
101779  10.411  -11.541  55.103 0.0000000000
101732  9.382  -11.309  57.074 0.0000000000
101733  8.558  -11.453  57.183 0.0000000000
101720  8.408  -11.351  57.894 0.0000000000
103182  11.063  -10.348  59.440 0.0000000000
103193  10.570  -10.672  58.830 0.0000000000
103183  10.335  -10.459  59.377 0.0000000000
101668  8.584  -10.605  59.605 0.0000000000
101683  8.885  -10.766  59.131 0.0000000000
101684  8.135  -11.026  59.241 0.0000000000
101704  6.827  -11.675  58.780 0.0000000000
101685  7.433  -11.236  59.361 0.0000000000
103156  6.840  -10.105  60.456 0.0000000000
101671  6.615  -10.930  59.832 0.0000000000
101662  6.494  -10.593  60.181 0.0000000000
101673  5.594  -10.808  59.805 0.0000000000
116144  5.036  -3.814  54.535 0.0000000000
116155  4.789  -3.819  53.653 0.0000000000
116178  4.046  -4.071  52.395 0.0000000000
114879  4.829  -4.076  52.705 0.0000000000
114890  4.520  -4.231  52.219 0.0000000000
114899  5.030  -4.484  51.619 0.0000000000
114900  4.358  -4.391  51.522 0.0000000000
119187  4.648  -2.095  50.845 0.0000000000
119170  3.832  -2.208  51.649 0.0000000000
117710  3.539  -2.576  51.021 0.0000000000
114919  3.122  -4.228  49.843 0.0000000000
114912  3.139  -4.020  50.431 0.0000000000
114911  3.633  -4.449  50.403 0.0000000000
113545  4.238  -4.710  50.287 0.0000000000
113559  4.014  -4.907  49.795 0.0000000000
113568  5.036  -5.123  49.303 0.0000000000
113570  3.835  -5.007  49.145 0.0000000000
113592  3.157  -4.920  47.846 0.0000000000
113591  3.655  -5.201  48.018 0.0000000000
113601  3.400  -5.263  47.509 0.0000000000
112067  4.222  -5.767  47.067 0.0000000000
113612  3.264  -5.356  46.992 0.0000000000
107272  14.980  -8.566  57.040 0.0000000000
108769  14.707  -8.285  56.627 0.0000000000
108779  14.835  -8.345  56.202 0.0000000000
94033  18.700  -15.201  51.170 0.0000000000
95541  18.247  -15.108  50.819 0.0000000000
95527  18.427  -14.892  51.543 0.0000000000
95514  18.409  -14.628  52.300 0.0000000000
98430  21.139  -13.756  55.048 0.0000000000
98429  21.195  -13.283  54.934 0.0000000000
98441  21.367  -13.889  54.822 0.0000000000
96997  21.617  -14.109  54.232 0.0000000000
95474  21.004  -14.619  54.006 0.0000000000
95486  20.380  -14.885  53.607 0.0000000000
95475  20.354  -14.737  54.399 0.0000000000
95478  18.460  -14.200  54.205 0.0000000000
95489  18.324  -14.252  53.789 0.0000000000
97002  18.050  -14.006  54.330 0.0000000000
98407  18.299  -13.041  56.471 0.0000000000
98397  17.837  -12.806  56.735 0.0000000000
98398  17.352  -12.851  56.648 0.0000000000
100008  17.531  -12.453  56.958 0.0000000000
103205  17.337  -10.885  56.628 0.0000000000
101712  17.413  -11.397  57.126 0.0000000000
104563  16.751  -10.519  57.610 0.0000000000
105904  15.931  -9.272  56.324 0.0000000000
105900  15.788  -9.322  57.026 0.0000000000
107271  15.440  -8.932  56.715 0.0000000000
107267  15.251  -8.948  57.390 0.0000000000
95531  2.072  -15.023  51.701 0.0000000000
101798  2.235  -12.264  53.190 0.0000000000
101804  2.478  -11.696  53.025 0.0000000000
103254  2.822  -11.157  52.805 0.0000000000
104576  3.139  -10.225  56.181 0.0000000000
104585  3.074  -10.338  55.324 0.0000000000
105925  4.632  -9.414  55.814 0.0000000000
104583  4.397  -9.592  55.515 0.0000000000
104595  4.686  -9.736  55.060 0.0000000000
104609  3.696  -10.429  53.740 0.0000000000
104594  5.601  -9.769  54.809 0.0000000000
105936  5.399  -9.512  55.344 0.0000000000
110397  6.575  -7.402  56.769 0.0000000000
107285  6.411  -8.333  56.180 0.0000000000
110396  6.899  -6.970  56.377 0.0000000000
111927  6.705  -5.799  56.623 0.0000000000
107258  5.748  -8.220  60.550 0.0000000000
107263  5.221  -8.655  60.083 0.0000000000
108751  5.442  -7.958  60.246 0.0000000000
111905  5.496  -6.012  60.067 0.0000000000
108750  5.510  -7.265  60.175 0.0000000000
110371  5.320  -6.453  59.641 0.0000000000
110372  5.326  -6.027  59.108 0.0000000000
116119  6.126  -3.880  59.997 0.0000000000
116125  5.823  -3.422  59.570 0.0000000000
114836  5.244  -4.212  58.855 0.0000000000
113460  5.386  -4.895  58.556 0.0000000000
111910  5.568  -5.869  58.586 0.0000000000
113459  5.628  -5.382  58.340 0.0000000000
113464  5.863  -5.178  57.764 0.0000000000
116135  5.372  -4.112  56.834 0.0000000000
114844  5.834  -4.674  57.132 0.0000000000
114848  5.769  -4.423  56.347 0.0000000000
116141  5.202  -3.854  55.324 0.0000000000
116139  4.817  -3.449  55.846 0.0000000000
120554  4.351  -1.774  55.705 0.0000000000
119107  3.991  -2.206  55.286 0.0000000000
119115  4.143  -1.867  54.584 0.0000000000
120571  4.758  -1.388  54.484 0.0000000000
120561  6.243  -0.661  55.495 0.0000000000
100099  15.375  -12.537  52.359 0.0000000000
100113  15.286  -12.584  51.674 0.0000000000
98447  6.050  -13.313  55.162 0.0000000000
98457  6.112  -13.430  54.628 0.0000000000
98424  5.217  -13.320  56.566 0.0000000000
96980  4.875  -13.843  56.190 0.0000000000
95518  2.012  -15.106  52.423 0.0000000000
98533  2.755  -13.416  49.960 0.0000000000
97097  2.713  -14.164  49.112 0.0000000000
98553  2.800  -13.234  48.965 0.0000000000
103263  4.950  -10.795  52.068 0.0000000000
103278  4.529  -10.971  51.376 0.0000000000
101855  4.344  -11.512  49.100 0.0000000000
101837  4.024  -11.416  49.543 0.0000000000
98573  2.815  -13.098  48.011 0.0000000000
100192  3.124  -12.291  47.736 0.0000000000
101889  4.744  -11.804  47.331 0.0000000000
100201  3.701  -12.059  46.629 0.0000000000
101908  4.033  -12.032  46.442 0.0000000000
100230  3.398  -12.574  45.226 0.0000000000
101924  4.265  -12.115  46.067 0.0000000000
113507  6.538  -4.980  53.254 0.0000000000
113505  7.315  -5.569  53.746 0.0000000000
113517  7.448  -5.575  53.159 0.0000000000
110455  8.639  -7.031  51.654 0.0000000000
111970  8.122  -6.559  52.409 0.0000000000
108846  8.828  -7.562  51.828 0.0000000000
107352  8.742  -8.864  51.935 0.0000000000
105987  8.946  -8.943  51.438 0.0000000000
112018  7.930  -6.059  49.542 0.0000000000
110483  8.560  -6.555  49.958 0.0000000000
104671  9.336  -9.690  49.362 0.0000000000
106016  9.334  -9.080  49.982 0.0000000000
104672  8.860  -10.363  49.434 0.0000000000
104663  8.793  -10.165  50.055 0.0000000000
103312  8.279  -10.933  49.491 0.0000000000
101851  7.509  -11.456  49.121 0.0000000000
101868  7.987  -11.447  48.632 0.0000000000
101921  6.705  -12.071  46.370 0.0000000000
101904  6.942  -11.905  47.034 0.0000000000
100226  6.453  -12.243  45.795 0.0000000000
100227  5.613  -12.228  45.845 0.0000000000
100247  5.462  -12.361  45.027 0.0000000000
100267  5.363  -12.442  44.232 0.0000000000
100266  6.101  -12.482  44.380 0.0000000000
100263  8.190  -12.256  44.818 0.0000000000
100303  7.931  -12.271  43.230 0.0000000000
104709  10.497  -9.737  46.124 0.0000000000
104721  10.304  -10.230  45.549 0.0000000000
104729  10.509  -10.132  45.054 0.0000000000
101955  9.820  -11.261  43.399 0.0000000000
101965  9.314  -11.507  42.775 0.0000000000
117813  6.348  -2.662  45.791 0.0000000000
117802  5.040  -2.936  46.034 0.0000000000
117791  4.430  -2.980  46.604 0.0000000000
117803  4.341  -3.239  45.771 0.0000000000
116342  3.034  -4.142  44.740 0.0000000000
116329  3.062  -4.060  45.432 0.0000000000
114970  2.773  -4.588  45.229 0.0000000000
112105  3.100  -5.615  45.610 0.0000000000
113629  2.799  -5.243  44.997 0.0000000000
116379  3.190  -3.355  41.742 0.0000000000
116372  3.469  -3.451  42.480 0.0000000000
116364  3.784  -3.446  43.116 0.0000000000
112147  3.971  -5.709  43.184 0.0000000000
113657  3.229  -5.498  43.170 0.0000000000
112136  4.051  -5.837  43.957 0.0000000000
112119  5.435  -5.814  44.418 0.0000000000
113639  7.331  -5.273  43.536 0.0000000000
113628  7.707  -5.416  43.955 0.0000000000
113638  8.107  -5.416  43.687 0.0000000000
112114  9.111  -5.912  44.118 0.0000000000
112129  9.165  -5.708  43.529 0.0000000000
113681  7.679  -5.034  41.481 0.0000000000
108747  12.696  -8.171  59.610 0.0000000000
110369  11.956  -7.407  59.611 0.0000000000
108760  12.705  -7.567  58.744 0.0000000000
105890  15.481  -9.622  58.437 0.0000000000
104539  15.051  -9.780  58.916 0.0000000000
105884  14.857  -9.447  58.924 0.0000000000
105886  13.523  -9.430  59.751 0.0000000000
105875  13.386  -9.022  59.761 0.0000000000
107261  13.052  -8.513  59.666 0.0000000000
98695  3.612  -13.512  42.362 0.0000000000
100308  4.602  -12.463  42.774 0.0000000000
103203  3.145  -10.825  57.539 0.0000000000
103202  3.420  -10.440  57.804 0.0000000000
104562  3.920  -10.050  58.598 0.0000000000
100003  5.037  -11.869  58.726 0.0000000000
98403  3.453  -12.747  57.699 0.0000000000
98415  3.000  -13.054  57.156 0.0000000000
101723  3.134  -11.560  57.837 0.0000000000
107298  7.183  -8.084  55.325 0.0000000000
107321  7.227  -8.700  54.530 0.0000000000
107309  7.454  -8.131  54.855 0.0000000000
108805  7.741  -7.589  54.552 0.0000000000
110426  7.865  -6.980  53.984 0.0000000000
112049  5.487  -5.705  47.574 0.0000000000
112048  6.272  -5.679  47.541 0.0000000000
112062  8.485  -6.132  46.583 0.0000000000
112081  7.620  -5.881  45.790 0.0000000000
104526  7.597  -9.236  60.946 0.0000000000
105874  7.156  -8.837  60.996 0.0000000000
105863  8.074  -8.432  61.314 0.0000000000
107230  8.209  -7.931  61.885 0.0000000000
110355  8.772  -6.866  61.507 0.0000000000
113452  10.559  -5.747  59.069 0.0000000000
113462  10.334  -5.250  58.092 0.0000000000
114837  9.878  -4.943  58.181 0.0000000000
114841  9.764  -4.788  57.362 0.0000000000
98410  16.452  -12.695  55.924 0.0000000000
100058  16.085  -12.590  55.466 0.0000000000
100040  16.045  -12.559  55.796 0.0000000000
100041  15.507  -12.356  56.010 0.0000000000
100042  14.855  -12.050  56.248 0.0000000000
101714  13.383  -10.955  57.656 0.0000000000
100030  13.760  -11.312  57.323 0.0000000000
101740  12.817  -11.091  56.529 0.0000000000
101718  9.980  -10.960  57.719 0.0000000000
103150  10.670  -9.672  60.448 0.0000000000
104547  10.299  -10.155  59.933 0.0000000000
103151  9.982  -9.712  60.514 0.0000000000
103152  9.274  -9.825  60.530 0.0000000000
103171  8.222  -10.225  60.253 0.0000000000
101660  7.669  -10.393  60.242 0.0000000000
103154  8.021  -10.002  60.582 0.0000000000
104535  7.774  -9.641  60.863 0.0000000000
116146  3.860  -3.269  54.193 0.0000000000
116156  4.089  -3.535  53.703 0.0000000000
116157  3.671  -3.209  53.793 0.0000000000
116168  3.675  -3.377  53.197 0.0000000000
116179  3.617  -3.669  52.274 0.0000000000
117729  4.014  -2.482  50.120 0.0000000000
116219  2.977  -3.714  49.346 0.0000000000
114926  3.138  -4.498  49.029 0.0000000000
116236  2.924  -3.832  48.579 0.0000000000
116257  2.947  -3.873  47.864 0.0000000000
116276  2.992  -3.898  47.174 0.0000000000
94019  19.095  -15.144  51.702 0.0000000000
95458  20.631  -13.823  55.306 0.0000000000
96977  18.187  -13.756  55.578 0.0000000000
100024  18.611  -12.647  56.325 0.0000000000
100006  18.570  -12.301  56.208 0.0000000000
104568  16.674  -10.071  56.840 0.0000000000
97036  2.073  -14.336  52.303 0.0000000000
98468  2.085  -13.651  52.950 0.0000000000
105913  4.090  -9.466  56.379 0.0000000000
104584  3.922  -9.724  55.712 0.0000000000
105912  4.617  -9.096  56.579 0.0000000000
105911  4.955  -9.138  56.184 0.0000000000
107301  5.694  -8.901  56.055 0.0000000000
107276  5.852  -8.322  56.870 0.0000000000
108773  6.205  -7.741  57.115 0.0000000000
110387  6.433  -7.065  57.219 0.0000000000
110363  6.319  -6.854  61.162 0.0000000000
108749  5.901  -6.985  60.619 0.0000000000
110364  6.148  -6.376  60.890 0.0000000000
111900  5.899  -5.853  60.497 0.0000000000
111901  5.555  -5.572  60.039 0.0000000000
117627  6.216  -2.340  58.881 0.0000000000
117623  5.786  -2.811  59.168 0.0000000000
117628  5.516  -2.473  58.668 0.0000000000
116129  5.157  -3.543  58.256 0.0000000000
116133  5.163  -3.658  57.431 0.0000000000
116136  5.000  -3.512  56.607 0.0000000000
117640  4.517  -2.955  56.367 0.0000000000
100115  14.059  -12.245  52.205 0.0000000000
100114  14.748  -12.405  51.932 0.0000000000
100046  7.640  -12.080  56.212 0.0000000000
100065  7.048  -12.571  55.870 0.0000000000
96995  2.068  -14.260  54.883 0.0000000000
95505  1.998  -15.175  53.101 0.0000000000
101815  2.630  -12.394  51.482 0.0000000000
98514  2.564  -13.416  50.887 0.0000000000
100137  2.670  -12.515  51.187 0.0000000000
100155  2.763  -12.576  50.627 0.0000000000
101823  3.035  -11.789  50.543 0.0000000000
103276  6.016  -11.016  51.372 0.0000000000
103289  4.804  -11.202  50.687 0.0000000000
103288  5.581  -11.239  50.728 0.0000000000
103300  5.132  -11.386  49.904 0.0000000000
101874  3.601  -11.913  47.727 0.0000000000
101872  4.963  -11.686  48.236 0.0000000000
101871  5.790  -11.696  48.331 0.0000000000
113529  6.833  -5.132  52.116 0.0000000000
113528  7.430  -5.519  52.403 0.0000000000
113540  7.296  -5.439  51.721 0.0000000000
111995  8.205  -6.259  51.314 0.0000000000
108871  9.798  -8.004  48.847 0.0000000000
108872  9.467  -7.542  49.203 0.0000000000
107381  9.733  -8.481  48.969 0.0000000000
104670  9.564  -9.421  49.028 0.0000000000
103325  8.861  -10.763  48.389 0.0000000000
101885  7.894  -11.547  47.907 0.0000000000
101884  8.483  -11.250  48.120 0.0000000000
101920  7.567  -11.979  46.277 0.0000000000
100245  7.009  -12.394  45.238 0.0000000000
101935  8.187  -11.933  45.715 0.0000000000
100243  8.194  -12.114  45.270 0.0000000000
101947  8.601  -11.932  45.091 0.0000000000
106073  10.868  -9.165  44.978 0.0000000000
104728  10.721  -9.906  44.585 0.0000000000
103399  10.631  -10.311  44.109 0.0000000000
103411  10.177  -10.821  42.931 0.0000000000
117844  6.605  -2.448  44.141 0.0000000000
117827  5.506  -2.937  44.529 0.0000000000
117815  4.954  -3.080  45.191 0.0000000000
117828  4.779  -3.184  44.416 0.0000000000
117829  4.296  -3.438  44.379 0.0000000000
116341  3.468  -3.814  44.366 0.0000000000
116388  2.940  -4.249  40.986 0.0000000000
114997  2.868  -4.554  41.944 0.0000000000
113687  3.391  -5.171  41.697 0.0000000000
112158  4.295  -5.537  42.602 0.0000000000
112146  4.650  -5.529  42.997 0.0000000000
112134  5.543  -5.567  43.526 0.0000000000
113654  5.581  -5.337  42.817 0.0000000000
113653  6.297  -5.196  42.774 0.0000000000
113651  7.744  -5.239  42.927 0.0000000000
107247  10.481  -8.358  61.800 0.0000000000
108726  9.899  -7.622  61.923 0.0000000000
110343  10.673  -7.568  61.447 0.0000000000
111890  11.022  -6.994  60.327 0.0000000000
111898  10.929  -6.565  59.883 0.0000000000
110370  11.741  -7.080  59.494 0.0000000000
111908  11.227  -6.266  58.617 0.0000000000
99988  16.131  -11.624  57.858 0.0000000000
99996  15.825  -11.763  57.618 0.0000000000
99989  15.654  -11.656  57.760 0.0000000000
101694  14.844  -11.340  58.157 0.0000000000
101695  14.517  -11.189  58.259 0.0000000000
104552  14.980  -10.319  58.985 0.0000000000
101679  14.342  -10.874  58.618 0.0000000000
101696  13.947  -10.950  58.154 0.0000000000
101697  13.087  -10.650  58.427 0.0000000000
101698  12.585  -10.703  58.402 0.0000000000
103191  12.136  -10.713  58.586 0.0000000000
103200  11.485  -10.788  58.243 0.0000000000
103181  11.876  -10.474  59.221 0.0000000000
103166  11.784  -10.165  59.757 0.0000000000
104527  12.608  -9.443  60.078 0.0000000000
104528  12.098  -9.490  60.297 0.0000000000
103149  11.338  -9.747  60.290 0.0000000000
104530  10.929  -9.247  60.737 0.0000000000
105868  10.684  -8.740  61.445 0.0000000000
120603  4.890  -1.577  52.591 0.0000000000
119153  4.332  -1.903  52.172 0.0000000000
120623  5.510  -1.702  51.616 0.0000000000
119168  5.087  -1.942  51.279 0.0000000000
119186  5.205  -2.006  50.669 0.0000000000
120650  6.951  -1.606  50.130 0.0000000000
119205  5.918  -2.020  49.905 0.0000000000
119220  5.430  -2.166  49.578 0.0000000000
117746  5.526  -2.298  49.072 0.0000000000
117762  5.338  -2.501  48.554 0.0000000000
117775  6.066  -2.478  47.974 0.0000000000
101784  2.073  -12.226  54.713 0.0000000000
103209  2.635  -10.886  55.848 0.0000000000
104570  3.223  -10.244  56.964 0.0000000000
107273  4.737  -8.495  57.793 0.0000000000
116122  7.724  -3.726  59.724 0.0000000000
116117  7.245  -3.873  60.225 0.0000000000
117620  7.651  -3.253  59.279 0.0000000000
117621  7.053  -2.956  59.376 0.0000000000
117626  6.915  -2.467  58.906 0.0000000000
117632  7.764  -2.470  58.067 0.0000000000
119087  7.332  -2.300  58.392 0.0000000000
119088  6.771  -2.046  58.377 0.0000000000
120542  6.015  -1.289  57.291 0.0000000000
120547  5.509  -1.181  56.783 0.0000000000
120546  6.239  -1.029  56.672 0.0000000000
100017  6.221  -12.257  57.829 0.0000000000
100033  6.260  -12.453  57.212 0.0000000000
100034  5.810  -12.482  57.457 0.0000000000
98412  5.261  -12.852  57.273 0.0000000000
98401  4.777  -12.694  57.827 0.0000000000
95464  3.113  -14.726  56.254 0.0000000000
98425  2.597  -13.217  56.576 0.0000000000
98426  2.326  -13.383  56.002 0.0000000000
104620  4.949  -10.408  53.452 0.0000000000
103251  4.603  -10.635  52.723 0.0000000000
103250  5.386  -10.639  52.785 0.0000000000
103249  6.284  -10.641  52.760 0.0000000000
105962  7.255  -9.404  53.710 0.0000000000
104618  6.931  -9.869  53.405 0.0000000000
104632  7.036  -10.317  52.344 0.0000000000
104643  7.069  -10.614  51.684 0.0000000000
103274  7.356  -10.709  51.139 0.0000000000
113566  6.210  -5.162  49.841 0.0000000000
112009  6.779  -5.343  49.858 0.0000000000
110499  8.514  -6.474  49.086 0.0000000000
110498  9.094  -6.923  48.765 0.0000000000
108882  9.577  -7.378  48.483 0.0000000000
108881  9.948  -7.860  48.187 0.0000000000
106048  10.158  -9.136  47.509 0.0000000000
104700  10.163  -9.822  46.932 0.0000000000
106058  10.391  -9.152  47.008 0.0000000000
107420  10.628  -8.550  46.477 0.0000000000
107430  10.717  -8.564  46.014 0.0000000000
110554  9.413  -6.680  46.598 0.0000000000
108932  10.279  -7.451  45.937 0.0000000000
108931  10.637  -7.961  45.662 0.0000000000
108950  10.721  -7.900  44.999 0.0000000000
108969  10.513  -7.307  44.681 0.0000000000
110603  10.631  -7.267  44.141 0.0000000000
113719  4.358  -5.093  40.031 0.0000000000
113683  6.150  -4.726  41.566 0.0000000000
113700  5.671  -4.801  40.824 0.0000000000
113732  6.773  -5.156  39.192 0.0000000000
97200  4.185  -14.430  44.039 0.0000000000
103173  5.020  -10.457  59.714 0.0000000000
104558  4.805  -9.949  59.619 0.0000000000
104549  5.219  -9.911  59.963 0.0000000000
107257  5.987  -8.833  60.602 0.0000000000
107251  6.246  -8.125  60.847 0.0000000000
107250  6.794  -8.583  60.968 0.0000000000
107241  6.748  -8.025  61.143 0.0000000000
108737  6.547  -7.255  61.321 0.0000000000
111887  7.083  -6.194  61.478 0.0000000000
113441  7.292  -5.445  60.981 0.0000000000
114821  7.460  -4.976  60.782 0.0000000000
110353  9.823  -6.957  61.453 0.0000000000
111883  9.448  -6.610  61.252 0.0000000000
111893  9.143  -6.226  60.967 0.0000000000
113445  10.249  -5.850  59.780 0.0000000000
113446  9.689  -5.707  60.048 0.0000000000
113438  9.103  -6.037  60.679 0.0000000000
113448  8.747  -5.384  60.388 0.0000000000
116115  8.182  -4.640  60.238 0.0000000000
116116  7.778  -4.196  60.175 0.0000000000
116127  8.539  -3.651  58.764 0.0000000000
114842  9.338  -4.218  57.253 0.0000000000
97012  16.942  -13.477  53.338 0.0000000000
98461  16.546  -13.263  52.815 0.0000000000
98462  15.870  -12.743  53.090 0.0000000000
98463  15.472  -12.552  53.575 0.0000000000
98433  15.845  -12.572  54.921 0.0000000000
100084  15.591  -12.562  54.221 0.0000000000
100085  15.007  -12.392  53.915 0.0000000000
100102  13.174  -11.956  53.288 0.0000000000
100011  15.353  -11.830  57.285 0.0000000000
100028  14.817  -11.860  56.906 0.0000000000
100061  14.223  -11.851  55.790 0.0000000000
100044  13.737  -11.490  56.731 0.0000000000
100062  13.699  -11.575  56.084 0.0000000000
100074  14.119  -11.874  54.972 0.0000000000
100103  12.220  -11.850  53.308 0.0000000000
101778  11.225  -11.417  55.151 0.0000000000
101745  8.606  -11.680  56.297 0.0000000000
100031  7.438  -12.008  56.870 0.0000000000
100015  7.316  -11.923  57.394 0.0000000000
103201  10.947  -10.761  58.387 0.0000000000
101700  9.807  -10.882  58.435 0.0000000000
103184  9.667  -10.523  59.439 0.0000000000
101682  9.471  -10.777  58.912 0.0000000000
101701  8.997  -11.000  58.459 0.0000000000
101721  7.620  -11.659  58.001 0.0000000000
100000  6.632  -12.002  58.218 0.0000000000
101705  6.180  -11.686  58.952 0.0000000000
101670  7.251  -10.862  59.850 0.0000000000
101687  6.131  -11.313  59.440 0.0000000000
101706  5.625  -11.648  59.080 0.0000000000
101688  5.598  -11.227  59.460 0.0000000000
101689  5.007  -11.043  59.384 0.0000000000
114858  6.125  -4.621  55.083 0.0000000000
113485  6.542  -4.966  54.623 0.0000000000
114869  6.060  -4.572  54.277 0.0000000000
114877  6.004  -4.601  53.371 0.0000000000
116166  4.817  -3.950  53.070 0.0000000000
114878  5.282  -4.185  53.077 0.0000000000
114888  5.760  -4.525  52.531 0.0000000000
113531  5.610  -4.652  51.438 0.0000000000
113542  6.025  -4.849  50.997 0.0000000000
117698  3.307  -2.833  51.849 0.0000000000
116191  3.282  -3.580  51.413 0.0000000000
117711  3.259  -2.996  50.457 0.0000000000
116192  3.102  -3.551  50.757 0.0000000000
114901  3.745  -4.146  51.349 0.0000000000
114910  4.228  -4.511  50.857 0.0000000000
113544  4.723  -4.678  50.478 0.0000000000
113556  5.812  -4.966  50.278 0.0000000000
113567  5.689  -5.125  49.565 0.0000000000
112022  5.047  -5.306  48.703 0.0000000000
113580  3.781  -5.076  48.567 0.0000000000
112036  4.653  -5.376  48.304 0.0000000000
112035  5.249  -5.499  48.230 0.0000000000
112050  4.784  -5.670  47.665 0.0000000000
112066  4.946  -5.863  46.914 0.0000000000
112085  4.338  -5.881  46.237 0.0000000000
108757  14.374  -8.182  57.666 0.0000000000
108764  14.092  -7.969  57.451 0.0000000000
108770  14.217  -8.000  56.788 0.0000000000
108780  14.441  -8.074  56.004 0.0000000000
97031  17.420  -14.031  52.058 0.0000000000
96996  22.274  -13.550  54.042 0.0000000000
93995  19.749  -15.011  52.799 0.0000000000
95500  18.874  -14.817  52.773 0.0000000000
95476  19.412  -14.577  54.473 0.0000000000
95502  17.925  -14.127  53.277 0.0000000000
97021  17.080  -13.619  53.021 0.0000000000
98451  17.136  -13.496  54.117 0.0000000000
96978  17.432  -13.424  55.632 0.0000000000
98420  16.800  -12.967  55.608 0.0000000000
98409  16.791  -12.806  56.173 0.0000000000
100009  16.808  -12.488  56.940 0.0000000000
101710  18.306  -12.012  56.256 0.0000000000
103204  17.736  -11.305  56.236 0.0000000000
101711  17.825  -11.694  56.659 0.0000000000
101691  17.444  -11.703  57.162 0.0000000000
101693  16.481  -11.545  57.916 0.0000000000
101675  16.510  -11.191  58.088 0.0000000000
103189  16.388  -10.620  58.161 0.0000000000
105889  15.867  -9.991  58.251 0.0000000000
105899  16.153  -9.739  57.274 0.0000000000
105894  15.997  -9.861  57.877 0.0000000000
105896  15.023  -8.957  57.947 0.0000000000
107268  14.699  -8.492  57.775 0.0000000000
98478  2.121  -13.568  52.188 0.0000000000
100122  2.328  -12.885  52.051 0.0000000000
98494  2.301  -13.499  51.494 0.0000000000
101809  2.604  -11.731  52.279 0.0000000000
103253  3.325  -10.813  52.650 0.0000000000
104622  3.660  -10.598  53.132 0.0000000000
101783  2.229  -11.782  54.617 0.0000000000
103231  2.601  -11.112  54.264 0.0000000000
103230  3.102  -10.626  54.010 0.0000000000
104621  4.203  -10.475  53.298 0.0000000000
104593  5.939  -9.655  54.702 0.0000000000
107300  6.131  -8.709  55.882 0.0000000000
107299  6.731  -8.417  55.623 0.0000000000
108794  7.094  -7.812  55.686 0.0000000000
110406  7.195  -7.211  55.847 0.0000000000
111935  7.203  -6.377  55.804 0.0000000000
113476  6.966  -5.600  55.610 0.0000000000
105892  4.624  -9.293  59.451 0.0000000000
107266  4.776  -8.515  59.252 0.0000000000
108762  5.030  -7.923  58.895 0.0000000000
108761  5.323  -7.362  58.485 0.0000000000
116118  6.639  -3.941  60.297 0.0000000000
114827  5.606  -4.708  59.982 0.0000000000
113450  5.449  -5.117  59.762 0.0000000000
114835  5.377  -3.902  59.405 0.0000000000
114832  5.370  -4.515  59.523 0.0000000000
110377  5.448  -5.981  58.830 0.0000000000
110382  5.850  -6.863  58.048 0.0000000000
111914  6.184  -6.307  57.728 0.0000000000
111919  6.552  -6.268  57.154 0.0000000000
114843  6.076  -4.968  57.035 0.0000000000
113468  6.398  -5.396  56.940 0.0000000000
113473  6.615  -5.278  56.178 0.0000000000
114851  6.185  -4.723  55.860 0.0000000000
113477  6.569  -5.073  55.379 0.0000000000
117643  4.288  -2.913  55.567 0.0000000000
117647  4.234  -3.123  54.983 0.0000000000
117648  3.883  -2.968  54.681 0.0000000000
119116  3.760  -2.413  54.643 0.0000000000
119124  4.245  -1.637  53.793 0.0000000000
120586  4.795  -1.379  53.294 0.0000000000
120552  5.795  -0.953  56.066 0.0000000000
120562  5.410  -0.961  55.132 0.0000000000
122063  5.867  -0.670  54.411 0.0000000000
120570  5.312  -1.013  54.239 0.0000000000
120585  5.386  -1.184  52.959 0.0000000000
120602  5.601  -1.359  52.211 0.0000000000
108771  13.651  -7.748  57.035 0.0000000000
98488  15.629  -12.882  51.217 0.0000000000
98507  14.906  -12.735  50.505 0.0000000000
100129  14.736  -12.517  51.102 0.0000000000
98423  5.863  -12.921  56.610 0.0000000000
96992  5.558  -13.652  55.371 0.0000000000
97005  5.272  -14.167  54.973 0.0000000000
95559  2.603  -14.766  49.761 0.0000000000
103279  3.858  -11.022  51.344 0.0000000000
103291  3.569  -11.293  50.620 0.0000000000
103302  3.840  -11.237  50.199 0.0000000000
101838  3.535  -11.580  49.630 0.0000000000
97114  2.766  -13.994  48.210 0.0000000000
95602  2.971  -14.720  47.504 0.0000000000
101891  3.429  -12.040  47.326 0.0000000000
100249  3.721  -12.564  44.610 0.0000000000
113495  7.378  -5.756  54.157 0.0000000000
111961  7.678  -6.128  53.661 0.0000000000
110425  8.022  -7.094  53.442 0.0000000000
111971  7.923  -6.266  52.695 0.0000000000
110443  8.066  -6.761  52.870 0.0000000000
108826  8.419  -7.600  52.804 0.0000000000
105974  8.310  -9.228  52.324 0.0000000000
104641  8.188  -9.670  51.926 0.0000000000
104655  7.900  -10.430  50.935 0.0000000000
112007  8.076  -6.120  50.445 0.0000000000
110468  8.603  -6.700  50.786 0.0000000000
110454  8.954  -7.242  51.004 0.0000000000
108863  9.334  -7.695  49.961 0.0000000000
107371  9.319  -8.430  50.357 0.0000000000
107361  9.143  -8.413  51.106 0.0000000000
104653  8.973  -9.604  50.753 0.0000000000
103284  8.240  -10.523  50.357 0.0000000000
103297  7.384  -11.239  50.103 0.0000000000
101834  7.099  -11.466  49.629 0.0000000000
101870  6.580  -11.650  48.393 0.0000000000
101887  6.348  -11.787  47.670 0.0000000000
101886  7.138  -11.723  47.777 0.0000000000
101905  6.139  -11.931  46.931 0.0000000000
101906  5.367  -12.021  46.675 0.0000000000
100228  4.804  -12.183  45.722 0.0000000000
100248  4.655  -12.300  44.848 0.0000000000
100269  4.031  -12.577  43.745 0.0000000000
100287  4.681  -12.442  43.345 0.0000000000
100307  5.236  -12.434  42.826 0.0000000000
103372  9.786  -10.902  45.841 0.0000000000
101946  9.231  -11.674  44.712 0.0000000000
103387  10.299  -10.603  44.750 0.0000000000
101956  9.291  -11.673  43.812 0.0000000000
100325  7.686  -12.284  42.418 0.0000000000
119244  7.347  -2.075  47.359 0.0000000000
117774  6.392  -2.446  47.696 0.0000000000
117789  5.822  -2.663  47.158 0.0000000000
119263  6.934  -2.415  46.205 0.0000000000
117800  6.358  -2.590  46.641 0.0000000000
117790  5.124  -2.804  46.887 0.0000000000
117778  3.816  -3.080  47.128 0.0000000000
116275  3.371  -3.504  46.814 0.0000000000
116295  3.026  -3.926  46.495 0.0000000000
116312  3.896  -3.545  45.328 0.0000000000
116314  3.112  -3.912  45.952 0.0000000000
113613  2.923  -5.108  46.494 0.0000000000
112087  3.033  -5.413  46.078 0.0000000000
112103  4.512  -5.919  45.394 0.0000000000
116354  3.537  -3.738  43.706 0.0000000000
116355  3.070  -4.156  43.985 0.0000000000
114988  2.878  -4.657  42.709 0.0000000000
114982  2.863  -4.731  43.577 0.0000000000
113642  2.908  -5.371  44.150 0.0000000000
112122  3.262  -5.727  44.834 0.0000000000
112121  3.935  -5.876  44.712 0.0000000000
112102  5.293  -5.907  45.261 0.0000000000
112101  6.100  -5.803  45.152 0.0000000000
112100  6.935  -5.716  45.054 0.0000000000
112099  7.754  -5.755  44.957 0.0000000000
112133  6.419  -5.374  43.730 0.0000000000
112117  7.154  -5.459  44.205 0.0000000000
112098  8.475  -5.847  44.863 0.0000000000
112097  9.068  -6.033  44.679 0.0000000000
110604  10.107  -6.720  44.277 0.0000000000
113666  7.339  -5.139  42.194 0.0000000000
113649  8.998  -5.456  43.139 0.0000000000
112128  9.753  -5.950  43.307 0.0000000000
108988  10.914  -7.649  43.712 0.0000000000
93982  20.141  -14.951  53.095 0.0000000000
93983  19.812  -14.965  53.331 0.0000000000
93996  19.366  -14.939  53.085 0.0000000000
94007  19.255  -15.034  52.447 0.0000000000
94020  18.738  -15.082  51.472 0.0000000000
95459  20.314  -13.940  55.343 0.0000000000
95466  20.788  -14.001  55.216 0.0000000000
95467  20.556  -14.056  55.162 0.0000000000
95487  19.742  -14.876  53.843 0.0000000000
95490  17.915  -14.050  53.676 0.0000000000
95499  20.517  -14.820  53.091 0.0000000000
95526  18.771  -15.004  51.692 0.0000000000
95554  18.212  -15.212  50.431 0.0000000000
95694  4.317  -15.216  42.508 0.0000000000
96962  17.728  -13.108  56.464 0.0000000000
96963  17.433  -13.073  56.402 0.0000000000
96968  17.468  -13.234  56.170 0.0000000000
96985  20.900  -13.733  55.194 0.0000000000
96986  20.882  -14.076  54.983 0.0000000000
96987  20.555  -14.233  55.001 0.0000000000
96998  21.020  -14.378  54.590 0.0000000000
97001  18.621  -14.187  54.504 0.0000000000
97010  17.945  -14.020  53.918 0.0000000000
97016  2.054  -14.627  53.522 0.0000000000
97020  17.461  -13.927  52.840 0.0000000000
97080  2.648  -14.370  49.784 0.0000000000
97081  2.651  -13.954  50.367 0.0000000000
98399  16.966  -12.776  56.515 0.0000000000
98419  17.132  -13.107  55.979 0.0000000000
98421  16.344  -12.690  55.596 0.0000000000
98432  16.260  -12.726  55.133 0.0000000000
98444  15.931  -12.688  54.582 0.0000000000
98454  15.517  -12.549  53.935 0.0000000000
98534  2.730  -13.484  50.467 0.0000000000
98592  2.903  -13.013  47.097 0.0000000000
98652  3.585  -13.219  44.041 0.0000000000
98680  3.697  -13.333  42.916 0.0000000000
99990  15.213  -11.496  57.947 0.0000000000
99992  4.645  -11.343  59.045 0.0000000000
99993  17.689  -12.000  57.013 0.0000000000
99999  14.303  -11.258  58.060 0.0000000000
100014  13.789  -11.179  57.652 0.0000000000
100025  16.696  -12.660  56.521 0.0000000000
100072  15.491  -12.478  54.627 0.0000000000
100080  2.089  -12.313  54.413 0.0000000000
100138  2.527  -12.835  51.423 0.0000000000
100156  2.646  -12.888  50.948 0.0000000000
100202  3.306  -12.306  46.776 0.0000000000
100211  5.317  -12.144  46.245 0.0000000000
100212  5.118  -12.148  46.206 0.0000000000
100213  3.713  -12.207  46.243 0.0000000000
100224  7.571  -12.138  45.845 0.0000000000
100244  7.727  -12.235  45.415 0.0000000000
100246  6.247  -12.391  45.135 0.0000000000
100309  4.002  -12.692  42.813 0.0000000000
101663  6.087  -10.649  60.102 0.0000000000
101664  5.721  -10.603  60.105 0.0000000000
101666  15.955  -11.156  58.553 0.0000000000
101674  5.264  -10.697  59.732 0.0000000000
101676  16.111  -11.388  58.221 0.0000000000
101677  15.619  -11.264  58.417 0.0000000000
101678  15.022  -11.153  58.415 0.0000000000
101707  5.216  -11.484  59.145 0.0000000000
101708  3.873  -11.214  58.716 0.0000000000
101713  13.847  -11.070  57.864 0.0000000000
101722  7.101  -11.815  58.306 0.0000000000
101739  13.225  -11.330  56.327 0.0000000000
101747  2.472  -11.549  56.329 0.0000000000
101766  2.106  -12.183  55.066 0.0000000000
101810  2.525  -12.326  51.867 0.0000000000
101832  7.932  -11.187  49.578 0.0000000000
101833  7.685  -11.302  49.605 0.0000000000
101849  8.373  -11.062  49.066 0.0000000000
101850  8.107  -11.196  49.265 0.0000000000
101852  6.832  -11.542  49.048 0.0000000000
101867  8.428  -11.132  48.780 0.0000000000
101888  5.549  -11.829  47.535 0.0000000000
101890  3.902  -11.882  47.077 0.0000000000
101902  8.635  -11.337  47.249 0.0000000000
101923  5.563  -12.130  46.276 0.0000000000
101925  4.003  -12.116  46.080 0.0000000000
101936  7.794  -12.072  45.816 0.0000000000
101945  9.836  -11.288  44.255 0.0000000000
101957  8.709  -12.023  44.323 0.0000000000
103155  7.429  -10.029  60.522 0.0000000000
103157  6.313  -10.234  60.390 0.0000000000
103159  16.172  -10.829  58.421 0.0000000000
103160  15.987  -10.876  58.565 0.0000000000
103161  15.993  -10.943  59.097 0.0000000000
103163  13.697  -10.132  59.444 0.0000000000
103165  12.437  -10.049  59.698 0.0000000000
103167  11.100  -10.053  59.963 0.0000000000
103168  10.406  -9.984  60.162 0.0000000000
103170  8.779  -10.196  60.052 0.0000000000
103174  16.347  -10.850  58.240 0.0000000000
103176  15.503  -10.778  58.684 0.0000000000
103178  14.064  -10.529  59.073 0.0000000000
103185  9.126  -10.444  59.679 0.0000000000
103188  16.691  -10.792  57.898 0.0000000000
103190  12.628  -10.600  58.639 0.0000000000
103198  17.157  -10.941  57.284 0.0000000000
103199  11.935  -10.844  58.129 0.0000000000
103261  6.501  -10.823  51.951 0.0000000000
103277  5.260  -10.994  51.389 0.0000000000
103285  7.651  -10.843  50.515 0.0000000000
103295  8.456  -10.653  49.721 0.0000000000
103298  6.717  -11.381  50.178 0.0000000000
103310  9.037  -10.331  48.866 0.0000000000
103313  4.829  -11.438  49.425 0.0000000000
103314  4.632  -11.390  49.591 0.0000000000
103336  9.727  -10.117  47.460 0.0000000000
103338  8.918  -10.975  47.685 0.0000000000
103348  9.204  -10.889  47.171 0.0000000000
103361  9.361  -11.055  46.536 0.0000000000
103373  9.308  -11.245  46.146 0.0000000000
103386  10.571  -10.290  44.479 0.0000000000
104520  10.788  -9.019  61.107 0.0000000000
104521  10.452  -9.025  61.262 0.0000000000
104524  8.634  -9.232  61.147 0.0000000000
104529  11.534  -9.417  60.444 0.0000000000
104533  8.957  -9.558  60.939 0.0000000000
104536  7.191  -9.558  60.749 0.0000000000
104538  6.049  -9.875  60.442 0.0000000000
104543  12.560  -10.185  59.660 0.0000000000
104544  12.251  -10.180  59.643 0.0000000000
104546  10.671  -10.112  59.955 0.0000000000
104548  5.604  -10.033  60.288 0.0000000000
104550  16.099  -10.088  58.131 0.0000000000
104554  12.199  -10.306  59.435 0.0000000000
104555  10.871  -10.170  59.816 0.0000000000
104556  10.568  -10.242  59.717 0.0000000000
104557  10.123  -10.302  59.723 0.0000000000
104560  16.623  -10.536  57.850 0.0000000000
104561  16.371  -10.317  58.005 0.0000000000
104565  3.646  -9.992  57.922 0.0000000000
104606  6.185  -9.747  54.282 0.0000000000
104642  7.684  -10.181  51.654 0.0000000000
104654  8.585  -9.863  51.002 0.0000000000
104681  9.416  -9.987  48.562 0.0000000000
104691  9.748  -9.798  47.927 0.0000000000
104692  9.429  -10.147  48.151 0.0000000000
104710  10.132  -10.282  46.227 0.0000000000
104720  10.644  -9.737  45.338 0.0000000000
104736  10.918  -9.731  43.750 0.0000000000
105860  9.546  -8.347  61.848 0.0000000000
105861  9.049  -8.427  61.659 0.0000000000
105862  8.552  -8.452  61.454 0.0000000000
105865  12.292  -8.814  60.343 0.0000000000
105866  11.756  -8.751  60.594 0.0000000000
105867  11.025  -9.041  60.959 0.0000000000
105869  10.013  -8.561  61.755 0.0000000000
105870  9.425  -8.755  61.574 0.0000000000
105872  8.366  -9.049  61.004 0.0000000000
105873  7.673  -8.767  61.092 0.0000000000
105876  12.907  -9.066  59.958 0.0000000000
105878  11.640  -9.137  60.527 0.0000000000
105880  7.284  -9.089  60.936 0.0000000000
105882  6.280  -9.359  60.606 0.0000000000
105883  15.232  -9.728  58.767 0.0000000000
105906  3.992  -9.354  56.949 0.0000000000
105923  5.803  -9.145  55.614 0.0000000000
105924  5.251  -9.208  55.864 0.0000000000
105935  6.038  -9.405  54.975 0.0000000000
105975  8.003  -9.305  52.790 0.0000000000
105988  8.618  -9.338  51.652 0.0000000000
106002  9.080  -9.188  50.799 0.0000000000
106028  9.651  -9.023  48.984 0.0000000000
106057  10.596  -9.145  46.502 0.0000000000
107229  8.858  -7.834  61.815 0.0000000000
107232  7.762  -7.733  61.498 0.0000000000
107234  10.713  -8.044  61.723 0.0000000000
107235  10.249  -8.015  61.953 0.0000000000
107236  9.723  -8.038  61.983 0.0000000000
107239  8.215  -8.078  61.526 0.0000000000
107240  7.514  -8.102  61.354 0.0000000000
107242  6.437  -7.898  61.029 0.0000000000
107243  12.426  -8.668  60.208 0.0000000000
107246  10.952  -8.404  61.436 0.0000000000
107248  10.097  -8.243  61.950 0.0000000000
107249  7.290  -8.565  61.139 0.0000000000
107252  5.958  -7.970  60.690 0.0000000000
107253  13.287  -8.785  59.765 0.0000000000
107254  12.610  -8.506  59.952 0.0000000000
107262  5.476  -9.119  60.314 0.0000000000
107264  14.638  -8.723  58.353 0.0000000000
107277  5.364  -8.485  57.058 0.0000000000
107286  5.959  -8.537  56.365 0.0000000000
107310  7.053  -8.458  55.058 0.0000000000
107332  7.968  -8.639  53.555 0.0000000000
107341  8.860  -8.219  52.050 0.0000000000
107342  8.662  -8.330  52.380 0.0000000000
107351  8.935  -8.362  51.774 0.0000000000
107382  9.562  -8.415  49.490 0.0000000000
107407  10.112  -8.459  47.843 0.0000000000
107440  10.818  -8.534  45.342 0.0000000000
108719  8.940  -7.653  61.928 0.0000000000
108720  8.671  -7.675  61.771 0.0000000000
108721  8.216  -7.624  61.595 0.0000000000
108722  7.899  -7.535  61.509 0.0000000000
108723  11.081  -7.802  61.337 0.0000000000
108724  10.879  -7.873  61.514 0.0000000000
108725  10.473  -7.740  61.763 0.0000000000
108728  8.479  -7.341  61.656 0.0000000000
108729  7.945  -7.191  61.520 0.0000000000
108731  6.975  -7.610  61.395 0.0000000000
108732  6.577  -7.707  61.177 0.0000000000
108733  11.929  -7.942  60.590 0.0000000000
108735  11.099  -7.808  61.283 0.0000000000
108736  6.831  -7.003  61.536 0.0000000000
108738  6.260  -7.618  60.984 0.0000000000
108740  12.409  -8.245  59.938 0.0000000000
108742  11.485  -7.772  60.682 0.0000000000
108743  6.154  -7.125  60.970 0.0000000000
108744  5.947  -7.405  60.683 0.0000000000
108745  5.774  -7.762  60.536 0.0000000000
108746  13.225  -8.200  59.217 0.0000000000
108748  12.083  -7.738  59.816 0.0000000000
108754  12.439  -7.682  59.329 0.0000000000
108793  7.427  -7.513  55.255 0.0000000000
108815  8.154  -7.536  53.461 0.0000000000
108816  7.976  -7.696  54.001 0.0000000000
108835  8.893  -7.954  51.972 0.0000000000
108854  9.186  -7.765  50.716 0.0000000000
108910  10.537  -8.049  46.318 0.0000000000
108951  10.416  -7.390  45.300 0.0000000000
110342  10.884  -7.684  61.384 0.0000000000
110344  10.001  -7.229  61.707 0.0000000000
110345  9.512  -7.192  61.772 0.0000000000
110346  8.879  -7.032  61.698 0.0000000000
110348  7.584  -6.873  61.613 0.0000000000
110349  7.200  -6.617  61.699 0.0000000000
110350  11.283  -7.681  60.850 0.0000000000
110351  10.969  -7.543  61.087 0.0000000000
110354  9.164  -6.882  61.517 0.0000000000
110357  6.795  -6.689  61.507 0.0000000000
110358  6.494  -6.406  61.218 0.0000000000
110359  11.781  -7.673  60.129 0.0000000000
110361  10.792  -7.138  60.785 0.0000000000
110362  10.514  -6.986  60.903 0.0000000000
110366  11.553  -7.254  59.931 0.0000000000
110367  6.066  -6.751  60.820 0.0000000000
110373  12.201  -7.299  59.106 0.0000000000
110386  6.672  -6.742  56.854 0.0000000000
110434  8.140  -7.113  53.050 0.0000000000
110442  8.269  -6.922  52.467 0.0000000000
110553  9.884  -6.986  46.110 0.0000000000
110555  9.017  -6.480  47.006 0.0000000000
110605  9.519  -6.240  44.399 0.0000000000
110633  10.197  -6.117  43.045 0.0000000000
111877  8.553  -6.825  61.487 0.0000000000
111878  8.309  -6.721  61.465 0.0000000000
111880  7.452  -6.461  61.620 0.0000000000
111881  10.375  -6.919  60.963 0.0000000000
111885  8.015  -6.285  61.356 0.0000000000
111888  6.724  -6.215  61.323 0.0000000000
111889  11.301  -7.166  60.167 0.0000000000
111892  9.793  -6.357  60.879 0.0000000000
111894  8.610  -6.017  60.975 0.0000000000
111896  6.392  -5.924  61.074 0.0000000000
111902  11.415  -6.731  59.399 0.0000000000
111903  11.071  -6.326  59.219 0.0000000000
111904  10.911  -6.061  58.922 0.0000000000
111926  6.826  -6.337  56.572 0.0000000000
111934  7.359  -6.520  55.510 0.0000000000
111943  7.448  -6.428  55.240 0.0000000000
111983  8.178  -6.481  52.072 0.0000000000
112021  5.549  -5.334  48.864 0.0000000000
112037  4.295  -5.306  48.250 0.0000000000
112052  3.732  -5.377  47.650 0.0000000000
112068  3.698  -5.530  47.255 0.0000000000
112116  8.011  -5.567  44.267 0.0000000000
112130  8.678  -5.623  43.872 0.0000000000
112131  8.346  -5.577  44.044 0.0000000000
112132  6.881  -5.309  43.700 0.0000000000
112144  9.409  -5.638  42.970 0.0000000000
112145  5.168  -5.451  43.024 0.0000000000
112148  3.652  -5.758  43.569 0.0000000000
112159  4.166  -5.613  42.801 0.0000000000
113433  7.651  -5.872  61.157 0.0000000000
113434  7.234  -5.862  61.221 0.0000000000
113435  7.002  -5.894  61.239 0.0000000000
113437  9.454  -5.995  60.544 0.0000000000
113439  8.269  -5.507  60.750 0.0000000000
113442  6.785  -5.532  61.049 0.0000000000
113444  10.703  -6.109  59.553 0.0000000000
113447  9.194  -5.602  60.290 0.0000000000
113449  5.765  -5.199  60.249 0.0000000000
113454  9.328  -5.319  59.853 0.0000000000
113456  5.286  -5.005  59.183 0.0000000000
113465  5.571  -4.877  58.084 0.0000000000
113469  6.081  -5.169  57.285 0.0000000000
113496  6.989  -5.338  54.208 0.0000000000
113506  6.950  -5.255  53.517 0.0000000000
113518  6.953  -5.167  52.856 0.0000000000
113543  5.305  -4.710  50.837 0.0000000000
113558  4.608  -4.908  49.864 0.0000000000
113569  4.416  -5.077  49.271 0.0000000000
113571  3.488  -4.908  48.881 0.0000000000
113579  4.262  -5.178  48.658 0.0000000000
113590  4.045  -5.241  48.256 0.0000000000
113620  2.817  -5.094  45.745 0.0000000000
113627  7.950  -5.456  43.995 0.0000000000
113636  8.976  -5.524  43.394 0.0000000000
113641  6.088  -5.310  43.237 0.0000000000
113652  7.072  -5.182  42.882 0.0000000000
113669  5.191  -5.202  42.225 0.0000000000
113670  4.514  -5.398  42.312 0.0000000000
113671  3.783  -5.552  42.469 0.0000000000
113672  3.094  -5.136  42.250 0.0000000000
113684  5.511  -4.855  41.672 0.0000000000
113688  3.001  -4.917  41.684 0.0000000000
113699  6.407  -4.877  40.785 0.0000000000
113735  4.695  -5.024  39.442 0.0000000000
114819  8.066  -5.162  60.637 0.0000000000
114820  7.826  -5.120  60.704 0.0000000000
114823  6.389  -5.254  60.867 0.0000000000
114824  8.315  -5.098  60.436 0.0000000000
114828  9.711  -5.088  59.211 0.0000000000
114839  5.621  -4.652  57.696 0.0000000000
114898  5.550  -4.520  51.941 0.0000000000
114925  3.442  -4.854  49.180 0.0000000000
114934  3.014  -4.429  48.227 0.0000000000
114944  2.935  -4.433  47.535 0.0000000000
114954  2.862  -4.456  46.830 0.0000000000
114995  6.069  -4.947  41.973 0.0000000000
114996  5.894  -5.168  42.041 0.0000000000
115004  5.889  -4.843  41.821 0.0000000000
115006  2.909  -4.573  41.370 0.0000000000
115013  3.032  -4.692  40.956 0.0000000000
115029  3.999  -4.388  39.066 0.0000000000
116111  8.009  -4.841  60.529 0.0000000000
116112  7.753  -4.685  60.546 0.0000000000
116114  6.893  -4.284  60.511 0.0000000000
116123  7.126  -3.468  59.831 0.0000000000
116205  3.055  -3.588  50.089 0.0000000000
116294  3.425  -3.627  46.194 0.0000000000
116313  3.452  -3.729  45.635 0.0000000000
116327  3.912  -3.608  44.689 0.0000000000
116328  3.449  -3.785  45.029 0.0000000000
116340  3.938  -3.592  44.077 0.0000000000
116353  3.960  -3.487  43.596 0.0000000000
116380  2.837  -4.009  41.502 0.0000000000
117615  7.052  -4.030  60.383 0.0000000000
117616  6.859  -4.037  60.391 0.0000000000
117617  7.043  -3.808  60.165 0.0000000000
117618  6.866  -3.888  60.247 0.0000000000
117629  5.155  -2.909  58.401 0.0000000000
117644  4.013  -2.774  55.115 0.0000000000
117657  3.661  -2.814  54.175 0.0000000000
117728  4.483  -2.327  49.896 0.0000000000
117745  5.786  -2.251  48.990 0.0000000000
117761  5.839  -2.324  48.723 0.0000000000
117788  6.377  -2.495  47.367 0.0000000000
117804  3.801  -3.493  45.869 0.0000000000
119090  5.505  -2.096  58.167 0.0000000000
119091  7.975  -2.422  57.543 0.0000000000
119096  4.823  -2.472  57.322 0.0000000000
119101  4.511  -2.411  56.840 0.0000000000
119125  3.751  -2.232  54.024 0.0000000000
119152  4.989  -1.784  51.907 0.0000000000
119167  5.671  -1.849  51.096 0.0000000000
119184  6.402  -1.859  50.356 0.0000000000
119188  4.103  -2.212  50.935 0.0000000000
119206  5.345  -2.063  50.105 0.0000000000
119208  4.347  -2.211  50.515 0.0000000000
119217  7.288  -1.793  48.730 0.0000000000
119221  5.058  -2.185  49.813 0.0000000000
119230  7.303  -1.952  48.035 0.0000000000
119245  6.704  -2.279  47.742 0.0000000000
119291  6.420  -2.247  43.257 0.0000000000
120544  5.091  -1.802  57.274 0.0000000000
120578  5.308  -1.074  53.603 0.0000000000
