#!ascii label  , from subject FS6EXPERT_subj01_ver10 vox2ras=TkReg
1490
103564  25.215  -10.885  32.835 0.0000000000
129442  38.652  3.771  20.715 0.0000000000
116658  31.459  -3.293  26.577 0.0000000000
87868  12.637  -18.604  44.279 0.0000000000
106121  20.667  -8.916  39.420 0.0000000000
122530  33.345  -0.162  25.487 0.0000000000
89622  18.246  -17.860  40.007 0.0000000000
82891  16.430  -21.022  43.726 0.0000000000
92709  21.206  -16.132  38.848 0.0000000000
128140  43.807  2.815  19.064 0.0000000000
109199  28.246  -7.312  32.451 0.0000000000
109247  30.325  -7.605  29.059 0.0000000000
102175  30.663  -11.394  32.240 0.0000000000
135216  42.212  6.925  19.135 0.0000000000
133724  46.011  5.948  16.387 0.0000000000
130778  35.898  4.050  23.641 0.0000000000
122581  39.740  -0.169  23.101 0.0000000000
121114  35.699  -1.082  23.370 0.0000000000
115281  36.103  -4.689  25.518 0.0000000000
98813  25.167  -13.113  36.930 0.0000000000
86118  10.540  -19.953  47.505 0.0000000000
86087  6.202  -18.979  49.369 0.0000000000
92515  4.727  -16.231  53.081 0.0000000000
107608  22.561  -8.816  35.665 0.0000000000
98766  22.714  -13.560  38.347 0.0000000000
119531  28.300  -2.056  28.768 0.0000000000
115147  32.645  -4.458  30.698 0.0000000000
138161  49.458  8.363  14.600 0.0000000000
128129  41.125  3.069  19.370 0.0000000000
126771  41.378  1.859  21.705 0.0000000000
106237  26.710  -9.048  31.950 0.0000000000
103628  28.530  -10.557  30.283 0.0000000000
100606  27.801  -12.251  32.003 0.0000000000
133641  38.407  5.991  21.597 0.0000000000
135192  41.474  7.027  20.625 0.0000000000
132301  40.416  4.996  19.177 0.0000000000
130894  42.561  4.652  17.975 0.0000000000
81101  3.792  -21.273  54.083 0.0000000000
125379  36.037  1.163  23.450 0.0000000000
125370  35.430  1.305  24.710 0.0000000000
119595  32.146  -1.878  25.694 0.0000000000
118193  33.696  -2.494  24.796 0.0000000000
115267  33.842  -4.573  25.899 0.0000000000
113912  34.021  -5.094  28.034 0.0000000000
86209  14.293  -19.940  43.887 0.0000000000
82796  15.785  -21.434  46.500 0.0000000000
86174  13.528  -19.990  45.808 0.0000000000
84431  13.161  -20.250  48.235 0.0000000000
86160  11.193  -19.343  46.144 0.0000000000
90983  7.007  -17.021  48.116 0.0000000000
87759  4.986  -18.331  50.970 0.0000000000
107583  21.448  -8.848  37.352 0.0000000000
102069  22.142  -11.588  36.588 0.0000000000
102032  21.040  -11.622  37.603 0.0000000000
87916  21.713  -19.067  41.267 0.0000000000
91068  23.118  -17.556  41.046 0.0000000000
107674  33.632  -8.638  31.229 0.0000000000
112318  31.952  -5.916  29.744 0.0000000000
123919  35.212  0.906  26.368 0.0000000000
125345  32.487  1.227  26.758 0.0000000000
122512  30.376  -0.245  27.010 0.0000000000
84559  19.782  -20.252  41.887 0.0000000000
82888  18.834  -21.143  43.935 0.0000000000
86252  17.335  -19.817  41.619 0.0000000000
87918  15.373  -18.877  42.265 0.0000000000
89585  13.584  -17.900  43.109 0.0000000000
100407  20.167  -12.784  38.757 0.0000000000
97248  19.508  -13.980  39.601 0.0000000000
89646  19.682  -17.624  39.451 0.0000000000
113834  28.196  -5.272  32.793 0.0000000000
113864  27.550  -4.977  30.702 0.0000000000
109234  28.509  -7.794  30.354 0.0000000000
103624  31.202  -10.124  30.098 0.0000000000
138133  45.973  8.494  16.724 0.0000000000
135229  43.933  6.774  17.390 0.0000000000
130891  44.928  4.333  17.873 0.0000000000
129429  36.838  4.220  22.269 0.0000000000
126755  39.443  1.748  22.329 0.0000000000
126757  37.536  1.968  22.431 0.0000000000
122598  37.548  -0.341  22.706 0.0000000000
118205  38.313  -2.915  23.942 0.0000000000
122567  34.287  -0.543  24.617 0.0000000000
118208  35.951  -3.053  23.944 0.0000000000
100526  25.242  -12.807  34.743 0.0000000000
98907  28.111  -13.029  34.713 0.0000000000
133609  38.021  6.400  23.973 0.0000000000
89558  10.561  -17.430  45.347 0.0000000000
87815  9.059  -18.332  46.311 0.0000000000
84417  8.555  -20.088  48.494 0.0000000000
82738  7.954  -20.863  50.259 0.0000000000
84350  5.728  -20.954  51.498 0.0000000000
86027  4.077  -19.817  52.367 0.0000000000
87732  3.429  -18.622  53.503 0.0000000000
89459  2.646  -17.941  54.545 0.0000000000
104854  24.119  -10.256  33.818 0.0000000000
102089  23.426  -11.826  35.522 0.0000000000
100403  23.975  -12.864  38.036 0.0000000000
95731  22.173  -14.834  38.846 0.0000000000
118139  29.484  -2.215  27.758 0.0000000000
115196  28.655  -4.322  29.197 0.0000000000
116598  29.891  -3.860  29.050 0.0000000000
116621  31.636  -4.067  28.014 0.0000000000
102087  30.686  -11.696  35.545 0.0000000000
136724  50.065  7.597  12.628 0.0000000000
135244  47.960  6.601  15.302 0.0000000000
133742  49.820  6.028  14.246 0.0000000000
128115  39.645  3.280  20.104 0.0000000000
128094  41.151  2.216  20.826 0.0000000000
128095  40.520  2.463  20.752 0.0000000000
104881  25.842  -9.920  32.313 0.0000000000
102199  26.904  -10.865  31.263 0.0000000000
102160  26.679  -11.998  32.135 0.0000000000
130833  38.499  4.997  20.750 0.0000000000
133672  39.229  5.571  20.445 0.0000000000
130831  39.365  4.500  20.011 0.0000000000
129466  40.424  3.979  19.282 0.0000000000
82630  3.449  -20.899  54.230 0.0000000000
126701  35.593  2.127  25.122 0.0000000000
125362  35.601  1.442  25.405 0.0000000000
118177  31.553  -2.643  26.147 0.0000000000
116695  32.574  -3.038  25.435 0.0000000000
115269  32.426  -3.722  25.952 0.0000000000
113941  33.553  -4.992  27.153 0.0000000000
115232  32.621  -4.519  27.307 0.0000000000
87867  13.227  -19.163  44.237 0.0000000000
84506  14.212  -20.324  44.778 0.0000000000
86175  12.831  -19.538  45.497 0.0000000000
86158  12.988  -19.873  46.622 0.0000000000
86176  12.145  -19.271  45.402 0.0000000000
107545  21.025  -8.622  38.467 0.0000000000
104800  20.810  -10.270  37.622 0.0000000000
104801  20.477  -10.384  38.102 0.0000000000
86228  21.672  -19.877  42.734 0.0000000000
119481  27.357  -2.233  32.222 0.0000000000
109207  34.527  -7.584  31.653 0.0000000000
123924  31.422  0.226  26.554 0.0000000000
125327  30.826  1.120  27.580 0.0000000000
86292  18.809  -19.310  40.475 0.0000000000
84579  18.546  -20.147  41.622 0.0000000000
87932  17.756  -19.251  40.794 0.0000000000
87917  16.031  -18.862  41.788 0.0000000000
89595  15.209  -18.154  42.240 0.0000000000
87900  14.639  -18.880  42.753 0.0000000000
100365  19.430  -12.363  39.964 0.0000000000
92691  18.673  -16.609  40.000 0.0000000000
92690  19.084  -16.162  39.767 0.0000000000
87977  19.310  -17.903  39.640 0.0000000000
87951  20.003  -18.860  40.038 0.0000000000
112300  27.990  -5.978  31.742 0.0000000000
109209  28.243  -7.405  31.689 0.0000000000
102195  29.901  -11.684  31.191 0.0000000000
103626  30.003  -10.575  30.029 0.0000000000
103606  30.655  -11.040  30.791 0.0000000000
104896  32.165  -10.222  31.680 0.0000000000
103561  32.201  -10.175  33.407 0.0000000000
135205  41.456  6.671  19.748 0.0000000000
136679  44.127  7.662  17.596 0.0000000000
135222  43.415  6.836  17.728 0.0000000000
129481  43.188  3.385  18.388 0.0000000000
130892  44.177  4.428  17.884 0.0000000000
129479  44.718  3.334  18.670 0.0000000000
129411  36.151  3.947  23.046 0.0000000000
128064  36.984  2.879  22.397 0.0000000000
128065  36.205  3.027  22.879 0.0000000000
123986  35.898  0.357  23.389 0.0000000000
124005  36.441  0.002  22.943 0.0000000000
121125  36.602  -1.075  22.955 0.0000000000
119636  37.922  -1.965  23.248 0.0000000000
119637  36.965  -2.010  23.241 0.0000000000
123938  33.815  0.411  25.788 0.0000000000
123955  34.589  0.279  25.200 0.0000000000
122549  33.865  -0.443  25.017 0.0000000000
116691  34.884  -3.944  24.743 0.0000000000
116707  34.617  -3.281  24.433 0.0000000000
115292  35.545  -4.086  24.730 0.0000000000
116704  37.340  -3.771  24.456 0.0000000000
98834  25.621  -13.195  36.304 0.0000000000
98858  26.763  -13.264  35.746 0.0000000000
130768  36.449  4.762  25.247 0.0000000000
132204  36.856  5.456  23.873 0.0000000000
132223  37.014  5.265  22.557 0.0000000000
82864  17.635  -21.381  44.311 0.0000000000
82840  17.178  -21.599  44.999 0.0000000000
86116  12.013  -19.870  48.127 0.0000000000
86095  12.416  -20.079  49.078 0.0000000000
86097  11.391  -20.162  48.620 0.0000000000
84414  10.309  -20.373  49.146 0.0000000000
92588  9.624  -16.489  45.854 0.0000000000
87835  9.842  -18.188  45.893 0.0000000000
90999  8.566  -17.016  46.545 0.0000000000
87782  6.677  -18.407  48.554 0.0000000000
86102  7.503  -19.084  48.115 0.0000000000
86085  7.530  -19.710  48.757 0.0000000000
84399  7.652  -20.222  49.308 0.0000000000
84384  6.952  -20.562  50.066 0.0000000000
84366  6.680  -20.875  50.713 0.0000000000
84385  6.194  -20.161  50.156 0.0000000000
90952  4.755  -17.429  51.747 0.0000000000
86044  4.655  -19.444  51.318 0.0000000000
87743  4.146  -18.523  52.386 0.0000000000
86011  3.838  -19.620  52.728 0.0000000000
90935  3.886  -17.451  53.327 0.0000000000
109157  23.938  -7.840  35.519 0.0000000000
107621  24.043  -8.662  34.475 0.0000000000
106181  23.450  -9.242  34.658 0.0000000000
103532  23.355  -10.993  34.614 0.0000000000
104840  22.728  -10.381  35.185 0.0000000000
100426  22.616  -12.681  37.525 0.0000000000
100454  22.822  -12.303  36.941 0.0000000000
100404  23.641  -13.000  38.266 0.0000000000
95733  20.843  -14.765  38.753 0.0000000000
97259  21.075  -14.050  38.603 0.0000000000
94246  21.927  -15.481  38.869 0.0000000000
91067  23.648  -16.854  40.823 0.0000000000
125385  39.660  1.153  22.730 0.0000000000
125384  40.264  1.300  22.812 0.0000000000
123983  40.743  0.378  23.524 0.0000000000
122477  28.548  -0.566  28.596 0.0000000000
122476  29.019  -0.656  28.041 0.0000000000
119548  29.019  -1.895  28.095 0.0000000000
112333  28.509  -6.168  29.644 0.0000000000
113894  27.788  -4.608  29.847 0.0000000000
112332  29.397  -6.166  29.126 0.0000000000
113871  32.217  -5.304  30.126 0.0000000000
115193  30.813  -4.614  29.421 0.0000000000
116570  31.232  -4.048  29.675 0.0000000000
116596  31.447  -3.860  28.993 0.0000000000
116569  31.969  -3.958  29.812 0.0000000000
116594  33.343  -4.027  29.323 0.0000000000
100524  29.450  -12.489  35.045 0.0000000000
138166  49.482  8.447  13.731 0.0000000000
136694  45.993  7.250  16.161 0.0000000000
138156  46.735  7.833  15.936 0.0000000000
135245  47.180  6.546  15.499 0.0000000000
133744  48.873  5.314  15.053 0.0000000000
132352  50.187  4.991  14.466 0.0000000000
91080  17.862  -17.159  40.385 0.0000000000
89605  17.219  -18.000  40.667 0.0000000000
128127  42.653  2.644  19.415 0.0000000000
128109  44.201  2.252  20.273 0.0000000000
126806  42.828  2.043  20.631 0.0000000000
107662  27.328  -8.230  32.350 0.0000000000
107690  27.748  -8.512  31.133 0.0000000000
104913  27.333  -9.929  30.881 0.0000000000
102197  28.115  -11.462  30.900 0.0000000000
102159  29.708  -12.075  32.478 0.0000000000
135161  40.985  7.184  22.039 0.0000000000
135181  40.081  6.720  21.193 0.0000000000
133670  40.313  6.144  19.995 0.0000000000
133683  41.150  6.201  19.242 0.0000000000
133708  41.928  5.633  18.295 0.0000000000
130873  41.054  4.685  18.819 0.0000000000
128143  41.873  3.242  18.837 0.0000000000
81099  5.063  -21.754  54.022 0.0000000000
129399  35.604  3.634  24.591 0.0000000000
128053  35.744  2.928  23.360 0.0000000000
126717  35.537  2.025  24.365 0.0000000000
125380  35.624  1.071  23.953 0.0000000000
123987  35.439  0.270  23.846 0.0000000000
122551  32.765  -0.866  25.408 0.0000000000
121089  33.336  -1.218  25.039 0.0000000000
119611  33.046  -1.865  25.182 0.0000000000
115284  33.683  -3.928  25.283 0.0000000000
115266  34.626  -4.776  25.818 0.0000000000
113939  34.800  -5.235  27.067 0.0000000000
113910  35.120  -5.290  28.460 0.0000000000
98762  25.537  -13.139  38.666 0.0000000000
82893  15.386  -20.803  43.944 0.0000000000
82841  16.442  -21.398  45.035 0.0000000000
82868  14.893  -20.785  44.736 0.0000000000
84465  14.565  -20.850  45.824 0.0000000000
84447  14.051  -20.782  47.034 0.0000000000
86139  12.087  -19.691  47.248 0.0000000000
86140  11.295  -19.657  46.931 0.0000000000
92570  7.700  -16.281  47.423 0.0000000000
92553  6.679  -16.367  48.940 0.0000000000
89503  5.935  -17.717  49.621 0.0000000000
87775  5.613  -18.778  50.053 0.0000000000
90959  5.430  -17.043  50.752 0.0000000000
92530  5.334  -16.179  51.638 0.0000000000
93998  5.296  -15.310  53.069 0.0000000000
107599  22.019  -8.859  36.342 0.0000000000
103518  22.073  -10.403  35.957 0.0000000000
104819  21.496  -10.129  36.675 0.0000000000
102051  21.424  -11.580  37.243 0.0000000000
98792  21.766  -12.880  38.002 0.0000000000
89644  21.310  -18.143  39.789 0.0000000000
91078  22.213  -17.591  39.923 0.0000000000
89604  22.342  -18.378  40.997 0.0000000000
119633  40.049  -1.322  23.646 0.0000000000
119516  27.501  -1.920  29.810 0.0000000000
107701  32.234  -8.366  29.666 0.0000000000
110822  31.314  -6.920  29.200 0.0000000000
109220  33.298  -7.605  30.205 0.0000000000
112308  33.507  -6.202  30.652 0.0000000000
139629  48.872  8.562  15.886 0.0000000000
85963  2.486  -20.006  54.996 0.0000000000
125342  34.930  1.256  26.920 0.0000000000
123921  33.561  0.891  26.281 0.0000000000
123922  32.783  0.796  26.320 0.0000000000
123941  31.842  0.174  26.278 0.0000000000
122533  31.287  -0.673  26.365 0.0000000000
118178  31.113  -2.141  26.377 0.0000000000
84537  20.427  -20.383  42.696 0.0000000000
84503  20.461  -21.037  44.426 0.0000000000
84538  19.494  -20.591  42.787 0.0000000000
84539  18.469  -20.744  42.889 0.0000000000
84521  17.179  -20.723  43.005 0.0000000000
86271  17.028  -19.358  41.315 0.0000000000
86253  16.522  -19.665  41.876 0.0000000000
84523  15.974  -20.710  43.249 0.0000000000
86231  14.886  -19.795  43.088 0.0000000000
87901  13.900  -18.803  43.256 0.0000000000
87883  12.903  -18.343  43.771 0.0000000000
103463  20.030  -10.867  38.896 0.0000000000
102007  19.667  -11.821  39.428 0.0000000000
98770  20.012  -13.342  38.937 0.0000000000
95734  20.077  -14.763  38.989 0.0000000000
97237  19.224  -14.160  40.038 0.0000000000
94228  19.678  -15.448  39.367 0.0000000000
91115  20.293  -16.756  38.951 0.0000000000
87975  20.523  -18.477  39.822 0.0000000000
86249  20.716  -19.876  41.601 0.0000000000
115112  27.859  -4.263  32.782 0.0000000000
116501  27.473  -3.729  32.186 0.0000000000
113844  27.655  -4.794  31.974 0.0000000000
112319  27.963  -6.127  30.485 0.0000000000
109249  29.248  -7.762  29.459 0.0000000000
106271  28.702  -9.000  29.898 0.0000000000
106270  29.300  -8.994  29.459 0.0000000000
106286  30.923  -9.108  29.402 0.0000000000
104910  32.487  -9.514  30.717 0.0000000000
106218  33.551  -9.285  32.341 0.0000000000
139613  45.149  8.503  17.345 0.0000000000
136696  44.856  7.256  16.811 0.0000000000
133725  45.354  6.203  16.715 0.0000000000
132313  43.016  5.260  17.809 0.0000000000
132324  44.508  5.422  17.416 0.0000000000
129427  37.897  3.679  21.494 0.0000000000
128077  39.176  2.678  21.390 0.0000000000
128062  38.421  2.572  21.995 0.0000000000
126756  38.558  2.036  22.249 0.0000000000
124002  38.567  0.539  22.596 0.0000000000
126758  36.520  1.971  22.850 0.0000000000
124003  37.791  0.428  22.627 0.0000000000
121122  38.752  -0.771  22.871 0.0000000000
119635  38.873  -1.791  23.424 0.0000000000
119622  39.346  -2.160  23.898 0.0000000000
123936  35.278  0.806  25.671 0.0000000000
123971  34.790  0.181  24.711 0.0000000000
121115  35.064  -1.065  23.793 0.0000000000
119626  34.145  -1.812  24.393 0.0000000000
119625  34.656  -1.746  24.055 0.0000000000
119639  35.455  -1.641  23.539 0.0000000000
118207  36.833  -3.173  23.986 0.0000000000
102127  25.309  -12.313  33.626 0.0000000000
100570  26.532  -12.566  33.334 0.0000000000
98910  26.282  -12.986  34.534 0.0000000000
98856  28.008  -13.265  35.691 0.0000000000
135146  38.256  6.379  22.734 0.0000000000
132235  37.755  5.121  21.531 0.0000000000
91028  12.285  -17.185  44.268 0.0000000000
92613  11.522  -16.466  44.664 0.0000000000
89556  11.620  -17.760  44.822 0.0000000000
87833  11.192  -18.749  45.646 0.0000000000
86161  10.481  -18.982  46.066 0.0000000000
86119  9.681  -19.795  47.268 0.0000000000
87817  8.175  -18.351  47.085 0.0000000000
86120  8.835  -19.496  47.261 0.0000000000
86099  9.793  -20.182  48.072 0.0000000000
84397  9.204  -20.385  49.347 0.0000000000
84364  8.755  -20.765  50.503 0.0000000000
82693  5.810  -21.391  52.333 0.0000000000
86058  5.230  -19.441  50.705 0.0000000000
84351  5.192  -20.633  51.657 0.0000000000
82673  4.887  -21.237  52.755 0.0000000000
82675  4.128  -20.840  53.157 0.0000000000
84307  3.458  -20.202  53.743 0.0000000000
85977  3.083  -19.309  53.923 0.0000000000
89467  3.509  -17.721  53.791 0.0000000000
87717  3.125  -18.403  53.942 0.0000000000
85978  2.634  -19.560  54.497 0.0000000000
106221  25.487  -9.706  32.702 0.0000000000
106192  24.849  -9.009  33.673 0.0000000000
104870  24.569  -10.395  33.378 0.0000000000
102129  24.151  -11.552  34.131 0.0000000000
100528  24.185  -12.202  34.964 0.0000000000
98815  24.345  -12.675  36.403 0.0000000000
102068  22.551  -11.628  36.273 0.0000000000
100453  23.512  -12.443  36.901 0.0000000000
98789  24.733  -12.917  37.452 0.0000000000
100406  20.573  -12.480  38.318 0.0000000000
98768  21.301  -13.229  38.291 0.0000000000
97257  22.509  -14.191  38.720 0.0000000000
92667  22.758  -16.572  39.532 0.0000000000
94226  23.037  -15.533  39.445 0.0000000000
95707  23.611  -14.789  39.933 0.0000000000
126773  40.039  2.093  21.978 0.0000000000
123904  30.005  0.146  27.478 0.0000000000
119579  30.242  -1.671  26.936 0.0000000000
118157  30.882  -2.790  26.865 0.0000000000
116545  27.313  -3.594  30.760 0.0000000000
116572  27.562  -3.345  29.993 0.0000000000
118100  27.861  -2.691  29.343 0.0000000000
113891  29.862  -5.337  29.093 0.0000000000
115195  29.473  -4.484  29.091 0.0000000000
118098  29.098  -3.104  28.670 0.0000000000
118119  29.430  -2.877  28.362 0.0000000000
118137  30.520  -3.249  27.669 0.0000000000
116642  31.467  -3.784  27.143 0.0000000000
115215  32.739  -4.514  28.123 0.0000000000
100568  28.333  -12.667  33.468 0.0000000000
100566  29.574  -12.118  33.509 0.0000000000
102124  30.872  -11.100  34.087 0.0000000000
102064  31.785  -11.013  35.786 0.0000000000
103547  31.492  -10.670  33.981 0.0000000000
139657  49.853  9.055  12.030 0.0000000000
138154  47.899  7.952  15.645 0.0000000000
136703  48.948  7.403  14.987 0.0000000000
133734  47.693  5.775  15.473 0.0000000000
135243  48.669  6.710  14.996 0.0000000000
136713  49.302  7.321  14.676 0.0000000000
135259  49.894  6.524  13.646 0.0000000000
135265  50.819  6.326  12.661 0.0000000000
128116  39.092  3.627  20.364 0.0000000000
128096  39.742  2.755  20.731 0.0000000000
103577  25.548  -10.765  32.556 0.0000000000
103576  25.865  -10.695  32.228 0.0000000000
102161  26.076  -11.577  32.304 0.0000000000
130821  38.520  4.251  20.687 0.0000000000
130832  38.779  4.685  20.501 0.0000000000
129453  38.938  4.114  20.341 0.0000000000
129452  39.403  3.885  19.941 0.0000000000
82631  3.023  -21.000  54.906 0.0000000000
116675  32.159  -3.112  25.763 0.0000000000
116657  31.966  -3.601  26.245 0.0000000000
115249  32.407  -4.177  26.532 0.0000000000
115250  31.832  -3.849  26.730 0.0000000000
86192  12.942  -19.274  44.722 0.0000000000
87850  12.459  -19.118  44.932 0.0000000000
106132  20.673  -9.046  38.939 0.0000000000
106143  20.505  -9.992  38.223 0.0000000000
106133  20.404  -9.705  38.777 0.0000000000
84517  21.390  -20.255  43.371 0.0000000000
84516  21.964  -20.006  43.658 0.0000000000
119473  27.574  -2.238  32.998 0.0000000000
86269  18.292  -19.706  41.095 0.0000000000
87953  18.045  -18.760  40.426 0.0000000000
91079  18.436  -17.064  40.014 0.0000000000
91103  18.934  -16.962  39.722 0.0000000000
89621  18.828  -17.631  39.719 0.0000000000
87952  19.043  -18.561  39.911 0.0000000000
110783  28.250  -6.669  32.057 0.0000000000
102194  30.539  -11.491  31.562 0.0000000000
103590  31.085  -11.064  31.760 0.0000000000
103574  31.729  -10.590  32.187 0.0000000000
103575  31.177  -10.925  32.577 0.0000000000
135204  42.100  7.162  20.038 0.0000000000
136664  42.580  7.423  19.597 0.0000000000
136674  42.822  7.455  18.923 0.0000000000
136681  43.125  7.437  18.428 0.0000000000
135223  42.853  6.860  18.213 0.0000000000
129480  43.947  3.226  18.556 0.0000000000
129464  44.303  2.969  18.986 0.0000000000
129478  45.421  3.350  18.882 0.0000000000
81116  6.191  -21.593  53.082 0.0000000000
130788  36.000  4.031  23.374 0.0000000000
129420  36.168  3.499  22.913 0.0000000000
129412  35.963  3.702  23.181 0.0000000000
122582  36.057  -0.550  23.123 0.0000000000
122600  36.480  -0.525  22.918 0.0000000000
119648  36.734  -1.592  23.095 0.0000000000
121113  36.121  -1.112  23.140 0.0000000000
123956  34.095  0.219  25.403 0.0000000000
122529  33.757  0.044  25.380 0.0000000000
115282  35.261  -4.474  25.267 0.0000000000
115291  35.911  -4.326  25.003 0.0000000000
98812  25.885  -13.226  37.095 0.0000000000
130769  36.040  4.475  24.748 0.0000000000
132196  36.711  5.276  24.772 0.0000000000
130777  36.055  4.480  24.040 0.0000000000
130787  36.180  4.325  23.302 0.0000000000
82890  17.272  -20.995  43.548 0.0000000000
82865  16.834  -21.327  44.314 0.0000000000
86117  11.339  -19.946  47.798 0.0000000000
86083  10.829  -20.301  49.220 0.0000000000
86098  10.596  -20.280  48.432 0.0000000000
92589  9.168  -16.453  46.193 0.0000000000
87783  6.313  -18.664  49.076 0.0000000000
86103  7.013  -18.831  48.406 0.0000000000
86086  6.706  -19.259  48.970 0.0000000000
84400  7.063  -19.959  49.333 0.0000000000
86071  6.539  -19.906  49.652 0.0000000000
86072  5.933  -19.373  49.900 0.0000000000
90944  4.522  -17.212  52.387 0.0000000000
89481  4.396  -17.989  52.087 0.0000000000
89473  4.056  -17.819  52.750 0.0000000000
90934  4.352  -16.845  53.147 0.0000000000
107597  22.889  -8.328  35.803 0.0000000000
109142  23.279  -7.825  36.171 0.0000000000
109158  23.397  -8.179  35.531 0.0000000000
107622  23.588  -8.716  34.817 0.0000000000
106171  22.789  -9.277  35.255 0.0000000000
106182  22.870  -9.819  35.018 0.0000000000
104827  22.401  -10.013  35.534 0.0000000000
98790  22.881  -13.090  38.022 0.0000000000
98765  23.356  -13.399  38.539 0.0000000000
98746  23.829  -13.613  39.092 0.0000000000
97246  23.520  -14.190  39.279 0.0000000000
94247  21.316  -15.435  38.815 0.0000000000
92708  21.701  -15.972  38.869 0.0000000000
123985  39.649  0.480  22.938 0.0000000000
125378  40.064  0.881  23.003 0.0000000000
123984  40.173  0.393  23.223 0.0000000000
122464  27.802  -0.970  29.442 0.0000000000
122463  28.086  -0.427  29.433 0.0000000000
121008  28.094  -1.212  29.021 0.0000000000
121025  28.537  -1.475  28.471 0.0000000000
119549  28.646  -1.952  28.420 0.0000000000
110825  29.061  -7.066  29.391 0.0000000000
113863  32.496  -4.863  30.443 0.0000000000
115169  31.647  -4.593  29.934 0.0000000000
115168  32.158  -4.475  30.303 0.0000000000
116544  32.364  -3.895  30.523 0.0000000000
116568  32.937  -3.651  30.077 0.0000000000
139640  49.490  9.154  14.387 0.0000000000
135234  45.996  6.621  16.179 0.0000000000
135246  46.441  6.574  15.909 0.0000000000
133736  46.424  5.990  16.033 0.0000000000
92658  18.031  -16.109  41.239 0.0000000000
92670  17.761  -16.706  40.747 0.0000000000
92669  18.309  -16.305  40.598 0.0000000000
128128  41.919  2.781  19.394 0.0000000000
128111  42.760  2.360  20.024 0.0000000000
128112  42.072  2.447  19.988 0.0000000000
128074  41.205  2.035  21.231 0.0000000000
126791  42.177  1.882  21.150 0.0000000000
107677  27.019  -8.570  32.103 0.0000000000
106236  27.133  -9.020  31.451 0.0000000000
104897  26.975  -9.487  31.313 0.0000000000
102179  27.569  -11.794  31.427 0.0000000000
102198  27.355  -11.161  31.045 0.0000000000
102178  28.385  -12.015  31.492 0.0000000000
102177  29.281  -12.079  31.779 0.0000000000
100605  28.571  -12.317  32.191 0.0000000000
135164  38.879  6.347  21.765 0.0000000000
135163  39.506  6.682  21.860 0.0000000000
135182  39.366  6.343  21.154 0.0000000000
133686  39.621  5.376  19.946 0.0000000000
133671  39.743  5.886  20.175 0.0000000000
133685  40.077  5.685  19.655 0.0000000000
135206  40.854  6.310  19.769 0.0000000000
133699  40.976  5.659  19.003 0.0000000000
132299  41.397  5.241  18.626 0.0000000000
132300  40.826  5.124  18.976 0.0000000000
128144  41.360  3.545  18.905 0.0000000000
128142  42.562  3.022  18.846 0.0000000000
81100  4.296  -21.491  53.857 0.0000000000
129392  35.683  3.439  25.214 0.0000000000
128032  35.512  2.834  24.838 0.0000000000
123970  35.173  0.428  24.355 0.0000000000
121076  32.311  -1.227  25.638 0.0000000000
121090  32.713  -1.282  25.375 0.0000000000
119612  32.621  -1.880  25.400 0.0000000000
116674  32.688  -3.463  25.532 0.0000000000
116694  32.972  -3.035  25.235 0.0000000000
115283  34.392  -4.299  25.242 0.0000000000
113954  34.724  -5.126  26.414 0.0000000000
113955  34.198  -4.958  26.257 0.0000000000
113928  33.767  -5.056  27.570 0.0000000000
113927  34.343  -5.197  27.575 0.0000000000
113911  34.496  -5.196  28.188 0.0000000000
115212  34.549  -5.066  28.768 0.0000000000
129398  35.855  3.963  25.169 0.0000000000
84525  14.911  -20.304  43.685 0.0000000000
82867  15.319  -20.923  44.429 0.0000000000
84505  14.689  -20.473  44.366 0.0000000000
84488  14.060  -20.371  45.391 0.0000000000
84466  13.941  -20.472  46.218 0.0000000000
84446  14.315  -20.867  46.443 0.0000000000
84467  13.586  -20.298  46.718 0.0000000000
86157  13.526  -20.132  46.344 0.0000000000
86159  12.063  -19.433  46.236 0.0000000000
92545  6.170  -16.229  49.881 0.0000000000
90976  6.300  -17.148  49.112 0.0000000000
90967  5.986  -16.972  49.725 0.0000000000
90968  5.642  -17.426  50.164 0.0000000000
92536  5.820  -16.226  50.598 0.0000000000
92522  5.134  -16.099  52.270 0.0000000000
107544  21.518  -8.263  38.071 0.0000000000
109108  22.086  -8.021  37.647 0.0000000000
109124  22.613  -7.887  36.941 0.0000000000
107582  21.679  -8.804  36.938 0.0000000000
106160  21.666  -9.337  36.618 0.0000000000
106152  21.301  -9.382  37.225 0.0000000000
103475  20.858  -10.980  37.540 0.0000000000
103486  21.334  -11.023  37.055 0.0000000000
102031  21.529  -11.946  37.414 0.0000000000
100427  21.979  -12.406  37.543 0.0000000000
100428  21.400  -12.356  37.794 0.0000000000
87948  21.746  -18.586  40.589 0.0000000000
89619  22.170  -18.097  40.444 0.0000000000
87930  22.011  -18.667  41.010 0.0000000000
120983  27.448  -1.255  30.255 0.0000000000
119502  27.283  -2.001  30.495 0.0000000000
107700  32.944  -8.298  30.172 0.0000000000
109232  32.167  -7.583  29.466 0.0000000000
107688  33.566  -8.278  30.752 0.0000000000
110781  34.820  -6.809  31.754 0.0000000000
110795  33.916  -6.858  30.792 0.0000000000
110782  34.331  -6.849  31.269 0.0000000000
85979  2.253  -19.580  54.670 0.0000000000
125343  34.083  1.336  26.833 0.0000000000
123940  32.305  0.174  26.081 0.0000000000
123923  32.091  0.620  26.448 0.0000000000
123925  30.779  0.189  26.898 0.0000000000
122510  31.332  -0.210  26.409 0.0000000000
122511  30.997  -0.483  26.559 0.0000000000
121078  31.229  -1.128  26.326 0.0000000000
121058  30.802  -1.098  26.606 0.0000000000
84518  20.205  -20.853  43.717 0.0000000000
84561  18.000  -20.224  41.917 0.0000000000
84540  17.565  -20.613  42.671 0.0000000000
84562  17.161  -20.199  42.134 0.0000000000
91070  17.013  -17.322  41.048 0.0000000000
87933  17.266  -18.804  40.838 0.0000000000
89606  16.754  -18.124  41.040 0.0000000000
86254  15.882  -19.384  42.104 0.0000000000
84542  16.220  -20.223  42.570 0.0000000000
86230  15.549  -19.684  42.519 0.0000000000
84543  15.502  -20.259  43.002 0.0000000000
87899  15.095  -19.323  42.625 0.0000000000
89584  14.070  -18.129  42.856 0.0000000000
89573  13.554  -18.341  43.225 0.0000000000
87882  13.285  -18.679  43.710 0.0000000000
89574  13.183  -18.032  43.441 0.0000000000
103453  19.735  -10.882  39.595 0.0000000000
104771  19.719  -10.316  40.236 0.0000000000
98747  19.589  -13.267  39.487 0.0000000000
97261  19.841  -13.968  39.127 0.0000000000
95735  19.725  -14.376  39.282 0.0000000000
91102  19.436  -16.943  39.417 0.0000000000
92689  19.469  -15.776  39.513 0.0000000000
91116  19.781  -16.712  39.174 0.0000000000
91101  20.039  -17.256  39.194 0.0000000000
89645  20.357  -17.900  39.454 0.0000000000
86267  20.047  -19.835  41.161 0.0000000000
86290  20.368  -19.306  40.578 0.0000000000
86250  20.281  -20.083  41.641 0.0000000000
84558  20.558  -20.141  42.024 0.0000000000
115111  28.069  -4.507  33.027 0.0000000000
115122  27.740  -4.459  32.440 0.0000000000
113843  27.881  -5.249  32.159 0.0000000000
110797  28.178  -6.692  31.188 0.0000000000
112309  27.897  -6.026  31.157 0.0000000000
110811  28.417  -7.026  30.222 0.0000000000
110810  28.696  -7.177  29.756 0.0000000000
109233  28.836  -7.635  29.845 0.0000000000
104912  27.802  -9.754  30.486 0.0000000000
106251  28.102  -9.236  30.364 0.0000000000
104934  28.483  -9.940  30.125 0.0000000000
103625  30.790  -10.381  30.086 0.0000000000
104933  29.456  -9.772  29.600 0.0000000000
104932  30.373  -9.986  29.653 0.0000000000
106287  30.215  -8.817  29.225 0.0000000000
104931  31.008  -9.799  29.771 0.0000000000
106268  31.915  -9.128  29.868 0.0000000000
104930  31.597  -9.795  30.135 0.0000000000
104867  32.462  -10.073  32.949 0.0000000000
104866  33.078  -9.631  32.671 0.0000000000
135179  41.581  7.235  21.429 0.0000000000
139602  45.203  8.838  17.814 0.0000000000
138126  44.723  8.404  17.657 0.0000000000
136688  44.012  7.327  17.493 0.0000000000
136687  44.457  7.353  17.135 0.0000000000
135228  44.426  6.724  17.121 0.0000000000
135236  44.902  6.724  16.844 0.0000000000
133726  44.961  6.199  16.942 0.0000000000
132314  42.322  5.215  18.015 0.0000000000
133707  42.582  5.917  18.012 0.0000000000
132311  44.640  4.943  17.569 0.0000000000
132323  44.951  5.384  17.242 0.0000000000
129428  37.299  3.967  21.863 0.0000000000
128079  37.556  3.278  21.919 0.0000000000
125387  38.097  1.218  22.510 0.0000000000
126736  35.841  1.984  23.512 0.0000000000
126759  35.998  2.460  23.081 0.0000000000
126735  36.232  1.509  23.231 0.0000000000
122599  36.886  -0.451  22.788 0.0000000000
124004  37.040  0.275  22.731 0.0000000000
122597  38.295  -0.217  22.679 0.0000000000
121112  38.558  -1.386  23.053 0.0000000000
119624  38.169  -2.460  23.672 0.0000000000
119623  38.598  -2.351  23.753 0.0000000000
118204  39.010  -2.854  24.224 0.0000000000
122548  34.439  -0.186  24.760 0.0000000000
122566  34.732  -0.443  24.286 0.0000000000
119610  33.666  -1.836  24.726 0.0000000000
121088  33.725  -1.143  24.762 0.0000000000
118209  35.073  -2.655  24.037 0.0000000000
118220  35.173  -2.004  23.773 0.0000000000
118219  35.712  -2.278  23.649 0.0000000000
118218  36.483  -2.509  23.539 0.0000000000
100553  25.109  -12.484  34.160 0.0000000000
100552  25.811  -12.714  34.076 0.0000000000
98885  25.849  -13.053  34.918 0.0000000000
98832  27.141  -13.340  36.457 0.0000000000
98857  27.443  -13.308  35.750 0.0000000000
135132  38.430  6.599  23.220 0.0000000000
133618  37.871  6.224  23.174 0.0000000000
130807  36.834  4.550  22.310 0.0000000000
132236  37.365  5.356  22.067 0.0000000000
130806  37.097  4.728  22.084 0.0000000000
130805  37.697  4.362  21.468 0.0000000000
82887  19.462  -21.130  44.033 0.0000000000
82836  20.145  -21.420  45.317 0.0000000000
82837  19.422  -21.529  45.179 0.0000000000
82816  16.093  -21.392  45.741 0.0000000000
92611  12.567  -16.741  44.059 0.0000000000
92599  10.594  -16.491  45.256 0.0000000000
94139  11.137  -15.950  45.022 0.0000000000
92598  11.056  -16.612  44.953 0.0000000000
91018  11.295  -17.117  44.844 0.0000000000
89557  10.989  -17.640  45.152 0.0000000000
87852  11.193  -18.191  45.263 0.0000000000
89544  10.626  -17.812  45.436 0.0000000000
87836  9.461  -18.208  46.064 0.0000000000
86162  9.988  -18.634  46.026 0.0000000000
86142  9.551  -19.109  46.479 0.0000000000
86141  10.456  -19.541  46.688 0.0000000000
90982  7.349  -16.806  47.650 0.0000000000
90991  7.649  -17.014  47.276 0.0000000000
89526  7.704  -17.708  47.258 0.0000000000
86101  8.222  -19.651  48.086 0.0000000000
86121  8.171  -18.985  47.423 0.0000000000
86100  8.998  -20.018  47.911 0.0000000000
84416  9.133  -20.228  48.639 0.0000000000
84383  7.923  -20.613  49.872 0.0000000000
84382  8.653  -20.579  49.847 0.0000000000
84365  8.268  -20.795  50.221 0.0000000000
84367  6.037  -20.683  50.893 0.0000000000
82725  6.586  -21.081  51.126 0.0000000000
82709  6.162  -21.223  51.667 0.0000000000
82692  6.554  -21.485  52.541 0.0000000000
87767  5.291  -18.656  50.502 0.0000000000
87768  4.992  -18.879  50.862 0.0000000000
86026  4.314  -19.654  51.946 0.0000000000
84352  4.645  -20.081  51.658 0.0000000000
84333  4.887  -20.816  52.213 0.0000000000
84334  4.420  -20.437  52.359 0.0000000000
82674  4.493  -21.044  52.939 0.0000000000
84320  4.229  -20.671  52.868 0.0000000000
85994  3.543  -19.479  53.288 0.0000000000
90928  3.970  -16.874  53.781 0.0000000000
92499  4.008  -16.313  54.248 0.0000000000
89458  3.074  -17.791  54.305 0.0000000000
87718  2.769  -18.620  54.270 0.0000000000
106206  25.681  -8.909  32.957 0.0000000000
106180  23.920  -9.019  34.323 0.0000000000
107636  24.499  -8.697  34.130 0.0000000000
106193  24.327  -9.222  33.950 0.0000000000
106208  24.623  -9.814  33.431 0.0000000000
103549  24.341  -11.050  33.578 0.0000000000
102110  23.224  -11.425  35.089 0.0000000000
102109  23.756  -11.692  34.775 0.0000000000
100505  23.903  -12.218  35.481 0.0000000000
98836  24.512  -12.804  36.091 0.0000000000
100477  24.148  -12.532  36.055 0.0000000000
103500  21.925  -11.044  36.419 0.0000000000
103517  22.438  -10.900  35.745 0.0000000000
100425  23.350  -12.810  37.703 0.0000000000
100424  23.948  -12.683  37.375 0.0000000000
100423  24.352  -12.730  37.146 0.0000000000
100402  24.332  -12.821  37.692 0.0000000000
98763  24.646  -12.948  38.419 0.0000000000
102020  19.989  -12.130  38.838 0.0000000000
102019  20.232  -11.615  38.521 0.0000000000
97258  21.782  -14.099  38.597 0.0000000000
98767  22.074  -13.520  38.287 0.0000000000
95715  22.760  -14.908  39.091 0.0000000000
89618  22.724  -17.765  40.715 0.0000000000
91098  22.467  -16.866  39.465 0.0000000000
91077  22.777  -17.172  40.129 0.0000000000
91066  23.998  -16.436  41.113 0.0000000000
92657  23.567  -16.161  40.372 0.0000000000
94214  23.463  -15.495  39.996 0.0000000000
95714  23.242  -14.892  39.476 0.0000000000
126774  39.321  2.263  21.887 0.0000000000
125298  29.919  1.161  28.318 0.0000000000
123883  29.658  0.556  27.995 0.0000000000
121042  29.276  -1.238  27.713 0.0000000000
121041  29.719  -0.989  27.330 0.0000000000
119564  29.764  -1.739  27.279 0.0000000000
118158  30.303  -2.131  27.025 0.0000000000
118138  30.055  -2.632  27.551 0.0000000000
115131  27.496  -4.355  31.780 0.0000000000
116522  27.321  -3.686  31.480 0.0000000000
115148  27.398  -4.342  31.073 0.0000000000
115197  27.930  -4.076  29.588 0.0000000000
116601  27.921  -3.398  29.522 0.0000000000
116600  28.355  -3.492  29.189 0.0000000000
112329  31.569  -6.227  29.410 0.0000000000
112330  30.967  -6.236  29.220 0.0000000000
113889  31.193  -5.798  29.378 0.0000000000
115194  30.244  -4.588  29.236 0.0000000000
116599  29.161  -3.553  28.884 0.0000000000
116624  29.657  -3.429  28.744 0.0000000000
116623  30.103  -3.488  28.613 0.0000000000
116622  30.752  -3.597  28.254 0.0000000000
116643  31.020  -3.533  27.468 0.0000000000
115216  32.246  -4.313  27.787 0.0000000000
116620  32.248  -4.253  28.226 0.0000000000
100550  27.104  -12.917  33.966 0.0000000000
100569  27.498  -12.692  33.330 0.0000000000
100549  27.878  -12.909  34.053 0.0000000000
100523  29.947  -12.053  34.950 0.0000000000
100547  29.645  -12.175  34.233 0.0000000000
100546  30.036  -11.895  34.571 0.0000000000
102126  29.953  -11.881  33.700 0.0000000000
102106  30.762  -11.376  34.785 0.0000000000
103515  32.028  -10.717  35.354 0.0000000000
103530  32.251  -10.319  34.652 0.0000000000
138192  49.597  8.610  12.653 0.0000000000
139658  49.490  9.214  12.529 0.0000000000
138191  50.047  8.352  12.173 0.0000000000
136742  50.304  7.724  12.272 0.0000000000
136705  47.541  7.304  15.447 0.0000000000
138155  47.219  7.906  15.747 0.0000000000
138153  48.592  8.016  15.528 0.0000000000
136704  48.263  7.350  15.282 0.0000000000
133743  49.397  5.629  14.708 0.0000000000
135253  48.925  6.048  14.910 0.0000000000
135252  49.276  6.691  14.670 0.0000000000
135251  49.661  6.668  14.210 0.0000000000
128114  40.419  2.860  20.068 0.0000000000
128113  41.261  2.555  20.112 0.0000000000
128075  40.688  2.121  21.418 0.0000000000
106238  26.209  -9.586  32.037 0.0000000000
104898  26.526  -9.821  31.626 0.0000000000
103592  26.168  -10.618  31.874 0.0000000000
102180  26.756  -11.427  31.611 0.0000000000
100607  27.156  -12.063  31.875 0.0000000000
132250  38.302  5.236  21.027 0.0000000000
133657  39.039  5.886  20.889 0.0000000000
132264  38.798  5.191  20.610 0.0000000000
132263  39.233  5.036  20.233 0.0000000000
130847  39.783  4.659  19.620 0.0000000000
130846  40.240  4.577  19.293 0.0000000000
129467  39.821  4.209  19.584 0.0000000000
128130  40.381  3.390  19.572 0.0000000000
128018  35.775  2.907  25.524 0.0000000000
126687  35.943  2.219  25.777 0.0000000000
118195  32.602  -2.482  25.417 0.0000000000
118176  32.104  -2.534  25.737 0.0000000000
115268  33.041  -4.076  25.841 0.0000000000
115247  33.816  -4.902  26.403 0.0000000000
115248  33.282  -4.720  26.667 0.0000000000
115231  33.220  -4.826  27.513 0.0000000000
86210  13.736  -19.324  43.830 0.0000000000
86190  14.198  -20.158  44.429 0.0000000000
86191  13.638  -19.826  44.716 0.0000000000
87832  11.688  -19.139  45.643 0.0000000000
94035  6.147  -15.450  50.849 0.0000000000
107563  21.238  -8.790  37.771 0.0000000000
106142  20.766  -9.359  38.118 0.0000000000
103476  20.475  -10.982  38.071 0.0000000000
86248  21.506  -19.554  41.816 0.0000000000
86247  22.078  -19.241  42.014 0.0000000000
86207  21.996  -19.827  43.207 0.0000000000
119491  27.215  -2.250  31.327 0.0000000000
107660  34.312  -8.565  32.360 0.0000000000
107673  34.100  -8.285  31.529 0.0000000000
107659  34.566  -8.048  32.044 0.0000000000
125346  31.766  1.002  26.866 0.0000000000
125326  31.460  1.358  27.388 0.0000000000
125347  31.112  0.766  27.070 0.0000000000
123903  30.549  0.550  27.316 0.0000000000
86268  19.208  -19.781  40.958 0.0000000000
84578  19.033  -20.114  41.470 0.0000000000
86251  17.795  -19.819  41.439 0.0000000000
89593  16.240  -18.170  41.472 0.0000000000
91058  16.079  -17.413  41.772 0.0000000000
89594  15.711  -18.173  41.900 0.0000000000
87919  14.971  -18.512  42.405 0.0000000000
98726  19.187  -13.324  40.243 0.0000000000
92668  18.793  -15.833  40.346 0.0000000000
94215  19.022  -15.411  40.240 0.0000000000
89647  19.230  -17.410  39.575 0.0000000000
87976  19.809  -18.247  39.673 0.0000000000
86291  19.581  -19.356  40.439 0.0000000000
112291  28.233  -5.952  32.446 0.0000000000
109221  28.291  -7.582  30.923 0.0000000000
103608  28.682  -11.066  30.474 0.0000000000
103627  29.108  -10.559  30.105 0.0000000000
103607  29.568  -11.190  30.508 0.0000000000
103605  31.341  -10.389  30.500 0.0000000000
104911  32.008  -9.987  30.847 0.0000000000
103589  31.536  -10.611  31.272 0.0000000000
104880  32.220  -10.269  32.319 0.0000000000
104853  32.543  -10.005  33.744 0.0000000000
136651  42.728  7.516  20.299 0.0000000000
138127  44.213  8.125  18.034 0.0000000000
136680  43.601  7.478  17.962 0.0000000000
129493  42.972  3.807  18.171 0.0000000000
130893  43.288  4.367  17.915 0.0000000000
130870  43.740  3.828  18.168 0.0000000000
130869  44.468  3.826  18.243 0.0000000000
130868  45.245  3.761  18.292 0.0000000000
130890  45.690  4.263  17.875 0.0000000000
128080  36.991  3.614  22.210 0.0000000000
129419  36.410  3.771  22.716 0.0000000000
121124  37.299  -0.992  22.813 0.0000000000
119646  37.603  -1.416  22.905 0.0000000000
119647  37.182  -1.535  22.995 0.0000000000
118217  37.288  -2.600  23.567 0.0000000000
123937  34.555  0.593  25.803 0.0000000000
116708  34.123  -3.176  24.587 0.0000000000
118210  34.176  -2.527  24.451 0.0000000000
116706  35.387  -3.519  24.359 0.0000000000
116705  36.289  -3.925  24.509 0.0000000000
98860  25.326  -13.049  35.526 0.0000000000
98859  26.061  -13.191  35.661 0.0000000000
98833  26.361  -13.268  36.411 0.0000000000
132188  37.284  5.311  25.529 0.0000000000
132195  37.233  5.605  25.056 0.0000000000
133610  37.299  5.842  24.354 0.0000000000
133619  37.372  5.912  23.591 0.0000000000
132215  36.575  5.053  23.302 0.0000000000
130797  36.655  4.691  22.614 0.0000000000
82863  18.400  -21.359  44.431 0.0000000000
82862  19.127  -21.359  44.531 0.0000000000
82839  17.950  -21.642  45.027 0.0000000000
86115  12.532  -20.043  48.483 0.0000000000
86096  11.979  -20.090  48.858 0.0000000000
86082  11.428  -20.159  49.396 0.0000000000
84395  10.384  -20.326  49.695 0.0000000000
94141  9.916  -16.142  45.769 0.0000000000
92600  10.071  -16.508  45.577 0.0000000000
89545  10.138  -17.657  45.609 0.0000000000
91008  9.779  -17.081  45.698 0.0000000000
89547  9.041  -17.501  46.171 0.0000000000
89518  7.024  -17.843  48.089 0.0000000000
87801  7.489  -18.436  47.693 0.0000000000
86084  8.072  -20.009  48.759 0.0000000000
82739  7.596  -20.896  50.310 0.0000000000
82724  7.198  -21.052  50.840 0.0000000000
89489  4.671  -18.157  51.484 0.0000000000
87760  4.691  -18.795  51.203 0.0000000000
87752  4.382  -18.824  51.813 0.0000000000
87753  4.066  -19.203  52.346 0.0000000000
84335  4.003  -20.077  52.595 0.0000000000
87744  3.781  -18.760  52.872 0.0000000000
89474  3.710  -18.070  53.242 0.0000000000
106194  23.715  -9.874  34.235 0.0000000000
104855  23.631  -10.475  34.281 0.0000000000
104839  23.181  -10.240  34.667 0.0000000000
103533  22.921  -10.921  35.110 0.0000000000
100455  22.309  -12.225  37.134 0.0000000000
102049  22.320  -11.916  36.762 0.0000000000
98764  23.927  -13.118  38.678 0.0000000000
97260  20.395  -14.045  38.792 0.0000000000
98769  20.578  -13.331  38.584 0.0000000000
95732  21.525  -14.780  38.746 0.0000000000
91056  23.165  -17.826  41.543 0.0000000000
91055  23.624  -17.493  41.754 0.0000000000
126754  40.147  1.682  22.460 0.0000000000
125377  40.638  1.040  23.139 0.0000000000
123870  28.521  0.107  29.129 0.0000000000
123885  28.710  0.056  28.669 0.0000000000
123884  29.113  0.069  28.242 0.0000000000
121024  28.844  -1.165  28.150 0.0000000000
112320  27.711  -5.482  30.424 0.0000000000
113875  27.730  -5.008  30.106 0.0000000000
113893  28.152  -5.027  29.568 0.0000000000
113892  28.983  -5.260  29.202 0.0000000000
113872  31.445  -5.347  29.631 0.0000000000
113873  31.058  -4.983  29.494 0.0000000000
116571  30.972  -4.274  29.506 0.0000000000
116597  30.669  -3.925  29.199 0.0000000000
116595  32.414  -4.095  28.928 0.0000000000
100525  28.792  -12.779  35.245 0.0000000000
98906  28.485  -12.898  34.898 0.0000000000
100501  29.342  -12.732  35.853 0.0000000000
100500  30.064  -12.208  35.706 0.0000000000
100499  30.490  -11.945  36.037 0.0000000000
138167  49.346  8.960  13.463 0.0000000000
138174  49.722  8.204  12.934 0.0000000000
138144  46.289  8.037  16.206 0.0000000000
136707  46.429  7.173  15.930 0.0000000000
136706  46.825  7.293  15.699 0.0000000000
132353  49.408  4.742  15.097 0.0000000000
133752  50.516  5.673  13.782 0.0000000000
132363  50.721  5.143  14.097 0.0000000000
89623  17.677  -17.934  40.365 0.0000000000
91069  17.460  -16.985  40.773 0.0000000000
94216  18.707  -15.465  40.783 0.0000000000
128126  43.349  2.567  19.484 0.0000000000
128125  44.128  2.612  19.544 0.0000000000
128110  43.468  2.282  20.103 0.0000000000
126807  42.180  2.144  20.533 0.0000000000
107661  27.851  -7.901  32.059 0.0000000000
107676  27.392  -8.530  31.656 0.0000000000
106252  27.545  -9.092  30.953 0.0000000000
104914  26.871  -10.146  31.250 0.0000000000
103610  27.175  -10.545  31.010 0.0000000000
103609  27.895  -10.580  30.576 0.0000000000
102196  28.992  -11.675  30.986 0.0000000000
102176  30.124  -11.857  31.962 0.0000000000
135162  40.246  6.949  21.946 0.0000000000
135180  40.842  7.006  21.273 0.0000000000
135195  39.440  6.032  20.625 0.0000000000
135194  39.917  6.344  20.569 0.0000000000
135193  40.701  6.627  20.442 0.0000000000
135217  41.671  6.433  19.045 0.0000000000
133697  42.100  6.311  18.528 0.0000000000
133698  41.523  5.928  18.754 0.0000000000
132315  41.867  5.080  18.274 0.0000000000
129495  42.145  4.370  18.222 0.0000000000
129485  40.705  4.405  19.063 0.0000000000
129483  41.877  3.889  18.510 0.0000000000
129482  42.508  3.544  18.458 0.0000000000
128141  43.256  2.883  18.909 0.0000000000
130770  35.777  4.080  24.169 0.0000000000
129404  35.655  3.561  23.815 0.0000000000
128045  35.518  2.829  24.062 0.0000000000
122583  35.458  -0.385  23.607 0.0000000000
122550  33.090  -0.755  25.314 0.0000000000
118194  33.290  -2.474  25.075 0.0000000000
116693  33.624  -3.129  24.880 0.0000000000
116692  34.188  -3.674  24.796 0.0000000000
115265  35.366  -4.970  25.973 0.0000000000
113953  35.355  -5.204  26.642 0.0000000000
113938  35.399  -5.278  27.197 0.0000000000
113940  34.050  -5.075  26.883 0.0000000000
113926  34.956  -5.289  27.707 0.0000000000
113925  35.611  -5.322  27.766 0.0000000000
98788  25.348  -13.097  37.756 0.0000000000
98787  26.130  -13.219  37.943 0.0000000000
98761  26.346  -13.222  38.819 0.0000000000
82892  15.748  -20.935  43.860 0.0000000000
82866  16.078  -21.168  44.404 0.0000000000
82842  15.728  -21.162  45.105 0.0000000000
82817  15.347  -21.160  45.846 0.0000000000
84487  14.570  -20.645  45.037 0.0000000000
82843  15.052  -20.976  45.153 0.0000000000
84448  13.385  -20.331  47.379 0.0000000000
86138  12.703  -19.973  47.679 0.0000000000
92562  6.983  -16.319  48.401 0.0000000000
90975  6.676  -16.881  48.616 0.0000000000
89511  6.626  -17.560  48.578 0.0000000000
89512  6.258  -18.014  49.064 0.0000000000
87774  5.913  -18.545  49.557 0.0000000000
89504  5.571  -18.169  50.068 0.0000000000
89496  5.299  -17.874  50.601 0.0000000000
92529  5.703  -15.961  51.155 0.0000000000
92537  5.472  -16.469  51.113 0.0000000000
90951  5.159  -16.919  51.414 0.0000000000
90943  4.949  -16.734  52.020 0.0000000000
92523  4.803  -16.524  52.631 0.0000000000
109143  22.666  -8.160  36.318 0.0000000000
107609  22.250  -8.876  35.986 0.0000000000
104828  22.058  -9.960  35.912 0.0000000000
104818  21.755  -10.065  36.338 0.0000000000
104809  21.274  -10.176  36.968 0.0000000000
102050  21.842  -11.678  36.984 0.0000000000
91113  21.473  -16.666  38.937 0.0000000000
91099  21.855  -17.194  39.320 0.0000000000
89643  21.918  -17.797  39.846 0.0000000000
89603  22.737  -18.124  41.245 0.0000000000
87898  22.400  -19.003  42.093 0.0000000000
87914  22.647  -18.613  41.795 0.0000000000
89592  23.194  -18.113  42.079 0.0000000000
121110  39.833  -0.898  23.333 0.0000000000
122580  40.306  -0.266  23.452 0.0000000000
122451  27.702  -0.728  29.930 0.0000000000
119532  27.789  -1.745  29.267 0.0000000000
109246  31.031  -7.615  29.157 0.0000000000
110823  30.645  -6.915  29.075 0.0000000000
109245  31.651  -7.571  29.286 0.0000000000
110821  31.894  -6.950  29.369 0.0000000000
110809  32.414  -6.954  29.626 0.0000000000
109219  33.779  -7.526  30.645 0.0000000000
110796  33.486  -6.875  30.338 0.0000000000
112317  32.492  -6.210  29.907 0.0000000000
113870  32.695  -5.757  30.231 0.0000000000
113862  33.028  -5.333  30.668 0.0000000000
138152  49.212  8.317  15.281 0.0000000000
132331  46.645  5.286  16.442 0.0000000000
133723  46.457  5.715  16.134 0.0000000000
123920  34.361  0.937  26.316 0.0000000000
123939  33.049  0.283  25.893 0.0000000000
122531  32.546  -0.586  25.657 0.0000000000
121077  31.875  -1.165  25.907 0.0000000000
122532  31.632  -0.401  26.205 0.0000000000
119596  31.482  -1.780  26.097 0.0000000000
118156  31.289  -2.916  26.525 0.0000000000
84502  21.151  -20.806  44.588 0.0000000000
84519  19.191  -20.927  43.464 0.0000000000
84560  18.886  -20.363  42.091 0.0000000000
84520  18.661  -20.961  43.494 0.0000000000
82889  18.152  -21.062  43.683 0.0000000000
82912  17.455  -20.785  43.106 0.0000000000
84522  16.667  -20.727  43.097 0.0000000000
87954  17.514  -18.389  40.509 0.0000000000
87934  16.588  -18.856  41.317 0.0000000000
84563  16.703  -20.150  42.292 0.0000000000
84544  15.144  -20.278  43.301 0.0000000000
86232  14.260  -19.377  43.324 0.0000000000
104780  20.011  -10.219  39.290 0.0000000000
103452  19.889  -10.642  39.261 0.0000000000
103464  19.869  -11.454  39.032 0.0000000000
101996  19.506  -11.517  40.007 0.0000000000
100384  19.748  -12.618  39.197 0.0000000000
94248  20.667  -15.461  38.849 0.0000000000
95717  19.565  -14.760  39.529 0.0000000000
94229  19.348  -15.393  39.756 0.0000000000
94249  20.079  -15.511  39.057 0.0000000000
92710  20.497  -16.125  38.900 0.0000000000
91114  21.036  -16.756  38.886 0.0000000000
91100  20.827  -17.434  39.104 0.0000000000
86288  21.295  -18.999  40.737 0.0000000000
86289  20.979  -19.133  40.667 0.0000000000
86265  21.328  -19.211  41.067 0.0000000000
84557  20.991  -19.948  41.950 0.0000000000
84536  21.114  -20.083  42.416 0.0000000000
118012  27.480  -3.011  32.606 0.0000000000
116482  27.744  -3.831  32.878 0.0000000000
113855  27.611  -5.072  31.475 0.0000000000
112301  27.785  -5.644  31.409 0.0000000000
112310  27.704  -5.578  30.941 0.0000000000
110826  28.637  -6.878  29.720 0.0000000000
109248  29.661  -7.622  29.180 0.0000000000
107675  27.963  -8.068  31.357 0.0000000000
107689  28.206  -8.449  30.643 0.0000000000
107704  28.686  -8.250  30.074 0.0000000000
107703  29.135  -8.344  29.608 0.0000000000
107719  30.009  -8.187  29.164 0.0000000000
107718  30.679  -8.293  29.174 0.0000000000
107717  31.491  -8.342  29.350 0.0000000000
106267  32.572  -9.016  30.266 0.0000000000
106250  32.912  -9.223  30.855 0.0000000000
104895  32.728  -9.686  31.363 0.0000000000
104894  33.118  -9.394  31.554 0.0000000000
106234  33.500  -9.045  31.622 0.0000000000
139612  45.649  8.786  17.276 0.0000000000
138134  45.388  8.302  16.924 0.0000000000
138136  44.442  7.946  17.477 0.0000000000
138135  44.863  8.024  17.132 0.0000000000
138146  45.188  7.857  16.760 0.0000000000
136695  45.257  7.338  16.558 0.0000000000
135235  45.569  6.683  16.426 0.0000000000
133714  45.557  5.835  16.765 0.0000000000
133706  43.426  6.139  17.624 0.0000000000
133705  43.949  5.929  17.463 0.0000000000
132312  43.946  5.318  17.627 0.0000000000
133716  44.461  6.047  17.226 0.0000000000
133715  45.151  5.827  16.964 0.0000000000
132332  46.158  5.325  16.676 0.0000000000
128098  38.409  3.528  21.148 0.0000000000
128097  38.987  3.205  20.853 0.0000000000
128078  38.397  3.019  21.620 0.0000000000
128063  37.909  2.626  22.112 0.0000000000
125386  38.918  1.228  22.540 0.0000000000
124001  39.177  0.672  22.731 0.0000000000
122596  39.087  -0.028  22.798 0.0000000000
125389  36.463  0.912  23.012 0.0000000000
125388  37.224  1.123  22.652 0.0000000000
121121  39.326  -0.627  23.026 0.0000000000
119634  39.595  -1.548  23.562 0.0000000000
123954  35.173  0.720  25.022 0.0000000000
122565  35.125  -0.112  23.959 0.0000000000
121101  34.179  -1.125  24.457 0.0000000000
121100  34.643  -1.097  24.135 0.0000000000
119640  35.058  -1.624  23.748 0.0000000000
119638  36.201  -1.689  23.257 0.0000000000
118206  37.641  -3.134  23.953 0.0000000000
116702  38.633  -3.248  24.275 0.0000000000
102145  25.376  -11.754  32.989 0.0000000000
102144  26.019  -12.138  32.875 0.0000000000
100571  25.783  -12.354  33.341 0.0000000000
100551  26.501  -12.860  34.084 0.0000000000
98908  27.457  -13.100  34.585 0.0000000000
98884  26.474  -13.151  35.084 0.0000000000
98883  27.111  -13.197  35.143 0.0000000000
98882  27.743  -13.218  35.177 0.0000000000
135145  38.873  6.588  22.517 0.0000000000
133628  38.331  6.231  22.179 0.0000000000
133630  37.367  5.831  22.911 0.0000000000
133642  37.829  5.791  21.923 0.0000000000
133659  38.123  5.602  21.399 0.0000000000
129443  38.184  4.028  21.048 0.0000000000
91037  13.158  -17.321  43.526 0.0000000000
91027  12.691  -17.276  43.943 0.0000000000
89566  12.378  -17.828  44.254 0.0000000000
91029  11.812  -17.122  44.531 0.0000000000
89567  12.067  -17.574  44.527 0.0000000000
89555  12.017  -18.010  44.571 0.0000000000
87851  11.875  -18.610  44.946 0.0000000000
87834  10.542  -18.291  45.657 0.0000000000
91000  8.130  -17.213  46.864 0.0000000000
89535  8.639  -17.686  46.491 0.0000000000
87816  8.450  -18.388  46.806 0.0000000000
87800  7.846  -18.416  47.400 0.0000000000
86144  8.397  -18.725  47.050 0.0000000000
86143  8.715  -18.876  46.847 0.0000000000
84415  9.818  -20.333  48.856 0.0000000000
84396  9.860  -20.369  49.547 0.0000000000
84398  8.451  -20.302  49.181 0.0000000000
84381  9.334  -20.492  50.028 0.0000000000
81136  5.943  -21.569  52.835 0.0000000000
86073  5.500  -19.075  50.287 0.0000000000
86057  5.674  -20.046  50.443 0.0000000000
84368  5.387  -20.203  50.951 0.0000000000
86043  4.961  -20.008  51.207 0.0000000000
82710  5.599  -21.117  51.880 0.0000000000
82694  5.204  -21.154  52.358 0.0000000000
81138  5.116  -21.359  52.792 0.0000000000
81118  4.913  -21.507  53.222 0.0000000000
81119  4.484  -21.316  53.347 0.0000000000
82653  3.847  -20.923  53.611 0.0000000000
84321  3.905  -20.302  53.033 0.0000000000
84289  3.036  -20.222  54.364 0.0000000000
92506  4.531  -16.051  53.568 0.0000000000
90927  4.284  -16.540  53.601 0.0000000000
90919  3.496  -16.875  54.435 0.0000000000
115100  28.422  -4.465  33.754 0.0000000000
106220  26.033  -9.078  32.581 0.0000000000
104882  25.517  -10.348  32.622 0.0000000000
106207  25.217  -9.158  33.250 0.0000000000
104869  25.054  -10.142  33.037 0.0000000000
102146  24.815  -11.299  33.191 0.0000000000
102128  24.684  -11.920  33.794 0.0000000000
100527  24.656  -12.427  34.672 0.0000000000
103550  23.822  -11.029  34.133 0.0000000000
102108  24.282  -11.965  34.469 0.0000000000
98861  24.796  -12.895  35.692 0.0000000000
98835  24.973  -13.044  36.211 0.0000000000
102090  22.921  -11.456  35.606 0.0000000000
102067  23.146  -11.844  36.015 0.0000000000
100479  23.129  -12.120  36.450 0.0000000000
100478  23.627  -12.237  36.164 0.0000000000
100452  24.124  -12.571  36.715 0.0000000000
100451  24.361  -12.688  36.870 0.0000000000
104791  20.271  -10.342  38.551 0.0000000000
102033  20.620  -11.784  38.062 0.0000000000
100429  20.947  -12.178  37.956 0.0000000000
100405  21.131  -12.608  38.077 0.0000000000
98793  21.415  -12.761  38.060 0.0000000000
97256  23.032  -13.966  38.778 0.0000000000
92687  22.268  -16.302  39.089 0.0000000000
94227  22.524  -15.531  39.063 0.0000000000
91076  23.326  -16.628  40.279 0.0000000000
92666  23.163  -16.252  39.849 0.0000000000
97247  23.017  -14.435  39.066 0.0000000000
128076  39.916  2.405  21.375 0.0000000000
126772  40.636  1.944  22.061 0.0000000000
122579  40.885  -0.283  23.778 0.0000000000
125297  30.532  1.423  28.112 0.0000000000
125328  30.217  0.861  27.761 0.0000000000
122494  29.494  -0.431  27.674 0.0000000000
122493  29.967  -0.511  27.274 0.0000000000
121059  30.300  -1.056  26.928 0.0000000000
119578  30.721  -1.722  26.644 0.0000000000
118030  27.315  -2.995  31.845 0.0000000000
115171  27.518  -4.291  30.258 0.0000000000
118064  27.272  -2.801  30.622 0.0000000000
118082  27.441  -2.552  30.030 0.0000000000
112331  30.264  -6.160  29.070 0.0000000000
113890  30.747  -5.379  29.296 0.0000000000
118099  28.678  -2.901  28.745 0.0000000000
118120  28.769  -2.364  28.409 0.0000000000
118118  30.199  -3.237  28.062 0.0000000000
116659  31.162  -3.388  26.985 0.0000000000
115233  31.991  -4.204  27.237 0.0000000000
115214  33.498  -4.820  28.228 0.0000000000
115192  33.126  -4.402  28.725 0.0000000000
115191  33.721  -4.504  28.912 0.0000000000
100588  26.467  -12.185  32.605 0.0000000000
100587  27.153  -12.379  32.546 0.0000000000
100586  28.019  -12.549  32.701 0.0000000000
100548  28.733  -12.704  34.389 0.0000000000
100567  29.083  -12.434  33.561 0.0000000000
100585  28.770  -12.487  32.867 0.0000000000
100584  29.375  -12.254  32.982 0.0000000000
102142  30.387  -11.502  33.454 0.0000000000
102141  30.810  -11.084  33.485 0.0000000000
102065  31.362  -11.417  36.057 0.0000000000
102086  31.319  -11.104  35.296 0.0000000000
102123  31.264  -10.874  34.384 0.0000000000
103563  31.148  -10.846  33.288 0.0000000000
103546  32.089  -10.245  33.848 0.0000000000
104838  32.441  -10.090  34.189 0.0000000000
138143  46.908  8.287  16.172 0.0000000000
138141  48.244  8.518  16.009 0.0000000000
136702  49.347  7.759  14.784 0.0000000000
133735  46.888  5.752  15.868 0.0000000000
133733  48.390  5.872  15.142 0.0000000000
135242  48.957  6.947  14.853 0.0000000000
136712  49.587  7.412  14.231 0.0000000000
136718  49.817  7.467  13.327 0.0000000000
133766  50.393  6.113  13.299 0.0000000000
135266  50.314  6.661  12.817 0.0000000000
135286  50.474  7.293  12.404 0.0000000000
81137  5.442  -21.502  52.815 0.0000000000
82652  4.250  -21.135  53.385 0.0000000000
82695  4.763  -20.965  52.510 0.0000000000
82708  6.932  -21.244  51.647 0.0000000000
82798  14.448  -21.071  47.280 0.0000000000
82861  19.916  -21.236  44.572 0.0000000000
82911  17.785  -20.834  43.182 0.0000000000
84504  15.129  -20.641  43.985 0.0000000000
84524  15.387  -20.592  43.557 0.0000000000
84541  16.914  -20.466  42.612 0.0000000000
84577  19.521  -20.037  41.352 0.0000000000
86059  4.842  -19.153  50.980 0.0000000000
86122  7.774  -18.805  47.672 0.0000000000
86208  21.698  -20.012  43.095 0.0000000000
86229  16.028  -19.760  42.239 0.0000000000
86266  20.843  -19.530  41.120 0.0000000000
86270  17.564  -19.486  41.154 0.0000000000
87789  7.557  -18.672  47.767 0.0000000000
87790  7.182  -18.515  47.991 0.0000000000
87799  8.218  -18.584  47.156 0.0000000000
87814  9.557  -18.520  46.118 0.0000000000
87853  10.857  -17.998  45.389 0.0000000000
87869  12.193  -18.273  44.454 0.0000000000
87915  22.110  -18.967  41.617 0.0000000000
87929  22.395  -18.576  41.316 0.0000000000
87931  21.571  -18.892  40.841 0.0000000000
87949  21.277  -18.724  40.393 0.0000000000
87950  20.687  -18.866  40.244 0.0000000000
87974  20.954  -18.584  40.047 0.0000000000
89488  5.047  -17.627  51.170 0.0000000000
89527  7.413  -18.070  47.668 0.0000000000
89534  9.031  -17.834  46.224 0.0000000000
89536  8.144  -17.978  46.965 0.0000000000
89546  9.428  -17.751  45.956 0.0000000000
89565  12.766  -17.906  43.826 0.0000000000
89620  21.647  -18.423  40.282 0.0000000000
90958  5.785  -16.779  50.224 0.0000000000
90992  7.333  -17.423  47.663 0.0000000000
91009  9.296  -17.070  45.993 0.0000000000
91010  8.899  -17.077  46.286 0.0000000000
91019  10.787  -17.047  45.139 0.0000000000
91020  10.307  -17.022  45.431 0.0000000000
91048  13.855  -17.404  42.978 0.0000000000
91049  13.426  -17.557  43.212 0.0000000000
91081  17.398  -17.456  40.584 0.0000000000
92505  4.915  -15.777  53.236 0.0000000000
92514  5.057  -15.934  52.812 0.0000000000
92554  6.299  -16.542  49.393 0.0000000000
92580  7.962  -16.597  47.028 0.0000000000
92686  22.813  -16.064  39.338 0.0000000000
92688  21.725  -16.475  38.951 0.0000000000
92711  19.777  -16.116  39.219 0.0000000000
92712  19.507  -16.477  39.373 0.0000000000
94009  5.368  -15.547  52.505 0.0000000000
94124  10.132  -15.594  45.848 0.0000000000
94158  11.499  -16.078  44.732 0.0000000000
94204  23.746  -15.659  40.484 0.0000000000
95545  6.269  -14.965  51.304 0.0000000000
95716  19.833  -15.126  39.205 0.0000000000
98791  22.343  -13.040  37.938 0.0000000000
98814  24.561  -12.833  36.732 0.0000000000
98881  28.310  -13.098  35.268 0.0000000000
98909  26.814  -13.054  34.556 0.0000000000
100503  24.876  -12.767  35.216 0.0000000000
100504  24.428  -12.567  35.454 0.0000000000
100604  29.154  -12.290  32.438 0.0000000000
102066  30.863  -11.793  36.382 0.0000000000
102085  31.693  -10.909  35.434 0.0000000000
102088  30.240  -11.903  35.273 0.0000000000
102105  31.141  -11.015  34.675 0.0000000000
102107  30.314  -11.747  34.890 0.0000000000
102125  30.277  -11.662  34.237 0.0000000000
102143  29.888  -11.940  33.122 0.0000000000
102157  30.709  -11.207  32.940 0.0000000000
102158  30.272  -11.696  32.688 0.0000000000
102162  25.566  -11.145  32.524 0.0000000000
102181  26.222  -10.998  31.861 0.0000000000
103485  21.672  -11.269  36.792 0.0000000000
103499  22.272  -11.218  36.115 0.0000000000
103501  21.527  -10.489  36.667 0.0000000000
103516  31.641  -10.844  35.222 0.0000000000
103529  32.763  -10.112  34.948 0.0000000000
103531  31.582  -10.772  34.800 0.0000000000
103548  31.056  -10.891  33.705 0.0000000000
103562  31.774  -10.464  33.102 0.0000000000
103565  24.789  -10.751  33.180 0.0000000000
103591  26.525  -10.580  31.554 0.0000000000
103611  26.857  -10.537  31.262 0.0000000000
104781  19.816  -10.291  39.778 0.0000000000
104868  32.030  -10.335  32.633 0.0000000000
104878  33.111  -9.521  31.951 0.0000000000
104879  32.660  -9.958  32.151 0.0000000000
104899  26.152  -10.195  31.911 0.0000000000
104929  32.140  -9.525  30.336 0.0000000000
104948  30.643  -9.598  29.542 0.0000000000
104949  30.237  -9.430  29.414 0.0000000000
104950  29.767  -9.145  29.346 0.0000000000
106151  21.532  -9.162  36.924 0.0000000000
106161  21.469  -9.807  36.749 0.0000000000
106170  23.120  -9.060  35.010 0.0000000000
106172  22.131  -9.381  35.914 0.0000000000
106233  33.923  -8.884  32.098 0.0000000000
106235  33.127  -9.268  31.281 0.0000000000
106249  33.321  -8.889  31.043 0.0000000000
106266  33.100  -8.774  30.583 0.0000000000
106269  31.413  -9.385  29.711 0.0000000000
106285  31.537  -8.966  29.527 0.0000000000
106288  29.637  -8.614  29.269 0.0000000000
107562  21.659  -8.487  37.487 0.0000000000
107581  22.205  -8.381  36.614 0.0000000000
107598  22.394  -8.527  36.094 0.0000000000
107607  23.163  -8.708  35.183 0.0000000000
107635  24.974  -8.659  33.835 0.0000000000
107672  34.415  -7.988  31.730 0.0000000000
107687  33.950  -7.928  30.970 0.0000000000
107702  31.825  -8.726  29.549 0.0000000000
107716  31.906  -7.976  29.402 0.0000000000
107720  29.525  -8.115  29.295 0.0000000000
109090  21.949  -7.751  38.438 0.0000000000
109125  22.043  -8.298  37.128 0.0000000000
109170  24.361  -8.095  34.920 0.0000000000
109208  34.141  -7.519  31.113 0.0000000000
109231  32.705  -7.631  29.793 0.0000000000
110808  32.955  -6.908  29.949 0.0000000000
110824  29.885  -6.931  29.067 0.0000000000
112316  33.044  -6.208  30.264 0.0000000000
112328  32.088  -6.445  29.569 0.0000000000
113854  27.808  -5.495  31.703 0.0000000000
113874  27.986  -5.576  30.024 0.0000000000
113952  35.709  -5.189  26.857 0.0000000000
115121  27.971  -4.874  32.608 0.0000000000
115170  31.193  -4.623  29.623 0.0000000000
115213  34.074  -4.934  28.558 0.0000000000
115285  33.182  -3.552  25.319 0.0000000000
116676  31.744  -3.189  26.145 0.0000000000
116703  38.172  -3.509  24.352 0.0000000000
118048  27.213  -3.067  31.208 0.0000000000
118117  30.465  -3.404  27.986 0.0000000000
118216  37.868  -2.625  23.670 0.0000000000
119565  29.354  -1.784  27.685 0.0000000000
119597  31.125  -1.697  26.349 0.0000000000
120994  27.608  -1.305  29.648 0.0000000000
121009  27.796  -1.300  29.328 0.0000000000
121111  39.162  -1.186  23.191 0.0000000000
121123  38.004  -1.041  22.819 0.0000000000
122584  35.071  -0.502  23.894 0.0000000000
123905  29.543  0.099  27.822 0.0000000000
123926  30.400  0.179  27.145 0.0000000000
125299  29.336  0.836  28.548 0.0000000000
126775  38.784  2.537  21.866 0.0000000000
126792  41.616  2.025  20.978 0.0000000000
126808  41.654  2.263  20.487 0.0000000000
128131  39.904  3.721  19.644 0.0000000000
129465  40.887  3.603  19.191 0.0000000000
129484  41.122  4.076  18.851 0.0000000000
129494  42.559  4.079  18.176 0.0000000000
130761  36.205  4.321  25.365 0.0000000000
130796  36.871  4.918  22.391 0.0000000000
130822  38.198  4.672  20.960 0.0000000000
130871  43.306  3.813  18.114 0.0000000000
130872  41.650  4.575  18.469 0.0000000000
130874  40.642  4.749  19.045 0.0000000000
130895  42.090  4.763  18.133 0.0000000000
132189  36.761  5.011  25.375 0.0000000000
132197  36.276  4.820  24.393 0.0000000000
132205  36.382  4.955  23.952 0.0000000000
132214  36.971  5.468  23.198 0.0000000000
132224  36.774  5.140  22.916 0.0000000000
132249  38.601  5.358  20.852 0.0000000000
132265  38.526  5.137  20.788 0.0000000000
132280  40.461  5.429  19.247 0.0000000000
132281  39.991  5.100  19.491 0.0000000000
132282  39.588  4.932  19.846 0.0000000000
133602  37.229  5.723  24.819 0.0000000000
133629  37.814  6.085  22.548 0.0000000000
133643  37.406  5.734  22.378 0.0000000000
133658  38.576  5.683  21.104 0.0000000000
133673  38.839  5.538  20.772 0.0000000000
133684  40.620  5.928  19.452 0.0000000000
133717  43.936  6.217  17.388 0.0000000000
133784  51.078  6.241  12.607 0.0000000000
135183  38.851  6.060  21.303 0.0000000000
136686  44.919  7.574  16.871 0.0000000000
136693  46.460  7.528  15.989 0.0000000000
138145  45.638  7.924  16.481 0.0000000000
138175  49.420  8.778  13.084 0.0000000000
139675  50.265  9.017  11.550 0.0000000000
