#!ascii label  , from subject FS6EXPERT_subj01_ver10 vox2ras=TkReg
1826
133050  19.002  5.303  -30.704 0.2500000000
133049  19.400  4.681  -30.865 0.7500000000
137418  18.355  7.634  -30.569 0.2500000000
137417  18.613  7.418  -30.920 0.1250000000
137437  18.654  7.616  -31.269 0.3750000000
135943  18.718  6.991  -30.953 0.2500000000
134411  18.694  5.891  -30.070 0.2500000000
133064  19.430  5.211  -31.509 0.7500000000
133065  19.034  5.776  -31.309 0.3750000000
131668  19.800  4.268  -31.408 0.8750000000
135960  18.899  7.051  -31.707 0.3750000000
134453  18.931  6.397  -31.474 0.3750000000
134452  19.257  5.977  -31.883 0.8750000000
131694  20.365  5.268  -32.658 1.0000000000
133075  20.043  5.206  -32.448 1.0000000000
133076  19.645  5.594  -32.332 0.8750000000
131680  20.343  4.685  -32.230 1.0000000000
131681  19.847  4.969  -32.005 0.8750000000
130271  20.649  4.142  -32.167 1.0000000000
138909  18.492  8.281  -31.650 0.2500000000
137449  18.795  7.705  -32.082 0.7500000000
135984  19.368  7.239  -32.785 0.8750000000
134463  19.481  6.442  -32.551 0.8750000000
134464  19.131  6.573  -32.020 0.7500000000
133083  21.032  5.698  -32.906 1.0000000000
133085  20.052  5.686  -32.867 1.0000000000
134474  19.830  6.324  -33.187 1.0000000000
133074  21.456  5.685  -32.655 1.0000000000
131692  21.139  5.175  -32.649 1.0000000000
131679  20.912  4.610  -32.515 1.0000000000
137438  18.358  8.179  -31.072 0.1250000000
137458  19.462  7.557  -33.287 1.0000000000
137459  19.183  7.781  -32.949 0.8750000000
135998  19.985  6.882  -33.748 1.0000000000
134470  21.504  6.694  -32.849 1.0000000000
135982  21.140  6.677  -33.263 1.0000000000
134472  20.858  6.315  -33.340 1.0000000000
135997  20.586  7.027  -33.841 1.0000000000
134461  21.742  6.316  -32.598 1.0000000000
134462  21.483  6.096  -32.699 1.0000000000
134451  22.994  6.160  -31.947 1.0000000000
133073  21.973  5.510  -32.390 1.0000000000
144612  17.962  11.976  -32.059 0.2500000000
138910  18.236  8.806  -31.246 0.2500000000
138926  18.315  8.882  -31.818 0.3750000000
138925  18.645  8.567  -32.378 0.5000000000
138951  19.193  8.948  -33.529 1.0000000000
140343  18.655  9.317  -32.749 0.6250000000
137471  19.302  8.402  -33.459 1.0000000000
137481  20.586  7.870  -34.539 1.0000000000
137482  20.124  8.071  -34.490 1.0000000000
135980  21.747  7.088  -32.832 1.0000000000
135981  21.344  7.058  -33.206 1.0000000000
138948  21.239  8.451  -34.325 1.0000000000
137456  22.138  7.705  -32.844 1.0000000000
135968  22.802  6.942  -32.154 1.0000000000
137448  22.642  7.688  -32.469 1.0000000000
144625  18.395  12.229  -33.262 0.5000000000
143134  17.936  11.066  -31.562 0.3750000000
143146  18.116  11.018  -32.484 0.3750000000
141706  18.411  10.061  -32.638 0.5000000000
143160  18.458  10.625  -32.933 0.5000000000
141750  19.105  10.030  -33.963 0.8750000000
140368  19.537  9.278  -34.342 1.0000000000
141782  19.844  10.594  -35.101 1.0000000000
138962  21.224  8.927  -34.951 1.0000000000
138977  20.015  9.080  -34.944 1.0000000000
140357  21.887  9.109  -33.435 1.0000000000
140367  21.625  9.227  -33.964 1.0000000000
140342  22.619  9.194  -32.576 1.0000000000
138924  22.421  8.421  -32.736 1.0000000000
137447  23.195  7.700  -32.072 0.8750000000
146057  18.059  13.005  -32.392 0.5000000000
144642  18.969  12.186  -34.041 0.6250000000
144655  19.369  12.121  -34.494 0.6250000000
143206  19.523  11.272  -34.733 1.0000000000
143175  18.938  11.025  -33.913 0.7500000000
140429  20.408  10.460  -35.833 1.0000000000
144633  22.346  11.583  -33.596 1.0000000000
144652  22.062  11.534  -34.470 1.0000000000
143205  21.945  10.806  -34.488 1.0000000000
141765  21.430  9.799  -35.190 1.0000000000
143171  22.315  10.857  -33.309 1.0000000000
141733  22.131  10.346  -33.362 1.0000000000
141749  21.756  10.013  -34.240 1.0000000000
143158  22.817  10.796  -32.805 0.8750000000
141719  22.318  9.981  -33.005 1.0000000000
140325  23.723  9.262  -31.781 0.8750000000
226142  18.647  12.783  -33.648 0.5000000000
146092  19.351  12.648  -34.544 0.8750000000
226299  21.633  13.051  -36.020 1.0000000000
144722  20.184  11.950  -36.064 1.0000000000
146076  22.451  12.318  -33.881 1.0000000000
147502  21.917  12.512  -35.276 1.0000000000
143235  21.579  10.916  -35.438 1.0000000000
148773  22.738  13.697  -34.554 1.0000000000
144611  23.572  11.602  -32.382 1.0000000000
144623  22.635  11.551  -33.194 1.0000000000
147481  22.680  13.056  -34.079 1.0000000000
146056  23.331  12.368  -32.608 1.0000000000
146067  18.552  13.546  -33.246 0.5000000000
147496  19.390  13.447  -34.417 0.8750000000
147503  19.765  13.734  -35.534 1.0000000000
226311  22.521  14.971  -36.254 1.0000000000
146130  21.122  13.816  -36.369 1.0000000000
146118  20.211  13.455  -36.118 1.0000000000
226267  23.680  15.661  -35.087 1.0000000000
149997  23.338  15.217  -35.037 1.0000000000
149990  23.791  14.796  -33.850 1.0000000000
149998  22.828  14.403  -34.810 1.0000000000
147472  24.003  13.663  -32.907 1.0000000000
148763  23.169  14.053  -33.974 1.0000000000
147462  23.712  12.796  -32.528 0.8750000000
155210  20.058  18.974  -36.106 1.0000000000
153774  19.391  17.607  -33.822 0.3750000000
153814  20.251  18.540  -36.510 0.8750000000
226289  21.657  16.315  -37.330 1.0000000000
226278  23.648  16.155  -35.593 1.0000000000
155178  23.247  16.755  -36.360 1.0000000000
157885  20.301  20.144  -35.660 0.8750000000
226321  20.516  20.072  -36.693 1.0000000000
226313  20.618  19.502  -36.731 1.0000000000
159195  20.816  18.973  -37.172 1.0000000000
226312  20.959  19.571  -37.524 1.0000000000
155197  22.960  17.275  -37.016 1.0000000000
155177  23.724  17.448  -35.721 1.0000000000
156548  23.426  18.307  -35.999 1.0000000000
155167  24.026  17.567  -35.245 1.0000000000
157877  20.400  20.880  -35.485 0.7500000000
160580  20.801  20.412  -38.417 1.0000000000
159201  21.927  20.347  -37.896 1.0000000000
157866  23.089  19.473  -36.045 1.0000000000
157875  22.766  19.530  -36.835 1.0000000000
157874  23.054  18.904  -36.352 1.0000000000
162014  20.239  21.158  -37.664 1.0000000000
160568  21.768  20.804  -38.283 1.0000000000
159188  22.532  20.153  -37.001 1.0000000000
172288  21.547  28.660  -36.100 0.1250000000
173343  21.808  29.008  -35.952 0.1250000000
172287  21.099  28.096  -37.029 0.2500000000
174423  21.386  28.971  -37.701 0.1250000000
172304  21.606  28.542  -38.087 0.3750000000
174444  21.868  29.342  -38.141 0.2500000000
172314  22.513  28.898  -38.539 0.5000000000
173355  22.784  29.231  -38.858 0.2500000000
173367  23.076  29.333  -38.861 0.3750000000
175527  21.973  29.937  -38.072 0.2500000000
174442  22.727  29.556  -38.968 0.2500000000
175544  22.613  30.545  -38.675 0.2500000000
175555  22.989  30.779  -39.135 0.2500000000
173376  23.189  30.009  -38.913 0.2500000000
175553  24.164  30.803  -39.125 0.2500000000
174467  24.022  30.244  -38.830 0.3750000000
174469  23.229  30.415  -39.098 0.2500000000
175543  24.383  30.498  -38.709 0.3750000000
175552  24.614  30.875  -38.807 0.2500000000
134438  18.797  6.143  -30.834 0.2500000000
135944  18.546  7.069  -30.503 0.1250000000
131677  22.176  4.700  -32.208 1.0000000000
144691  19.936  12.896  -35.545 0.8750000000
150005  22.640  14.150  -35.161 1.0000000000
133009  18.689  4.817  -28.889 0.1250000000
131650  19.469  4.007  -30.417 0.6250000000
130236  19.835  3.421  -30.693 0.7500000000
128885  20.284  2.816  -30.816 1.0000000000
130257  20.645  3.554  -31.771 1.0000000000
130269  21.676  4.020  -32.220 1.0000000000
131665  23.220  4.491  -31.983 1.0000000000
140326  18.081  9.470  -31.543 0.3750000000
141691  18.060  10.190  -31.952 0.2500000000
135959  23.452  6.925  -31.825 0.8750000000
141690  24.002  9.957  -31.814 0.8750000000
138907  24.072  8.564  -31.584 0.8750000000
144610  24.114  11.513  -32.043 0.8750000000
153756  18.727  17.327  -32.634 0.1250000000
153747  18.549  16.835  -31.928 0.1250000000
148754  18.879  14.277  -33.330 0.3750000000
150012  19.588  14.849  -35.310 0.6250000000
149978  24.125  14.532  -33.355 1.0000000000
146055  23.884  12.288  -32.269 0.8750000000
155182  19.505  18.451  -34.837 0.5000000000
156565  20.152  19.517  -35.661 0.8750000000
152483  19.209  17.095  -34.810 0.3750000000
152497  19.853  16.655  -36.112 0.8750000000
151220  24.172  16.522  -34.681 1.0000000000
155166  24.573  17.493  -34.552 1.0000000000
156536  24.336  18.435  -34.894 1.0000000000
162005  20.075  21.318  -36.694 1.0000000000
156538  23.471  18.959  -35.732 1.0000000000
226353  20.522  22.290  -36.067 0.8750000000
164888  20.812  23.202  -38.327 1.0000000000
160545  22.032  21.343  -37.266 1.0000000000
159180  22.821  20.436  -36.182 1.0000000000
174396  21.736  28.668  -35.190 0.1250000000
171091  21.152  26.778  -34.761 0.1250000000
171125  20.257  26.781  -37.347 0.6250000000
172285  21.425  28.147  -38.054 0.6250000000
172302  23.026  28.146  -38.048 0.5000000000
174445  21.595  29.327  -37.847 0.2500000000
173354  23.844  29.062  -37.898 0.5000000000
175546  21.978  30.207  -37.808 0.2500000000
175545  22.317  30.453  -38.195 0.2500000000
173366  23.566  29.411  -38.364 0.5000000000
174456  24.769  30.084  -38.052 0.5000000000
177609  23.032  31.875  -38.637 0.1250000000
175561  23.831  31.259  -39.575 0.2500000000
177606  25.221  31.871  -39.157 0.2500000000
175541  25.434  30.810  -38.067 0.3750000000
177604  26.291  32.364  -38.976 0.2500000000
177616  23.777  31.934  -39.479 0.1250000000
133025  18.868  5.023  -29.846 0.1250000000
131651  19.167  4.610  -30.298 0.5000000000
135917  18.630  6.608  -30.393 0.1250000000
130258  20.197  3.510  -31.338 1.0000000000
131667  20.323  4.012  -31.805 1.0000000000
133086  19.754  5.993  -32.743 1.0000000000
130270  21.097  4.044  -32.242 1.0000000000
131678  21.515  4.787  -32.497 1.0000000000
138937  18.931  8.720  -33.090 0.8750000000
137469  20.293  7.503  -34.148 1.0000000000
135969  22.237  6.986  -32.516 1.0000000000
135996  21.007  7.043  -33.561 1.0000000000
137468  20.911  7.579  -34.185 1.0000000000
134460  22.372  6.218  -32.257 1.0000000000
133072  22.574  5.455  -32.124 1.0000000000
141705  18.669  9.767  -32.931 0.5000000000
140358  18.897  9.416  -33.277 0.8750000000
138950  19.498  8.748  -33.980 1.0000000000
138964  20.062  8.649  -34.771 1.0000000000
137457  21.699  7.711  -33.242 1.0000000000
137467  21.303  7.638  -33.676 1.0000000000
138936  21.612  8.427  -33.636 1.0000000000
138935  22.002  8.408  -33.168 1.0000000000
138923  22.927  8.449  -32.325 1.0000000000
141722  18.589  10.116  -32.955 0.6250000000
144626  18.804  11.754  -33.796 0.6250000000
140397  19.841  9.948  -34.953 1.0000000000
141798  19.771  11.126  -35.655 1.0000000000
140379  21.422  9.388  -34.548 1.0000000000
138974  21.226  9.163  -35.238 1.0000000000
140411  20.810  9.761  -35.709 1.0000000000
140356  22.191  9.110  -33.012 1.0000000000
141703  23.494  9.936  -32.151 0.8750000000
137435  24.478  7.855  -31.456 0.8750000000
144672  19.850  11.995  -35.172 1.0000000000
143255  21.157  11.258  -35.999 1.0000000000
146065  22.835  12.406  -33.263 1.0000000000
143188  21.979  10.593  -33.963 1.0000000000
144653  22.015  11.423  -34.790 1.0000000000
146089  21.927  12.020  -34.878 1.0000000000
143144  23.825  10.729  -32.184 0.8750000000
226305  22.179  13.767  -35.812 1.0000000000
144709  20.333  12.551  -35.864 1.0000000000
148789  21.975  12.915  -35.662 1.0000000000
147508  21.487  12.297  -35.661 1.0000000000
147486  22.396  12.838  -34.499 1.0000000000
146116  21.545  11.964  -35.260 1.0000000000
148780  22.266  13.211  -35.129 1.0000000000
147473  23.502  13.226  -33.076 1.0000000000
148766  19.075  14.170  -33.769 0.6250000000
148790  19.627  14.248  -35.464 0.7500000000
147514  20.111  14.340  -36.715 1.0000000000
226282  20.711  14.979  -37.257 1.0000000000
149989  24.094  15.590  -34.255 1.0000000000
226308  22.712  14.499  -35.603 1.0000000000
153793  19.717  18.104  -35.777 0.7500000000
153827  19.833  16.823  -37.120 1.0000000000
153792  19.931  17.644  -36.050 0.7500000000
150040  20.302  15.965  -37.300 1.0000000000
226319  22.649  16.857  -37.045 1.0000000000
153802  21.626  17.308  -37.787 1.0000000000
226345  20.358  21.990  -36.516 0.8750000000
155199  21.309  18.216  -37.910 1.0000000000
156573  21.311  19.279  -37.808 1.0000000000
156556  22.810  18.740  -36.929 1.0000000000
156555  22.999  18.306  -36.581 1.0000000000
155207  22.050  18.552  -37.958 1.0000000000
156547  23.758  17.977  -35.603 1.0000000000
160556  21.672  21.389  -38.140 1.0000000000
157883  22.526  19.306  -37.361 1.0000000000
159193  22.278  20.831  -37.048 1.0000000000
162013  21.368  22.087  -38.196 1.0000000000
226395  20.294  22.217  -38.356 1.0000000000
173314  21.499  28.022  -35.043 0.1250000000
172272  21.227  27.904  -35.977 0.1250000000
172273  21.312  27.829  -35.336 0.1250000000
175528  21.419  29.837  -37.426 0.2500000000
173357  21.741  29.055  -38.087 0.2500000000
172271  21.040  27.791  -36.587 0.3750000000
172270  21.018  27.878  -36.970 0.5000000000
172313  22.905  28.807  -38.338 0.5000000000
172303  22.097  28.196  -38.277 0.7500000000
176612  24.563  31.803  -39.490 0.2500000000
176593  25.208  31.139  -38.571 0.2500000000
131630  19.367  3.684  -29.936 0.6250000000
128903  20.459  3.170  -31.321 1.0000000000
152460  18.700  16.424  -32.851 0.5000000000
149991  19.004  14.699  -33.622 0.6250000000
148800  19.085  14.541  -37.688 0.8750000000
151231  19.650  15.253  -35.977 0.7500000000
150028  19.590  15.665  -37.073 0.8750000000
151222  19.350  15.999  -34.781 0.7500000000
151221  19.332  15.779  -34.413 0.8750000000
151244  19.724  16.061  -36.568 1.0000000000
152518  20.374  16.924  -37.097 1.0000000000
166223  20.193  22.832  -37.497 1.0000000000
164887  21.589  23.091  -38.053 1.0000000000
160538  22.177  21.815  -36.874 1.0000000000
168628  20.982  25.444  -34.104 0.3750000000
171124  20.557  27.022  -38.124 0.7500000000
171107  21.192  27.704  -38.022 0.7500000000
171108  20.704  27.395  -37.426 0.5000000000
171123  21.579  27.192  -38.382 0.7500000000
176592  25.795  31.286  -38.380 0.2500000000
175540  26.148  30.830  -37.923 0.3750000000
123437  20.424  0.007  -28.665 0.7500000000
123447  21.804  -0.163  -29.301 0.7500000000
123438  19.973  0.020  -28.356 0.7500000000
124882  19.979  0.621  -28.767 0.7500000000
124894  21.659  0.325  -29.601 0.7500000000
123449  20.787  0.034  -28.932 0.7500000000
124896  20.714  0.597  -29.327 0.7500000000
124897  20.325  0.749  -29.115 0.7500000000
124908  22.132  0.420  -29.812 0.7500000000
124909  21.477  0.687  -29.826 0.7500000000
124910  21.099  0.718  -29.702 0.7500000000
128870  19.803  2.684  -29.987 0.7500000000
130219  19.563  3.349  -30.072 0.6250000000
126233  20.506  1.432  -30.020 0.7500000000
127552  20.253  2.001  -30.255 0.8750000000
126230  22.468  0.944  -30.227 0.7500000000
126231  21.812  1.087  -30.166 0.7500000000
126255  21.621  1.695  -30.516 0.7500000000
127573  20.811  2.166  -30.766 0.8750000000
128902  20.770  2.890  -31.258 0.8750000000
127570  22.836  1.813  -30.874 0.7500000000
127571  22.140  2.230  -30.914 0.7500000000
128882  21.757  2.522  -31.011 0.8750000000
130256  21.215  3.459  -31.812 0.8750000000
128899  22.783  3.052  -31.440 0.7500000000
128900  22.025  2.889  -31.346 0.8750000000
130255  21.821  3.479  -31.804 0.8750000000
130252  24.115  3.654  -31.550 0.8750000000
130253  23.360  3.699  -31.668 0.8750000000
131664  23.957  4.405  -31.724 0.8750000000
133063  23.193  5.376  -31.931 0.8750000000
133046  25.596  5.316  -30.884 0.3750000000
133047  24.935  5.268  -31.316 0.6250000000
133048  24.481  5.520  -31.541 0.7500000000
134450  23.702  6.111  -31.786 0.7500000000
134434  26.063  6.221  -30.689 0.5000000000
134435  25.348  6.133  -31.018 0.5000000000
135941  25.025  6.919  -31.336 0.7500000000
135958  24.284  6.926  -31.613 0.7500000000
135914  27.160  6.842  -30.017 0.1250000000
135916  26.163  7.410  -30.598 0.3750000000
137415  25.357  7.815  -31.050 0.6250000000
137434  24.902  7.608  -31.307 0.6250000000
138889  24.586  8.710  -31.256 0.6250000000
135913  27.925  6.757  -29.854 0.1250000000
137390  26.944  7.667  -30.076 0.1250000000
138870  26.198  8.508  -30.477 0.1250000000
140287  26.466  9.166  -30.245 0.1250000000
141675  25.190  9.975  -31.095 0.6250000000
143131  25.008  10.634  -31.362 0.6250000000
143132  24.595  10.551  -31.648 0.7500000000
140285  27.785  9.080  -29.824 0.1250000000
143094  27.629  10.431  -29.832 0.1250000000
143117  25.940  10.596  -30.611 0.1250000000
144582  25.683  11.297  -30.901 0.5000000000
144597  24.679  11.331  -31.650 0.6250000000
146043  24.406  12.217  -31.868 0.7500000000
138867  28.125  8.309  -29.734 0.1250000000
144581  26.255  11.308  -30.489 0.5000000000
146027  25.781  12.192  -30.931 0.5000000000
146041  25.361  12.749  -31.263 0.6250000000
147448  24.677  12.717  -31.828 0.7500000000
226330  20.617  21.285  -35.070 0.6250000000
166142  20.919  22.958  -34.953 0.5000000000
226375  20.546  23.173  -36.128 0.7500000000
148722  25.863  14.351  -31.624 0.6250000000
149976  25.059  15.153  -32.859 0.6250000000
149977  24.485  15.098  -33.365 0.8750000000
149946  26.429  15.213  -31.516 0.5000000000
148738  25.550  14.776  -32.058 0.6250000000
151190  25.839  15.647  -32.437 0.6250000000
151203  24.985  15.622  -33.253 0.7500000000
166190  20.343  23.723  -36.221 0.7500000000
151215  24.798  16.198  -33.752 0.8750000000
157854  23.996  19.313  -34.955 0.8750000000
157855  23.558  19.463  -35.480 0.8750000000
151214  25.320  16.541  -33.520 0.7500000000
155153  25.063  17.779  -34.159 0.8750000000
157853  24.499  19.184  -34.538 0.8750000000
159164  24.645  19.633  -34.292 0.8750000000
159166  23.697  20.156  -35.091 0.8750000000
151169  26.996  15.815  -31.603 0.3750000000
149963  25.896  15.232  -32.018 0.5000000000
151189  26.390  16.137  -32.259 0.5000000000
155152  25.990  17.440  -33.617 0.6250000000
151168  27.761  16.061  -31.453 0.2500000000
151188  27.205  16.470  -31.904 0.3750000000
152458  26.735  17.241  -32.923 0.5000000000
166162  20.485  24.181  -35.774 0.6250000000
168689  19.961  25.068  -37.826 0.7500000000
166215  20.412  23.525  -37.760 0.8750000000
167490  20.035  24.363  -37.063 0.7500000000
166203  20.848  23.932  -38.348 0.8750000000
160537  22.486  21.302  -36.533 0.8750000000
161997  22.879  21.990  -36.084 0.7500000000
161991  23.680  21.332  -35.121 0.8750000000
226347  25.558  17.835  -33.920 0.6250000000
156521  25.355  18.479  -34.104 0.7500000000
152457  27.099  17.130  -32.517 0.3750000000
226263  27.017  17.756  -33.155 0.5000000000
159148  25.800  20.161  -33.897 0.7500000000
152423  27.826  16.734  -31.837 0.2500000000
168661  20.445  25.020  -35.708 0.6250000000
166213  21.776  23.688  -37.915 0.8750000000
163447  22.433  22.994  -36.826 0.8750000000
166201  22.065  24.182  -37.618 0.7500000000
163437  23.332  22.799  -35.925 0.8750000000
161978  24.642  21.783  -34.264 0.7500000000
157836  26.282  19.399  -33.749 0.5000000000
156516  28.829  18.743  -33.297 0.2500000000
156517  28.024  18.754  -33.443 0.5000000000
156518  27.302  18.763  -33.511 0.5000000000
152442  28.927  17.273  -31.938 0.2500000000
168660  20.274  25.738  -35.800 0.5000000000
169884  19.886  26.226  -36.687 0.5000000000
169898  20.527  26.233  -38.568 0.6250000000
168697  21.687  25.830  -38.457 0.7500000000
167477  22.541  25.077  -37.413 0.7500000000
168686  22.228  25.817  -37.945 0.7500000000
167476  23.118  25.404  -36.986 0.7500000000
167452  23.969  24.848  -35.966 0.7500000000
167464  22.948  24.875  -36.852 0.7500000000
168685  22.940  25.956  -37.347 0.7500000000
166187  23.567  24.328  -36.067 0.7500000000
164845  24.563  23.299  -34.974 0.7500000000
166175  24.633  24.437  -35.422 0.7500000000
161960  26.247  21.832  -34.103 0.5000000000
163410  26.342  22.563  -34.411 0.3750000000
163412  24.836  22.664  -34.406 0.6250000000
157833  28.513  19.451  -33.823 0.2500000000
159163  27.785  20.678  -34.138 0.3750000000
161944  27.025  21.542  -34.137 0.3750000000
169908  21.795  26.505  -38.442 0.7500000000
169895  23.522  26.758  -37.149 0.7500000000
168672  23.568  25.960  -36.837 0.7500000000
168658  24.452  25.609  -35.982 0.7500000000
167434  25.495  24.790  -35.254 0.6250000000
163409  27.030  22.760  -34.758 0.3750000000
166157  26.294  24.150  -34.941 0.3750000000
157851  29.483  19.816  -34.325 0.1250000000
159178  29.153  20.741  -35.230 0.1250000000
161957  27.788  21.716  -34.691 0.2500000000
169897  22.144  26.844  -38.157 0.6250000000
171121  23.235  27.530  -37.541 0.7500000000
169894  24.116  26.995  -36.828 0.6250000000
168670  24.698  26.410  -36.216 0.7500000000
167433  26.096  24.756  -35.287 0.3750000000
168656  25.700  25.912  -35.701 0.3750000000
167451  24.556  25.080  -35.729 0.7500000000
163427  28.048  22.883  -35.720 0.2500000000
166174  27.048  23.804  -35.088 0.3750000000
166159  25.068  24.106  -35.085 0.6250000000
159175  31.008  20.243  -36.304 0.1250000000
160528  29.437  20.943  -36.171 0.1250000000
157865  30.677  19.952  -35.257 0.1250000000
171122  22.467  27.422  -38.045 0.6250000000
171105  24.933  27.530  -36.662 0.3750000000
171120  24.157  27.634  -37.036 0.3750000000
169879  25.930  26.878  -36.263 0.3750000000
167461  28.016  25.179  -36.597 0.2500000000
167448  26.500  25.274  -35.562 0.3750000000
169866  25.585  26.443  -35.933 0.3750000000
163443  28.657  22.093  -37.071 0.1250000000
166185  27.853  23.702  -36.017 0.3750000000
167431  27.218  24.695  -35.659 0.3750000000
157873  31.594  19.780  -36.511 0.1250000000
163425  28.488  22.183  -36.166 0.1250000000
174440  25.068  29.769  -37.683 0.3750000000
172301  23.789  28.414  -37.571 0.3750000000
172300  24.591  28.464  -37.150 0.3750000000
172283  25.975  28.104  -36.793 0.3750000000
172299  25.345  28.289  -36.939 0.3750000000
171118  27.582  26.961  -36.767 0.3750000000
171103  26.338  27.447  -36.477 0.3750000000
171104  25.653  27.438  -36.534 0.3750000000
168683  28.042  25.859  -36.984 0.3750000000
169862  27.359  25.842  -36.285 0.3750000000
169878  26.605  26.780  -36.322 0.3750000000
162024  29.326  21.371  -38.703 0.1250000000
166198  28.306  23.937  -37.022 0.1250000000
166199  28.420  24.199  -37.739 0.2500000000
160542  30.414  20.831  -37.769 0.1250000000
174438  26.511  29.730  -37.387 0.2500000000
173349  27.404  28.698  -37.364 0.2500000000
173350  26.741  28.866  -37.180 0.3750000000
173351  25.976  28.832  -37.115 0.3750000000
169906  28.345  26.547  -38.051 0.1250000000
172280  27.478  27.739  -36.967 0.3750000000
172282  26.696  28.010  -36.737 0.3750000000
168695  28.336  25.800  -37.692 0.1250000000
169892  28.150  26.509  -37.387 0.2500000000
164908  28.106  23.401  -39.544 0.1250000000
167487  28.468  25.027  -38.073 0.1250000000
175522  26.134  30.254  -37.515 0.3750000000
174439  25.747  29.687  -37.378 0.3750000000
174436  27.590  29.367  -37.773 0.2500000000
171141  28.306  27.291  -38.333 0.1250000000
172318  28.313  28.104  -38.550 0.1250000000
169924  28.391  26.639  -39.619 0.1250000000
171148  28.364  27.401  -39.124 0.1250000000
162048  28.748  21.841  -39.981 0.1250000000
167510  28.163  25.002  -40.475 0.1250000000
173385  28.496  29.134  -39.763 0.1250000000
168727  28.165  25.786  -40.922 0.1250000000
172328  28.509  28.330  -40.298 0.1250000000
163495  27.800  22.857  -41.241 0.1250000000
162057  28.569  21.921  -40.678 0.1250000000
128901  21.341  2.922  -31.365 0.8750000000
147446  25.767  13.311  -31.182 0.6250000000
226333  24.886  17.330  -34.195 0.8750000000
156520  26.118  18.375  -33.858 0.5000000000
153745  28.006  17.762  -32.516 0.3750000000
169885  19.847  25.411  -37.041 0.6250000000
167479  21.116  24.847  -38.601 0.8750000000
166202  21.512  23.946  -38.115 0.8750000000
167478  21.889  24.950  -38.098 0.7500000000
164874  22.305  23.654  -37.203 0.8750000000
164873  22.787  23.681  -36.743 0.7500000000
164864  23.658  23.622  -35.779 0.7500000000
163429  23.780  22.483  -35.309 0.7500000000
159147  26.560  20.222  -33.862 0.5000000000
160505  26.120  21.051  -33.976 0.5000000000
160506  25.343  20.897  -33.970 0.7500000000
159146  27.356  20.321  -33.865 0.5000000000
164897  28.296  23.551  -38.774 0.1250000000
172310  28.100  27.840  -37.791 0.2500000000
169933  28.362  26.651  -40.450 0.1250000000
164922  27.771  23.766  -40.961 0.1250000000
138887  25.660  8.551  -30.783 0.5000000000
140306  24.818  9.350  -31.209 0.6250000000
140324  24.327  9.342  -31.438 0.7500000000
147433  26.638  13.372  -30.728 0.3750000000
147445  26.186  13.854  -31.142 0.3750000000
149944  28.007  15.561  -31.103 0.2500000000
159150  24.528  20.533  -34.219 0.7500000000
167497  28.462  25.049  -38.864 0.1250000000
151167  28.646  15.952  -31.238 0.1250000000
121958  21.203  -1.337  -28.320 0.7500000000
121959  20.573  -0.783  -28.331 0.7500000000
123424  19.706  -0.196  -27.895 0.7500000000
124883  19.674  0.572  -28.391 0.7500000000
121968  22.037  -1.219  -28.869 0.7500000000
123436  20.908  -0.457  -28.693 0.7500000000
121967  22.978  -1.255  -29.417 0.7500000000
128848  19.646  2.330  -29.513 0.6250000000
126217  20.254  1.243  -29.458 0.7500000000
123460  22.732  -0.058  -29.777 0.6250000000
126253  22.933  1.131  -30.570 0.7500000000
127569  23.272  1.558  -30.861 0.6250000000
128898  23.499  2.968  -31.381 0.6250000000
130235  25.512  3.925  -31.153 0.3750000000
131663  24.639  4.400  -31.575 0.5000000000
133045  26.281  5.301  -30.566 0.1250000000
134409  27.419  6.002  -29.990 0.1250000000
135912  28.711  6.693  -29.889 0.1250000000
138866  28.930  8.232  -29.546 0.1250000000
140284  28.550  9.063  -29.565 0.1250000000
141653  28.962  9.854  -29.589 0.1250000000
159181  20.949  21.623  -34.479 0.3750000000
143093  28.413  10.472  -29.733 0.1250000000
144557  27.812  10.854  -29.844 0.1250000000
146025  27.333  12.631  -30.265 0.1250000000
148703  27.208  14.223  -30.730 0.2500000000
148721  26.574  14.350  -31.117 0.2500000000
167418  21.014  24.370  -34.488 0.5000000000
152421  29.367  16.759  -31.603 0.1250000000
152422  28.450  16.703  -31.639 0.2500000000
155151  30.558  18.135  -33.223 0.1250000000
156535  30.402  19.080  -33.998 0.1250000000
156546  31.568  19.032  -35.241 0.1250000000
169856  20.541  26.084  -35.512 0.3750000000
156545  32.019  18.782  -35.799 0.1250000000
157881  31.938  19.523  -37.673 0.1250000000
155196  32.451  18.487  -36.806 0.1250000000
160565  30.562  20.881  -39.244 0.1250000000
157914  31.630  19.952  -40.507 0.1250000000
177590  22.089  30.250  -37.004 0.1250000000
175538  27.459  30.556  -38.224 0.2500000000
174466  28.328  29.991  -39.220 0.1250000000
175559  28.400  30.859  -39.773 0.1250000000
171162  28.510  27.504  -40.802 0.1250000000
173393  28.638  29.187  -40.658 0.1250000000
167516  27.862  24.857  -41.368 0.1250000000
160602  29.708  21.288  -41.158 0.1250000000
166247  27.701  24.201  -41.768 0.1250000000
148752  24.397  14.164  -32.853 0.7500000000
148740  24.598  13.834  -32.384 0.7500000000
156549  20.153  19.676  -34.722 0.3750000000
159179  23.240  20.264  -35.624 0.8750000000
131666  22.575  4.339  -32.047 0.8750000000
127574  20.471  2.380  -30.687 0.8750000000
134437  24.320  6.059  -31.624 0.7500000000
140323  24.594  9.683  -31.404 0.6250000000
226328  24.707  16.932  -34.269 0.8750000000
162004  22.034  22.389  -37.245 0.8750000000
161998  22.394  22.205  -36.594 0.8750000000
160531  22.992  21.128  -35.804 0.8750000000
173353  24.443  29.149  -37.627 0.3750000000
175524  25.135  30.339  -37.932 0.3750000000
176602  26.789  31.822  -38.721 0.1250000000
175539  27.000  31.023  -38.193 0.2500000000
124881  20.354  0.499  -28.959 0.7500000000
123423  20.119  -0.563  -28.114 0.7500000000
123448  21.136  -0.045  -29.095 0.7500000000
121969  21.407  -0.640  -28.848 0.7500000000
123461  22.296  -0.067  -29.533 0.7500000000
126204  19.549  0.970  -28.485 0.7500000000
126203  19.741  1.378  -29.024 0.7500000000
124895  21.294  0.350  -29.479 0.7500000000
126216  20.602  1.129  -29.743 0.7500000000
126232  21.016  1.282  -30.123 0.7500000000
127533  19.833  1.927  -29.520 0.7500000000
128871  19.511  2.988  -29.756 0.6250000000
126256  21.192  1.827  -30.582 0.8750000000
126254  22.277  1.471  -30.558 0.7500000000
127572  21.435  2.247  -30.815 0.8750000000
127588  20.989  2.661  -31.086 0.8750000000
127586  22.437  2.651  -31.222 0.7500000000
127585  22.869  2.448  -31.191 0.7500000000
130254  22.566  3.681  -31.823 0.8750000000
128897  24.262  2.873  -31.360 0.6250000000
133062  23.916  5.268  -31.779 0.7500000000
131648  25.862  4.516  -30.871 0.2500000000
131649  25.274  4.510  -31.251 0.5000000000
133061  24.410  4.968  -31.631 0.6250000000
134436  24.806  6.062  -31.403 0.7500000000
135940  25.833  7.006  -30.842 0.5000000000
135939  26.127  6.733  -30.675 0.2500000000
134410  26.730  6.095  -30.330 0.1250000000
137391  26.386  7.806  -30.370 0.2500000000
137414  25.950  7.851  -30.702 0.3750000000
138888  25.100  8.633  -31.014 0.6250000000
137389  27.660  7.577  -29.866 0.1250000000
137388  28.431  7.502  -29.763 0.1250000000
138869  26.734  8.440  -30.146 0.1250000000
140288  25.922  9.220  -30.568 0.5000000000
141657  26.165  9.879  -30.359 0.1250000000
141655  27.391  9.790  -29.894 0.1250000000
141674  25.669  9.932  -30.736 0.5000000000
143095  26.974  10.435  -29.985 0.1250000000
144580  26.691  11.419  -30.225 0.1250000000
146028  25.420  11.749  -31.106 0.6250000000
146026  26.639  12.131  -30.470 0.1250000000
147447  25.033  13.242  -31.755 0.6250000000
148739  25.076  14.287  -32.252 0.6250000000
151201  26.151  16.616  -32.804 0.6250000000
160519  24.289  20.997  -34.424 0.7500000000
156503  26.369  17.822  -33.643 0.5000000000
168688  20.379  25.378  -38.376 0.6250000000
161980  23.758  22.042  -35.170 0.7500000000
156500  28.196  18.202  -32.949 0.3750000000
163446  22.942  23.145  -36.456 0.7500000000
161977  25.105  22.211  -34.150 0.6250000000
163413  24.217  22.455  -34.844 0.7500000000
157835  26.991  19.517  -33.646 0.5000000000
157832  29.268  19.309  -33.802 0.1250000000
156515  29.901  18.639  -33.323 0.1250000000
153744  29.059  17.985  -32.561 0.2500000000
153743  30.085  17.767  -32.631 0.1250000000
169896  22.656  26.685  -37.732 0.7500000000
167463  23.556  25.150  -36.432 0.7500000000
164844  25.295  23.355  -34.643 0.6250000000
161975  26.917  22.196  -34.517 0.3750000000
164843  25.917  23.252  -34.458 0.3750000000
159145  28.163  20.185  -34.019 0.1250000000
160517  28.164  21.211  -34.683 0.3750000000
169881  24.496  26.799  -36.507 0.3750000000
163407  28.069  22.491  -35.490 0.3750000000
159160  29.626  20.286  -34.910 0.1250000000
161972  28.562  21.638  -35.600 0.1250000000
159177  29.659  20.579  -35.659 0.1250000000
167447  27.032  25.192  -35.774 0.3750000000
169864  26.738  26.187  -36.131 0.3750000000
164861  28.249  23.274  -36.569 0.2500000000
160534  30.096  20.834  -37.212 0.1250000000
157882  31.536  19.909  -37.281 0.1250000000
157864  31.247  19.832  -35.677 0.1250000000
160535  29.448  21.128  -36.777 0.1250000000
167460  27.915  24.707  -36.348 0.2500000000
160543  29.652  21.194  -37.585 0.1250000000
162011  29.163  21.490  -38.093 0.1250000000
163444  28.482  22.523  -37.396 0.1250000000
173352  25.196  29.053  -37.278 0.3750000000
171133  28.171  27.172  -37.634 0.3750000000
169877  27.323  26.470  -36.478 0.3750000000
160554  29.857  21.155  -38.242 0.1250000000
163465  28.335  22.316  -38.463 0.1250000000
163474  28.314  22.141  -39.050 0.1250000000
160578  29.625  21.195  -39.638 0.1250000000
164885  28.370  23.565  -38.121 0.1250000000
166212  28.406  24.281  -38.469 0.1250000000
157890  31.527  19.966  -37.879 0.1250000000
159200  30.941  20.615  -38.518 0.1250000000
174453  27.821  29.853  -38.163 0.2500000000
174455  26.605  30.454  -37.707 0.2500000000
173363  27.872  28.697  -37.849 0.2500000000
168711  28.468  25.838  -39.258 0.1250000000
166231  28.155  24.247  -40.019 0.1250000000
166222  28.341  24.260  -39.230 0.1250000000
163485  27.835  22.969  -40.667 0.1250000000
173374  28.331  29.022  -38.832 0.1250000000
172323  28.438  28.251  -39.423 0.1250000000
168719  28.329  25.832  -40.070 0.1250000000
160590  29.699  21.227  -40.463 0.1250000000
167504  28.368  25.039  -39.665 0.1250000000
174473  28.613  29.986  -40.152 0.1250000000
121946  20.882  -1.569  -27.906 0.7500000000
121957  21.685  -1.484  -28.534 0.7500000000
120460  21.826  -1.902  -28.430 0.7500000000
121947  20.438  -1.412  -27.653 0.7500000000
127520  19.347  1.776  -28.699 0.5000000000
127519  19.616  1.791  -29.124 0.6250000000
127584  23.614  2.077  -31.139 0.6250000000
128896  24.962  2.811  -31.261 0.5000000000
144556  28.805  10.938  -29.866 0.1250000000
144555  29.324  11.088  -29.961 0.1250000000
146001  27.279  11.738  -30.070 0.1250000000
156514  30.716  18.618  -33.761 0.1250000000
157898  31.703  20.109  -39.309 0.1250000000
160576  30.825  20.679  -39.972 0.1250000000
121948  19.840  -0.885  -27.615 0.7500000000
126191  19.146  1.062  -27.995 0.5000000000
119009  21.783  -2.792  -27.829 0.6250000000
119022  22.102  -2.765  -28.242 0.6250000000
119029  23.683  -2.735  -29.281 0.3750000000
120471  22.655  -1.886  -29.032 0.6250000000
120481  23.904  -1.895  -29.902 0.2500000000
121966  23.367  -1.450  -29.617 0.3750000000
130251  24.921  3.631  -31.440 0.3750000000
166143  21.111  22.749  -34.246 0.3750000000
171090  20.825  26.952  -35.898 0.2500000000
120461  21.410  -1.888  -28.112 0.6250000000
123459  23.453  -0.127  -30.153 0.5000000000
124922  23.350  0.714  -30.561 0.5000000000
126252  23.727  1.213  -30.893 0.3750000000
117563  23.479  -3.230  -29.005 0.5000000000
119030  22.938  -2.710  -28.964 0.6250000000
127583  24.433  2.150  -31.202 0.5000000000
117544  21.660  -3.288  -27.268 0.6250000000
124854  19.179  0.471  -27.417 0.3750000000
123408  19.470  -0.611  -27.315 0.3750000000
119010  21.438  -2.756  -27.408 0.6250000000
120445  21.061  -1.942  -27.727 0.6250000000
121934  20.189  -1.591  -27.155 0.6250000000
117542  23.667  -3.943  -27.639 0.3750000000
116051  22.720  -3.940  -28.147 0.5000000000
117543  21.973  -3.273  -27.728 0.6250000000
126185  18.836  1.091  -27.262 0.2500000000
117552  23.981  -3.249  -28.665 0.3750000000
120479  24.777  -1.444  -29.897 0.2500000000
120469  24.276  -2.214  -29.347 0.2500000000
130220  19.304  3.320  -29.635 0.3750000000
121987  24.398  -0.723  -30.430 0.2500000000
126251  24.216  0.865  -30.922 0.3750000000
124936  24.989  1.041  -31.146 0.2500000000
127582  25.113  2.105  -31.187 0.2500000000
128895  25.601  2.790  -31.096 0.2500000000
141676  17.927  10.247  -31.135 0.1250000000
130234  25.999  3.626  -30.882 0.2500000000
151216  18.805  15.838  -33.588 0.3750000000
149980  18.588  14.683  -32.704 0.2500000000
156558  19.944  19.077  -34.963 0.2500000000
168636  20.798  25.841  -34.937 0.2500000000
140308  17.946  9.427  -30.811 0.2500000000
130204  18.938  3.251  -29.076 0.2500000000
149992  18.797  15.129  -33.350 0.3750000000
124906  23.385  0.368  -30.400 0.5000000000
124867  19.484  0.446  -28.001 0.5000000000
120459  22.383  -2.318  -28.660 0.6250000000
121979  23.085  -0.622  -29.717 0.5000000000
130250  25.400  3.354  -31.161 0.2500000000
120446  20.662  -1.924  -27.383 0.6250000000
127508  18.887  1.792  -27.886 0.3750000000
126270  24.564  1.367  -31.133 0.2500000000
117555  22.247  -3.247  -28.140 0.6250000000
119021  22.509  -2.783  -28.592 0.5000000000
120470  23.404  -1.942  -29.499 0.2500000000
119028  24.122  -2.739  -28.893 0.2500000000
120468  24.865  -1.648  -29.474 0.2500000000
121978  23.727  -1.147  -29.946 0.3750000000
123472  23.914  -0.068  -30.393 0.3750000000
117553  23.396  -3.767  -28.470 0.5000000000
117541  24.086  -3.446  -27.939 0.3750000000
123409  19.227  -0.154  -26.999 0.3750000000
120431  20.859  -2.374  -27.185 0.6250000000
116050  23.218  -4.225  -27.965 0.3750000000
116043  22.258  -3.959  -27.724 0.5000000000
123471  24.299  -0.132  -30.620 0.2500000000
126269  25.300  1.461  -31.188 0.2500000000
141662  17.893  10.233  -30.280 0.1250000000
117505  20.484  -3.405  -25.998 0.5000000000
116042  22.760  -4.384  -27.670 0.2500000000
114741  22.491  -5.351  -26.887 0.3750000000
117529  21.803  -3.813  -27.235 0.5000000000
118997  20.663  -2.819  -26.619 0.5000000000
117506  20.155  -3.396  -25.616 0.3750000000
120411  19.711  -1.968  -26.146 0.5000000000
118975  20.321  -2.868  -26.186 0.5000000000
121935  19.788  -1.420  -26.868 0.3750000000
120432  20.337  -1.979  -26.976 0.5000000000
117452  19.419  -3.711  -24.243 0.1250000000
117478  19.917  -3.480  -25.262 0.3750000000
121917  19.262  -1.330  -26.024 0.2500000000
113289  19.759  -5.641  -24.001 0.1250000000
115959  19.824  -4.564  -24.545 0.2500000000
115978  20.229  -4.506  -25.112 0.3750000000
114724  21.268  -5.043  -26.032 0.3750000000
116000  21.088  -4.453  -26.062 0.5000000000
115940  19.262  -4.757  -23.464 0.1250000000
115979  19.964  -4.015  -25.011 0.3750000000
116001  20.668  -4.260  -25.714 0.3750000000
118933  19.329  -3.175  -24.378 0.1250000000
121902  19.005  -1.287  -25.337 0.1250000000
148702  27.949  14.295  -30.503 0.1250000000
121936  19.272  -0.813  -26.735 0.3750000000
118996  21.068  -2.816  -26.990 0.5000000000
117530  21.256  -3.378  -26.837 0.5000000000
116023  23.605  -4.533  -26.742 0.2500000000
117504  20.978  -3.866  -26.265 0.5000000000
118976  19.968  -2.873  -25.769 0.5000000000
116025  22.164  -4.623  -27.220 0.3750000000
116026  21.468  -4.362  -26.616 0.3750000000
114742  21.844  -5.274  -26.521 0.3750000000
117477  20.250  -3.836  -25.441 0.3750000000
118954  19.568  -3.070  -25.032 0.2500000000
120390  19.508  -2.367  -25.465 0.1250000000
120412  19.401  -1.884  -25.720 0.1250000000
121916  19.582  -1.572  -26.350 0.1250000000
120433  19.993  -1.939  -26.594 0.5000000000
115939  19.435  -4.502  -23.982 0.1250000000
117442  19.226  -3.906  -23.689 0.1250000000
117451  19.616  -3.681  -24.682 0.2500000000
118923  19.118  -2.941  -23.497 0.1250000000
114651  19.289  -5.330  -23.393 0.1250000000
114650  19.532  -5.154  -23.898 0.1250000000
115958  20.091  -4.727  -24.817 0.3750000000
113358  21.873  -5.793  -26.312 0.2500000000
118955  19.255  -2.555  -24.896 0.1250000000
120391  19.156  -1.861  -25.219 0.1250000000
114675  20.191  -5.108  -24.812 0.2500000000
113344  21.031  -5.986  -25.492 0.2500000000
128829  18.930  2.518  -28.517 0.2500000000
113357  22.265  -5.771  -26.457 0.2500000000
114676  19.865  -5.269  -24.338 0.1250000000
114706  20.991  -5.067  -25.686 0.2500000000
114707  20.662  -5.003  -25.399 0.2500000000
113319  20.623  -5.817  -25.052 0.1250000000
128820  18.742  2.557  -27.660 0.1250000000
226337  20.395  20.704  -34.168 0.1250000000
157869  20.091  20.054  -34.199 0.1250000000
159135  20.465  21.195  -33.577 0.1250000000
226390  19.460  20.183  -31.343 0.1250000000
226397  19.487  20.528  -31.374 0.1250000000
167419  21.242  23.665  -33.634 0.1250000000
226363  20.798  22.237  -33.677 0.1250000000
161879  18.953  19.692  -28.516 0.1250000000
163357  19.781  21.164  -31.518 0.1250000000
167398  21.098  24.804  -33.370 0.1250000000
155142  18.964  18.923  -31.767 0.1250000000
164781  20.000  21.588  -31.516 0.1250000000
166110  19.666  22.572  -31.643 0.1250000000
164735  20.092  21.195  -29.199 0.1250000000
156504  19.309  18.594  -32.571 0.1250000000
156505  19.278  18.852  -32.314 0.1250000000
147463  18.257  13.862  -32.400 0.1250000000
124848  18.938  0.412  -26.705 0.1250000000
127501  18.703  1.849  -27.018 0.1250000000
151176  18.085  15.572  -31.593 0.1250000000
157796  18.709  18.757  -31.411 0.1250000000
152393  15.908  17.460  -30.099 0.1250000000
156411  17.134  19.091  -29.042 0.1250000000
226427  18.571  19.344  -27.815 0.1250000000
161833  19.327  20.482  -26.929 0.1250000000
164712  20.031  21.336  -28.441 0.1250000000
168602  19.935  24.067  -32.008 0.1250000000
155155  19.167  18.226  -32.810 0.1250000000
131631  19.072  4.069  -29.620 0.1250000000
131616  18.751  3.882  -28.815 0.1250000000
128849  19.365  2.611  -29.315 0.1250000000
166144  20.985  22.517  -33.534 0.1250000000
167420  21.035  23.360  -32.862 0.1250000000
149965  18.192  15.056  -32.013 0.1250000000
130176  18.748  3.356  -27.422 0.1250000000
157823  19.418  19.741  -31.682 0.1250000000
157743  18.177  19.153  -29.102 0.1250000000
163305  19.378  20.043  -28.555 0.1250000000
160400  18.671  19.461  -27.157 0.1250000000
166109  19.789  23.215  -31.628 0.1250000000
163318  19.668  20.453  -28.899 0.1250000000
164734  20.455  22.021  -29.171 0.1250000000
117527  24.282  -3.764  -26.930 0.1250000000
119008  24.607  -3.047  -27.567 0.1250000000
119020  24.423  -2.748  -28.298 0.1250000000
120457  25.042  -1.953  -28.528 0.1250000000
121965  25.346  -1.276  -29.129 0.1250000000
121986  24.925  -0.855  -30.350 0.1250000000
123458  25.231  -0.637  -30.220 0.1250000000
124920  24.715  0.499  -31.019 0.1250000000
124905  26.465  0.452  -29.669 0.1250000000
124918  25.842  0.473  -30.269 0.1250000000
124935  25.388  0.882  -31.044 0.1250000000
127567  27.091  1.903  -30.566 0.1250000000
127581  25.801  2.075  -31.126 0.1250000000
128869  27.543  2.425  -30.537 0.1250000000
127568  26.501  1.961  -30.963 0.1250000000
128881  26.301  2.790  -30.902 0.1250000000
113341  22.702  -5.825  -25.828 0.1250000000
113343  21.452  -5.865  -25.982 0.1250000000
113340  23.299  -5.522  -25.691 0.1250000000
114723  23.288  -5.351  -25.981 0.1250000000
116022  24.129  -4.316  -26.390 0.1250000000
117526  25.127  -3.346  -26.513 0.1250000000
119019  24.915  -2.539  -27.876 0.1250000000
120442  25.736  -1.688  -27.869 0.1250000000
121964  25.823  -0.876  -28.864 0.1250000000
123457  25.676  -0.279  -29.978 0.1250000000
123444  26.678  0.016  -28.930 0.1250000000
126249  27.116  1.454  -30.112 0.1250000000
130233  26.846  3.600  -30.606 0.1250000000
130232  27.398  3.354  -30.569 0.1250000000
131647  26.510  4.443  -30.528 0.1250000000
117528  23.706  -4.138  -27.175 0.1250000000
126268  25.923  1.345  -31.020 0.1250000000
116024  22.923  -4.798  -27.129 0.1250000000
114739  23.527  -4.977  -26.201 0.1250000000
111777  22.134  -6.205  -25.687 0.1250000000
117503  24.429  -4.118  -26.321 0.1250000000
120443  25.372  -2.217  -27.610 0.1250000000
121975  25.682  -0.791  -29.421 0.1250000000
121956  25.571  -1.338  -28.625 0.1250000000
123469  25.492  0.085  -30.381 0.1250000000
126250  26.480  1.145  -30.437 0.1250000000
126228  26.882  1.051  -29.833 0.1250000000
128880  27.067  2.712  -30.761 0.1250000000
127549  28.168  2.060  -29.627 0.1250000000
113317  22.865  -6.174  -24.961 0.1250000000
120430  25.484  -2.435  -27.168 0.1250000000
128868  28.073  2.757  -30.194 0.1250000000
111779  21.200  -6.433  -25.529 0.2500000000
111780  20.942  -6.255  -25.187 0.1250000000
113288  20.122  -5.815  -24.349 0.1250000000
113318  21.029  -5.466  -25.592 0.2500000000
113342  22.030  -6.060  -26.057 0.1250000000
113356  22.652  -5.608  -26.461 0.2500000000
114725  20.956  -4.760  -25.761 0.3750000000
114740  23.047  -5.234  -26.490 0.1250000000
115999  23.882  -4.662  -26.139 0.1250000000
116041  23.336  -4.367  -27.412 0.3750000000
116052  22.335  -3.571  -28.073 0.5000000000
117441  19.501  -4.076  -24.229 0.1250000000
117531  20.851  -3.360  -26.419 0.5000000000
117554  22.635  -3.289  -28.462 0.5000000000
117562  23.855  -3.033  -29.013 0.2500000000
117564  23.034  -3.345  -28.859 0.5000000000
118932  19.492  -3.314  -24.703 0.1250000000
118995  24.903  -3.120  -27.027 0.1250000000
119007  25.132  -2.705  -27.353 0.1250000000
120410  20.150  -2.412  -26.391 0.5000000000
120444  21.611  -2.339  -27.947 0.6250000000
120456  25.604  -1.514  -28.327 0.1250000000
120458  24.392  -2.355  -28.723 0.2500000000
120472  22.218  -1.838  -28.756 0.7500000000
120480  24.378  -1.670  -29.897 0.2500000000
121976  25.161  -1.053  -29.856 0.1250000000
121977  24.572  -1.221  -30.172 0.2500000000
121988  23.967  -0.437  -30.285 0.2500000000
123425  19.448  -0.000  -27.511 0.3750000000
123435  26.200  -0.611  -28.651 0.1250000000
123446  22.513  -0.536  -29.370 0.7500000000
123470  25.073  -0.267  -30.590 0.1250000000
124866  19.753  0.287  -28.282 0.7500000000
124893  26.615  0.169  -29.187 0.1250000000
124907  22.898  0.535  -30.213 0.5000000000
124919  25.396  0.408  -30.677 0.1250000000
124921  23.876  0.405  -30.630 0.3750000000
124934  25.798  0.847  -30.684 0.1250000000
126229  22.757  0.870  -30.326 0.7500000000
126271  24.075  1.684  -31.155 0.2500000000
127534  19.560  2.087  -29.236 0.6250000000
127550  27.595  1.963  -30.120 0.1250000000
127551  20.589  1.664  -30.363 0.7500000000
127587  21.194  2.550  -30.997 0.8750000000
128879  27.630  2.965  -30.540 0.1250000000
128883  21.523  2.644  -31.087 0.8750000000
128884  20.577  2.563  -30.881 0.8750000000
130268  22.168  4.018  -32.074 1.0000000000
131676  22.751  4.858  -32.068 1.0000000000
131693  20.737  5.149  -32.714 1.0000000000
133084  20.572  5.675  -33.003 1.0000000000
134471  21.325  6.306  -32.940 1.0000000000
134473  20.315  6.108  -33.318 1.0000000000
134483  20.738  6.739  -33.583 1.0000000000
134484  20.450  6.565  -33.587 1.0000000000
134485  20.123  6.404  -33.548 1.0000000000
135915  26.445  6.974  -30.468 0.3750000000
135942  24.630  6.489  -31.518 0.7500000000
135957  24.697  7.329  -31.461 0.7500000000
135970  19.418  6.965  -32.710 0.8750000000
135971  19.179  7.094  -32.408 0.8750000000
135983  19.547  7.112  -33.128 0.8750000000
135995  21.196  7.259  -33.462 1.0000000000
137416  24.875  8.115  -31.177 0.6250000000
137436  23.831  7.739  -31.737 0.8750000000
137470  19.631  7.802  -33.775 1.0000000000
137483  19.775  8.425  -34.342 1.0000000000
138868  27.380  8.368  -29.896 0.1250000000
138908  23.481  8.488  -31.925 0.8750000000
138949  20.952  8.005  -34.624 1.0000000000
138963  20.684  8.400  -34.954 1.0000000000
138965  19.726  8.929  -34.547 1.0000000000
138975  20.852  8.981  -35.372 1.0000000000
138976  20.303  9.035  -35.145 1.0000000000
140286  27.075  9.116  -29.976 0.1250000000
140305  25.386  9.278  -30.879 0.6250000000
140307  24.577  9.134  -31.285 0.6250000000
140341  23.154  9.223  -32.144 0.8750000000
140344  18.335  9.400  -32.194 0.3750000000
140369  19.232  9.423  -33.895 1.0000000000
140380  19.754  9.451  -34.749 1.0000000000
140381  19.519  9.839  -34.509 0.8750000000
140382  19.665  10.057  -34.708 1.0000000000
140393  21.374  9.469  -35.033 1.0000000000
140394  21.175  9.518  -35.481 1.0000000000
140395  20.488  9.489  -35.469 1.0000000000
140396  20.063  9.648  -35.118 1.0000000000
140398  19.817  10.075  -34.948 1.0000000000
140410  21.193  9.821  -35.661 1.0000000000
140412  20.119  9.938  -35.333 1.0000000000
140413  19.931  10.452  -35.299 1.0000000000
140414  19.883  10.275  -35.086 1.0000000000
140428  20.801  10.496  -36.037 1.0000000000
140430  19.809  10.852  -35.655 1.0000000000
140444  21.023  10.904  -35.992 1.0000000000
140445  20.547  10.703  -35.949 1.0000000000
140446  20.286  10.834  -35.885 1.0000000000
141654  28.133  9.794  -29.765 0.1250000000
141656  26.737  9.822  -30.071 0.1250000000
141688  24.796  10.026  -31.414 0.6250000000
141689  24.433  9.998  -31.596 0.6250000000
141704  22.934  9.947  -32.502 0.8750000000
141720  22.055  9.539  -33.249 1.0000000000
141721  18.697  9.894  -33.063 0.6250000000
141734  21.940  9.933  -33.589 1.0000000000
141735  18.948  9.828  -33.563 0.8750000000
141736  18.947  10.626  -34.091 0.7500000000
141737  19.074  11.047  -34.163 0.7500000000
141751  19.303  10.425  -34.333 1.0000000000
141752  19.042  10.822  -33.983 0.7500000000
141764  21.667  10.103  -34.859 1.0000000000
141766  19.748  10.636  -34.962 1.0000000000
141767  19.311  10.830  -34.370 0.7500000000
141778  21.908  10.416  -34.916 1.0000000000
141779  21.557  10.061  -35.309 1.0000000000
141780  21.209  10.021  -35.791 1.0000000000
141781  19.809  11.131  -35.207 1.0000000000
141796  21.462  10.410  -35.630 1.0000000000
141797  21.139  10.367  -35.925 1.0000000000
141814  20.938  10.739  -36.022 1.0000000000
141815  20.710  10.907  -35.995 1.0000000000
141816  20.084  11.015  -35.891 1.0000000000
141827  20.060  11.174  -35.982 1.0000000000
141828  19.979  11.380  -36.020 1.0000000000
143092  29.194  10.615  -29.750 0.1250000000
143096  26.439  10.509  -30.241 0.1250000000
143118  25.445  10.626  -30.981 0.6250000000
143133  24.242  10.427  -31.838 0.7500000000
143143  24.294  10.910  -31.875 0.7500000000
143145  23.325  10.478  -32.511 0.8750000000
143157  23.316  11.053  -32.532 0.8750000000
143159  18.581  10.188  -32.932 0.6250000000
143161  18.826  11.090  -33.697 0.7500000000
143172  22.072  10.571  -33.585 1.0000000000
143173  18.739  10.020  -33.218 0.6250000000
143174  18.874  10.583  -33.702 0.7500000000
143176  18.924  11.404  -33.917 0.6250000000
143187  22.148  11.070  -33.764 1.0000000000
143189  18.950  9.848  -33.663 0.8750000000
143190  19.046  10.340  -33.983 0.8750000000
143191  19.027  11.247  -34.053 0.7500000000
143192  19.026  11.539  -34.066 1.0000000000
143204  22.031  11.000  -33.874 1.0000000000
143207  19.114  11.176  -34.114 1.0000000000
143208  19.081  11.759  -34.174 1.0000000000
143220  21.942  10.857  -34.893 1.0000000000
143221  21.983  10.877  -35.064 1.0000000000
143222  19.906  11.612  -35.150 1.0000000000
143223  19.849  11.322  -35.052 1.0000000000
143236  21.090  10.910  -35.918 1.0000000000
143237  19.976  11.817  -35.129 1.0000000000
143254  21.181  11.206  -35.875 1.0000000000
143256  20.866  11.585  -35.953 1.0000000000
143257  19.784  12.027  -35.922 1.0000000000
143270  20.301  11.685  -36.006 1.0000000000
143271  20.063  11.718  -36.039 1.0000000000
144558  27.017  10.993  -30.016 0.1250000000
144559  26.667  10.954  -30.151 0.1250000000
144596  25.211  11.305  -31.233 0.6250000000
144622  23.024  11.644  -32.733 1.0000000000
144624  18.586  12.504  -33.556 0.5000000000
144641  22.201  11.696  -33.752 1.0000000000
144654  19.118  12.059  -34.188 0.6250000000
144656  19.506  11.986  -34.664 0.6250000000
144670  22.170  11.531  -35.158 1.0000000000
144671  21.831  11.316  -35.176 1.0000000000
144673  19.806  12.452  -35.221 1.0000000000
144688  21.685  11.837  -35.198 1.0000000000
144689  21.259  11.352  -35.791 1.0000000000
144690  20.038  12.565  -35.585 1.0000000000
144706  20.810  11.671  -35.937 1.0000000000
144707  21.030  12.079  -35.821 1.0000000000
144708  20.621  12.318  -35.896 1.0000000000
144723  20.205  12.045  -35.792 1.0000000000
146000  28.003  11.937  -30.009 0.1250000000
146002  26.911  11.594  -30.172 0.1250000000
146042  25.063  12.189  -31.443 0.6250000000
146066  22.557  11.973  -33.483 1.0000000000
146075  22.673  12.772  -33.706 1.0000000000
146082  22.172  12.159  -34.439 1.0000000000
146083  19.090  12.351  -34.194 0.6250000000
146084  18.893  12.578  -33.985 0.8750000000
146090  21.963  11.762  -34.960 1.0000000000
146091  19.255  12.279  -34.360 0.6250000000
146093  19.655  13.055  -35.072 0.8750000000
146101  21.666  12.155  -35.267 1.0000000000
146102  21.961  12.082  -34.935 1.0000000000
146103  19.864  13.239  -35.543 0.8750000000
146115  21.517  12.131  -35.477 1.0000000000
146117  21.337  11.843  -35.565 1.0000000000
146119  20.053  13.244  -35.749 0.8750000000
147434  26.164  12.768  -30.754 0.5000000000
147449  17.935  13.684  -31.694 0.1250000000
147460  24.727  13.647  -32.162 0.7500000000
147461  24.283  13.186  -32.351 0.8750000000
147480  22.951  13.177  -33.700 1.0000000000
147482  19.064  13.821  -33.950 0.6250000000
147487  19.260  13.702  -34.172 0.8750000000
147488  18.909  13.375  -33.925 0.8750000000
147494  22.150  12.543  -34.869 1.0000000000
147495  19.442  13.704  -34.404 0.8750000000
147497  19.640  13.519  -35.000 1.0000000000
147509  20.076  13.904  -36.310 1.0000000000
147510  19.876  13.915  -36.145 1.0000000000
147515  19.748  14.393  -36.658 1.0000000000
148723  25.409  13.811  -31.673 0.6250000000
148751  24.755  14.670  -32.836 0.7500000000
148753  23.826  14.076  -33.334 1.0000000000
148764  22.899  13.492  -34.094 1.0000000000
148765  19.171  14.043  -33.960 0.6250000000
148767  18.828  13.941  -33.532 0.6250000000
148772  22.897  14.407  -34.535 1.0000000000
148774  19.272  13.978  -34.102 0.6250000000
148775  19.312  14.236  -34.084 0.6250000000
148781  19.385  13.898  -34.268 0.7500000000
148782  19.449  14.112  -34.415 0.6250000000
148783  19.599  14.159  -34.907 0.7500000000
148795  19.515  14.398  -36.028 0.7500000000
148801  19.394  14.469  -37.190 0.8750000000
148802  19.513  14.562  -36.618 0.8750000000
148807  19.466  14.604  -37.740 0.8750000000
149926  27.677  14.651  -30.704 0.1250000000
149945  27.313  15.158  -31.005 0.2500000000
149964  25.482  15.199  -32.428 0.6250000000
149979  18.839  14.708  -33.249 0.2500000000
149996  23.887  15.770  -34.761 1.0000000000
149999  19.285  14.634  -34.044 0.6250000000
150000  19.095  15.178  -33.966 0.3750000000
150006  19.416  14.483  -34.300 0.6250000000
150007  19.469  14.860  -34.585 0.6250000000
150015  19.478  14.966  -35.851 0.6250000000
150020  19.048  14.904  -37.483 0.8750000000
150021  19.204  15.030  -37.076 0.8750000000
150022  19.386  15.209  -36.479 0.8750000000
150026  19.242  14.828  -37.783 0.8750000000
150027  19.562  15.169  -37.628 0.8750000000
151132  15.927  17.033  -29.741 0.1250000000
151133  15.843  17.110  -29.909 0.1250000000
151146  29.121  15.466  -30.994 0.1250000000
151154  15.919  16.843  -29.907 0.1250000000
151155  15.808  17.015  -30.223 0.1250000000
151177  15.940  16.702  -30.293 0.1250000000
151178  15.855  16.926  -30.581 0.1250000000
151191  18.322  15.545  -32.242 0.1250000000
151202  25.615  16.046  -33.044 0.6250000000
151204  18.651  15.628  -32.844 0.3750000000
151226  19.501  15.465  -35.137 0.8750000000
151227  19.407  15.897  -35.085 0.8750000000
151232  19.581  15.952  -35.568 0.8750000000
151237  19.624  15.734  -36.117 1.0000000000
151238  19.691  15.929  -35.971 1.0000000000
151251  19.996  16.366  -37.283 1.0000000000
151266  20.181  16.511  -37.126 1.0000000000
152376  16.316  17.766  -29.759 0.1250000000
152377  16.053  17.718  -29.717 0.1250000000
152392  16.191  17.329  -29.938 0.1250000000
152409  16.291  16.997  -29.841 0.1250000000
152410  15.954  17.219  -30.520 0.1250000000
152431  16.208  16.856  -30.600 0.1250000000
152432  15.917  16.958  -30.977 0.1250000000
152443  28.277  17.299  -32.065 0.2500000000
152444  27.521  17.100  -32.247 0.3750000000
152445  26.967  16.804  -32.358 0.3750000000
152446  18.467  16.129  -32.348 0.5000000000
152459  26.050  16.923  -33.164 0.5000000000
152469  25.249  17.106  -33.864 0.8750000000
152470  19.328  16.883  -33.733 0.3750000000
152471  19.133  16.716  -33.608 0.3750000000
152474  19.566  17.057  -33.875 0.3750000000
152475  19.341  17.111  -33.861 0.3750000000
152476  19.304  15.998  -34.537 0.3750000000
152477  18.992  16.049  -34.803 0.7500000000
152481  19.794  16.859  -34.044 0.3750000000
152482  19.586  16.895  -34.650 0.3750000000
152484  19.583  16.130  -35.554 0.7500000000
152489  19.878  17.048  -34.343 0.3750000000
152490  19.828  17.033  -34.834 0.3750000000
152491  19.951  16.951  -36.018 0.8750000000
152492  19.859  16.673  -35.991 0.8750000000
152498  19.759  16.146  -35.851 0.8750000000
152505  21.955  17.365  -37.984 1.0000000000
152506  21.892  17.743  -37.874 1.0000000000
152507  19.985  16.880  -36.512 0.8750000000
152516  22.077  17.859  -38.004 1.0000000000
152517  21.968  18.022  -37.882 1.0000000000
152519  20.155  16.872  -36.943 1.0000000000
153655  16.999  18.136  -29.366 0.1250000000
153656  16.617  18.360  -29.694 0.1250000000
153671  16.620  17.806  -29.831 0.1250000000
153672  16.520  18.031  -29.721 0.1250000000
153673  16.365  18.452  -30.013 0.1250000000
153686  16.752  17.728  -29.899 0.1250000000
153687  16.251  18.006  -30.118 0.1250000000
153688  15.944  18.621  -30.195 0.1250000000
153712  16.577  17.410  -30.313 0.1250000000
153713  16.455  17.472  -30.240 0.1250000000
153725  29.536  17.423  -32.105 0.1250000000
153732  16.295  17.143  -30.758 0.1250000000
153733  16.163  16.988  -30.665 0.1250000000
153746  27.408  17.523  -32.648 0.5000000000
153765  19.300  17.316  -33.616 0.3750000000
153766  18.900  17.809  -32.963 0.3750000000
153773  19.603  17.162  -33.956 0.3750000000
153775  19.006  16.188  -34.943 0.3750000000
153776  19.427  16.231  -35.001 0.7500000000
153781  19.488  17.091  -34.297 0.3750000000
153782  19.841  16.899  -35.001 0.3750000000
153783  19.541  17.262  -35.236 0.7500000000
153784  19.720  17.973  -35.669 0.7500000000
153790  19.924  17.093  -35.056 0.3750000000
153791  20.052  17.129  -34.883 0.3750000000
153800  22.524  16.885  -37.238 1.0000000000
153801  22.693  17.058  -37.276 1.0000000000
153803  20.951  17.364  -37.331 1.0000000000
153804  20.017  17.598  -36.020 0.7500000000
153811  22.158  17.890  -37.745 1.0000000000
153812  21.740  18.008  -37.855 1.0000000000
153813  20.923  17.612  -37.148 1.0000000000
153815  20.128  17.914  -36.421 1.0000000000
153824  21.976  18.028  -37.873 1.0000000000
153825  21.845  17.926  -38.078 1.0000000000
153826  20.604  17.912  -36.827 1.0000000000
155022  18.104  17.824  -28.076 0.1250000000
155024  18.128  18.523  -28.684 0.1250000000
155036  18.058  17.849  -28.379 0.1250000000
155037  18.040  18.096  -28.664 0.1250000000
155038  18.056  18.262  -28.944 0.1250000000
155039  16.995  18.185  -28.841 0.1250000000
155040  17.034  18.652  -29.030 0.1250000000
155057  17.308  17.899  -29.574 0.1250000000
155058  17.046  17.768  -29.630 0.1250000000
155059  16.289  19.069  -29.864 0.1250000000
155072  17.813  16.759  -29.509 0.1250000000
155075  16.536  18.681  -30.023 0.1250000000
155076  16.454  19.044  -30.140 0.1250000000
155103  16.963  18.963  -30.233 0.1250000000
155117  18.466  17.294  -30.953 0.1250000000
155118  18.029  18.779  -30.945 0.1250000000
155120  18.138  19.119  -30.982 0.1250000000
155130  18.682  18.799  -31.426 0.1250000000
155131  18.322  19.003  -31.354 0.1250000000
155132  18.276  19.687  -31.102 0.1250000000
155140  18.967  18.191  -32.354 0.1250000000
155141  19.020  18.802  -31.965 0.1250000000
155154  19.213  18.193  -33.422 0.3750000000
155156  19.188  19.007  -32.080 0.1250000000
155157  19.181  19.170  -31.911 0.1250000000
155168  19.444  17.790  -33.907 0.3750000000
155169  19.378  18.026  -34.100 0.3750000000
155170  19.380  18.288  -34.445 0.5000000000
155171  19.458  18.601  -34.281 0.1250000000
155179  19.501  17.611  -34.459 0.3750000000
155180  19.591  17.994  -34.903 0.3750000000
155181  19.462  18.251  -34.846 0.7500000000
155187  23.096  17.727  -36.811 1.0000000000
155188  22.867  18.406  -36.966 1.0000000000
155189  19.822  18.217  -36.115 0.7500000000
155190  19.706  18.669  -35.328 0.5000000000
155195  32.603  18.133  -37.354 0.1250000000
155198  22.554  18.078  -37.442 1.0000000000
155200  19.859  18.644  -36.004 1.0000000000
155201  19.883  18.927  -35.760 1.0000000000
155208  21.511  18.709  -37.996 1.0000000000
155209  20.161  18.832  -36.310 0.8750000000
155218  20.221  19.219  -36.197 1.0000000000
156395  18.197  18.872  -28.654 0.1250000000
156409  18.151  18.790  -28.913 0.1250000000
156410  17.942  19.085  -28.923 0.1250000000
156427  17.696  19.059  -29.508 0.1250000000
156428  16.888  19.098  -29.847 0.1250000000
156437  17.836  17.475  -29.863 0.1250000000
156440  17.201  19.222  -29.978 0.1250000000
156441  16.908  19.019  -30.083 0.1250000000
156460  18.277  17.751  -30.277 0.1250000000
156461  18.185  18.372  -30.177 0.1250000000
156463  17.950  19.313  -30.381 0.1250000000
156477  18.591  18.220  -30.870 0.1250000000
156478  18.432  18.789  -30.878 0.1250000000
156480  18.276  20.034  -30.881 0.1250000000
156489  18.677  18.560  -31.315 0.1250000000
156490  18.585  18.872  -31.229 0.1250000000
156491  18.649  19.626  -31.283 0.1250000000
156492  18.540  19.889  -31.081 0.1250000000
156501  27.521  18.009  -33.077 0.5000000000
156502  26.808  18.015  -33.461 0.5000000000
156506  19.141  19.430  -31.512 0.1250000000
156519  26.704  18.813  -33.640 0.5000000000
156522  24.774  18.426  -34.374 0.8750000000
156523  19.401  18.300  -33.662 0.1250000000
156524  19.445  18.795  -33.047 0.1250000000
156525  19.379  19.099  -32.612 0.1250000000
156526  19.326  19.426  -32.031 0.1250000000
156537  23.815  18.580  -35.426 1.0000000000
156539  19.382  18.335  -34.080 0.1250000000
156540  19.451  18.807  -34.018 0.1250000000
156541  19.566  19.029  -33.781 0.1250000000
156550  19.921  19.208  -34.498 0.2500000000
156553  32.128  19.040  -36.501 0.1250000000
156554  31.778  19.331  -35.919 0.1250000000
156557  20.179  19.710  -35.145 0.8750000000
156563  32.325  18.920  -37.333 0.1250000000
156564  22.709  19.010  -37.252 1.0000000000
156566  20.008  19.156  -35.531 0.8750000000
156572  22.238  19.239  -37.730 1.0000000000
156574  20.304  19.692  -36.198 0.8750000000
156582  20.411  19.433  -36.448 1.0000000000
157744  18.306  19.013  -29.283 0.1250000000
157760  19.153  19.475  -30.029 0.1250000000
157761  18.338  19.443  -29.879 0.1250000000
157775  18.844  20.087  -30.847 0.1250000000
157776  18.919  20.082  -30.519 0.1250000000
157795  18.616  18.666  -31.151 0.1250000000
157797  19.044  20.069  -30.853 0.1250000000
157798  18.692  20.003  -30.891 0.1250000000
157811  18.833  18.605  -31.574 0.1250000000
157812  18.751  18.927  -31.596 0.1250000000
157813  19.101  19.804  -31.070 0.1250000000
157814  18.866  20.233  -31.097 0.1250000000
157831  29.888  19.321  -34.000 0.1250000000
157834  27.728  19.491  -33.742 0.5000000000
157837  25.579  19.282  -33.974 0.5000000000
157838  24.971  19.185  -34.226 0.7500000000
157839  19.542  19.502  -33.125 0.1250000000
157840  19.517  19.718  -32.445 0.1250000000
157849  31.014  19.526  -35.018 0.1250000000
157850  30.325  19.689  -34.612 0.1250000000
157852  28.942  19.808  -34.115 0.1250000000
157856  19.683  19.814  -33.650 0.1250000000
157857  19.577  19.883  -33.014 0.1250000000
157867  22.811  19.985  -36.459 1.0000000000
157868  20.329  20.376  -34.652 0.1250000000
157872  31.931  19.449  -37.055 0.1250000000
157876  22.483  20.017  -37.140 1.0000000000
157878  20.350  20.483  -35.150 0.7500000000
157884  22.343  19.887  -37.393 1.0000000000
157889  31.865  19.716  -38.413 0.1250000000
157891  22.373  19.202  -37.604 1.0000000000
157892  22.031  19.608  -37.759 1.0000000000
157893  20.304  20.280  -35.970 1.0000000000
157906  31.695  20.067  -39.744 0.1250000000
159088  19.153  19.799  -30.345 0.1250000000
159096  19.016  19.987  -30.388 0.1250000000
159136  19.587  20.298  -31.936 0.1250000000
159144  28.615  19.983  -34.110 0.1250000000
159149  24.964  20.091  -34.095 0.7500000000
159151  19.657  20.158  -32.608 0.1250000000
159159  30.182  20.213  -35.234 0.1250000000
159161  28.784  20.444  -34.544 0.1250000000
159162  28.156  20.711  -34.346 0.3750000000
159165  24.244  20.090  -34.483 0.8750000000
159167  20.151  20.578  -33.441 0.1250000000
159168  19.765  20.238  -33.081 0.1250000000
159176  30.460  20.336  -35.847 0.1250000000
159184  31.079  20.304  -36.934 0.1250000000
159185  30.359  20.546  -36.662 0.1250000000
159186  29.862  20.668  -36.238 0.1250000000
159187  22.550  20.476  -36.785 1.0000000000
159191  31.047  20.365  -37.650 0.1250000000
159192  30.608  20.574  -37.245 0.1250000000
159194  22.238  20.485  -37.287 1.0000000000
159199  31.262  20.365  -38.391 0.1250000000
159202  21.371  20.205  -38.089 1.0000000000
159205  31.681  20.107  -39.065 0.1250000000
159206  31.319  20.412  -39.234 0.1250000000
159207  30.941  20.621  -38.758 0.1250000000
159208  21.779  20.558  -38.194 1.0000000000
159209  21.594  20.507  -38.314 1.0000000000
159213  31.137  20.443  -40.122 0.1250000000
159214  30.780  20.699  -40.211 0.1250000000
160489  26.883  21.291  -34.049 0.3750000000
160490  26.523  21.283  -34.022 0.5000000000
160491  26.249  21.357  -33.999 0.5000000000
160502  27.725  21.388  -34.417 0.3750000000
160503  27.367  21.132  -34.116 0.3750000000
160504  26.803  20.886  -33.979 0.5000000000
160507  24.757  20.951  -34.086 0.7500000000
160516  28.670  21.225  -35.170 0.1250000000
160518  27.856  21.035  -34.327 0.3750000000
160520  23.867  20.872  -34.867 0.8750000000
160529  29.018  21.210  -35.832 0.1250000000
160530  23.497  20.931  -35.332 0.8750000000
160536  29.208  21.208  -36.303 0.1250000000
160541  30.846  20.602  -38.091 0.1250000000
160544  22.321  21.001  -36.884 1.0000000000
160546  21.738  22.067  -37.790 0.8750000000
160547  20.677  20.421  -37.670 1.0000000000
160548  20.517  20.312  -37.028 1.0000000000
160549  20.232  20.774  -36.707 1.0000000000
160552  30.905  20.604  -38.285 0.1250000000
160553  30.594  20.870  -38.456 0.1250000000
160555  21.933  20.847  -37.834 1.0000000000
160557  21.148  21.582  -38.437 1.0000000000
160558  20.334  20.718  -37.178 1.0000000000
160559  20.256  20.679  -36.943 1.0000000000
160564  30.861  20.661  -39.721 0.1250000000
160566  29.910  21.129  -38.892 0.1250000000
160567  21.888  20.678  -38.016 1.0000000000
160569  21.280  20.827  -38.635 1.0000000000
160577  30.445  20.956  -40.078 0.1250000000
160579  29.087  21.505  -39.791 0.1250000000
160589  30.189  21.095  -40.738 0.1250000000
160591  29.120  21.491  -40.244 0.1250000000
160601  30.268  21.063  -41.324 0.1250000000
160603  29.123  21.497  -40.938 0.1250000000
161894  19.385  20.035  -30.732 0.1250000000
161945  26.664  21.569  -34.074 0.5000000000
161946  26.422  21.522  -34.034 0.5000000000
161958  27.329  21.751  -34.377 0.3750000000
161959  26.802  21.854  -34.238 0.5000000000
161961  25.469  21.745  -34.003 0.6250000000
161962  25.035  21.353  -34.054 0.7500000000
161973  28.148  21.959  -35.232 0.3750000000
161974  27.478  22.191  -34.801 0.3750000000
161976  26.575  22.112  -34.330 0.5000000000
161979  23.941  21.695  -34.869 0.8750000000
161989  28.605  21.886  -36.027 0.1250000000
161990  28.424  21.959  -35.682 0.1250000000
161992  23.475  21.805  -35.451 0.7500000000
161995  28.838  21.817  -36.854 0.1250000000
161996  28.910  21.571  -36.409 0.1250000000
161999  20.359  21.315  -36.234 0.8750000000
162002  28.885  21.750  -37.436 0.1250000000
162003  28.585  22.165  -37.699 0.1250000000
162012  28.646  21.960  -38.031 0.1250000000
162015  20.125  21.162  -37.341 1.0000000000
162016  20.101  20.967  -36.978 1.0000000000
162025  28.744  21.767  -38.600 0.1250000000
162026  20.229  21.652  -37.987 1.0000000000
162027  19.997  21.378  -37.644 1.0000000000
162035  29.434  21.289  -39.128 0.1250000000
162036  28.908  21.594  -39.316 0.1250000000
162037  20.683  20.772  -38.720 1.0000000000
162038  20.468  20.872  -38.325 1.0000000000
162058  28.119  22.213  -41.266 0.1250000000
163303  19.336  20.499  -27.576 0.1250000000
163304  19.339  20.265  -28.185 0.1250000000
163317  19.600  20.846  -28.236 0.1250000000
163319  19.434  19.927  -28.877 0.1250000000
163330  19.988  20.728  -29.771 0.1250000000
163331  19.406  19.625  -29.480 0.1250000000
163340  20.153  21.184  -30.559 0.1250000000
163341  19.812  20.465  -30.309 0.1250000000
163349  20.137  21.435  -30.973 0.1250000000
163350  19.829  21.043  -31.018 0.1250000000
163365  19.676  20.985  -31.823 0.1250000000
163377  19.952  21.282  -32.281 0.1250000000
163378  19.732  20.858  -32.177 0.1250000000
163387  20.148  21.095  -32.602 0.1250000000
163388  19.904  20.589  -32.605 0.1250000000
163395  25.991  22.281  -34.182 0.3750000000
163396  25.818  22.121  -34.084 0.6250000000
163397  20.336  21.180  -33.190 0.1250000000
163408  27.660  22.759  -35.177 0.3750000000
163411  25.585  22.575  -34.161 0.6250000000
163414  23.908  22.176  -35.043 0.7500000000
163426  28.335  22.329  -35.878 0.1250000000
163428  24.059  22.984  -35.192 0.7500000000
163432  28.660  22.074  -36.824 0.1250000000
163433  28.497  22.325  -36.588 0.1250000000
163434  28.237  22.880  -36.159 0.2500000000
163435  28.131  23.085  -36.021 0.2500000000
163436  23.782  23.087  -35.527 0.7500000000
163438  22.801  22.628  -36.386 0.8750000000
163445  28.391  22.983  -37.868 0.1250000000
163454  28.409  22.471  -37.956 0.1250000000
163455  28.311  22.955  -38.346 0.1250000000
163456  22.075  23.142  -37.407 1.0000000000
163457  19.864  21.402  -37.253 1.0000000000
163466  28.179  22.830  -38.921 0.1250000000
163467  20.201  22.001  -36.901 0.8750000000
163475  28.062  22.622  -39.432 0.1250000000
163483  28.312  22.126  -39.675 0.1250000000
163484  27.987  22.732  -40.073 0.1250000000
163493  28.295  22.183  -40.213 0.1250000000
163494  28.061  22.458  -40.687 0.1250000000
164713  19.872  21.001  -28.732 0.1250000000
164751  20.689  22.326  -30.177 0.1250000000
164752  20.310  21.666  -30.091 0.1250000000
164766  20.482  22.301  -30.643 0.1250000000
164767  20.246  21.928  -30.956 0.1250000000
164768  20.136  21.607  -31.235 0.1250000000
164780  19.989  22.075  -31.439 0.1250000000
164794  19.786  22.063  -31.754 0.1250000000
164795  19.883  21.546  -31.826 0.1250000000
164809  19.686  22.575  -32.387 0.1250000000
164810  19.738  22.041  -32.146 0.1250000000
164811  19.821  21.358  -32.040 0.1250000000
164820  20.048  22.356  -32.527 0.1250000000
164821  20.140  21.723  -32.479 0.1250000000
164828  26.278  23.797  -34.742 0.3750000000
164829  26.057  23.675  -34.685 0.3750000000
164830  25.711  23.630  -34.674 0.6250000000
164831  20.404  22.094  -32.934 0.1250000000
164832  20.291  21.397  -32.799 0.1250000000
164840  27.494  23.113  -35.199 0.2500000000
164841  27.239  23.347  -35.072 0.3750000000
164842  26.543  23.478  -34.701 0.3750000000
164846  20.410  21.996  -33.205 0.1250000000
164856  27.639  23.278  -35.458 0.2500000000
164857  27.381  23.550  -35.290 0.3750000000
164858  24.081  23.545  -35.377 0.7500000000
164862  28.098  23.380  -36.201 0.3750000000
164863  28.030  23.344  -36.045 0.2500000000
164865  23.221  23.656  -36.250 0.7500000000
164866  20.559  23.318  -35.946 0.7500000000
164871  28.362  23.089  -37.027 0.1250000000
164872  28.396  23.388  -37.530 0.1250000000
164875  21.449  23.540  -38.147 0.8750000000
164876  21.236  23.555  -38.235 0.8750000000
164877  20.556  22.782  -36.172 0.7500000000
164886  21.967  23.559  -37.647 0.8750000000
164889  20.462  22.455  -36.514 0.8750000000
164898  20.776  22.287  -38.674 1.0000000000
164899  20.290  22.615  -38.054 1.0000000000
164900  19.896  22.286  -37.469 1.0000000000
164915  27.879  23.533  -40.408 0.1250000000
164916  27.738  23.333  -40.946 0.1250000000
164923  27.729  23.580  -41.464 0.1250000000
166066  20.447  22.682  -30.036 0.1250000000
166082  20.334  22.620  -31.024 0.1250000000
166096  20.245  23.227  -31.315 0.1250000000
166097  20.072  22.613  -31.375 0.1250000000
166121  19.324  22.963  -32.153 0.1250000000
166122  19.452  22.386  -31.856 0.1250000000
166131  19.975  22.914  -32.469 0.1250000000
166139  26.086  23.914  -34.797 0.3750000000
166140  25.847  23.935  -34.819 0.3750000000
166141  25.515  23.869  -34.846 0.6250000000
166145  20.487  22.739  -32.802 0.1250000000
166153  27.676  24.640  -36.128 0.2500000000
166154  27.590  24.527  -35.998 0.3750000000
166155  27.424  24.335  -35.714 0.3750000000
166156  27.029  24.060  -35.220 0.3750000000
166158  25.708  24.299  -34.987 0.6250000000
166160  24.469  23.945  -35.275 0.7500000000
166161  20.740  23.883  -35.525 0.6250000000
166171  27.776  24.475  -36.195 0.2500000000
166172  27.687  24.154  -36.002 0.3750000000
166173  27.511  23.812  -35.567 0.3750000000
166176  24.113  24.269  -35.638 0.7500000000
166177  20.675  23.381  -35.668 0.7500000000
166178  20.516  23.847  -35.790 0.6250000000
166179  20.320  24.058  -36.006 0.6250000000
166184  28.016  24.033  -36.391 0.3750000000
166186  27.772  23.526  -35.774 0.2500000000
166188  23.078  24.345  -36.533 0.7500000000
166189  20.463  23.676  -35.941 0.7500000000
166200  22.632  24.303  -37.072 0.8750000000
166204  20.358  23.396  -36.535 0.7500000000
166214  21.624  23.578  -38.060 0.8750000000
166216  20.303  23.101  -37.059 0.8750000000
166224  20.242  22.516  -37.171 1.0000000000
166239  27.927  24.256  -40.749 0.1250000000
166246  27.749  24.133  -41.258 0.1250000000
167386  19.966  23.992  -31.584 0.1250000000
167399  21.133  24.794  -33.150 0.1250000000
167400  20.145  23.968  -32.381 0.1250000000
167401  19.750  23.769  -32.053 0.1250000000
167410  21.082  24.638  -33.691 0.1250000000
167411  21.113  24.339  -33.100 0.1250000000
167412  20.628  23.910  -32.605 0.1250000000
167413  19.998  23.490  -32.411 0.1250000000
167421  20.437  23.277  -32.563 0.1250000000
167429  27.571  24.834  -36.047 0.2500000000
167430  27.461  24.705  -35.892 0.3750000000
167432  26.694  24.692  -35.410 0.3750000000
167435  24.992  24.760  -35.391 0.6250000000
167436  20.945  24.321  -35.234 0.6250000000
167437  20.619  24.487  -35.592 0.6250000000
167445  27.751  24.850  -36.227 0.2500000000
167446  27.554  25.072  -36.116 0.3750000000
167449  25.901  25.329  -35.496 0.3750000000
167450  25.261  25.321  -35.559 0.3750000000
167453  20.346  24.563  -35.971 0.6250000000
167462  24.159  25.332  -36.098 0.7500000000
167465  20.183  24.330  -36.408 0.7500000000
167474  28.196  24.574  -36.686 0.2500000000
167475  28.377  24.960  -37.225 0.2500000000
167480  20.366  24.515  -38.058 0.8750000000
167488  21.618  25.309  -38.444 0.7500000000
167489  21.368  25.428  -38.575 0.7500000000
168614  21.094  25.133  -33.579 0.1250000000
168617  20.071  24.198  -32.212 0.1250000000
168645  20.693  25.192  -35.267 0.5000000000
168646  20.694  24.790  -35.422 0.6250000000
168653  27.272  25.606  -36.116 0.3750000000
168654  26.852  25.699  -35.905 0.3750000000
168655  26.329  25.827  -35.747 0.3750000000
168657  24.934  25.982  -35.890 0.7500000000
168659  20.156  26.140  -35.962 0.5000000000
168668  27.625  25.752  -36.462 0.3750000000
168669  27.553  26.140  -36.552 0.3750000000
168671  24.221  25.981  -36.318 0.7500000000
168673  19.984  26.114  -36.107 0.5000000000
168674  19.992  25.922  -36.173 0.5000000000
168675  20.054  25.204  -36.324 0.6250000000
168684  27.721  26.168  -36.712 0.3750000000
168687  21.848  25.490  -38.224 0.7500000000
168696  22.012  26.130  -38.241 0.7500000000
168698  21.043  25.670  -38.690 0.6250000000
168704  28.450  25.820  -38.459 0.1250000000
169863  27.161  25.990  -36.213 0.3750000000
169865  26.154  26.341  -36.023 0.3750000000
169867  20.120  26.341  -36.095 0.5000000000
169868  20.279  26.459  -36.034 0.3750000000
169876  27.398  26.052  -36.397 0.3750000000
169880  25.186  26.783  -36.294 0.3750000000
169882  23.952  26.523  -36.679 0.6250000000
169883  20.011  26.274  -36.282 0.5000000000
169893  27.803  26.510  -36.915 0.3750000000
169899  19.943  25.982  -37.752 0.6250000000
169900  19.848  25.213  -37.437 0.6250000000
169907  22.190  26.396  -38.108 0.7500000000
169909  21.253  26.316  -38.734 0.7500000000
169916  28.417  26.600  -38.813 0.1250000000
171089  20.834  27.560  -36.831 0.5000000000
171092  21.389  27.520  -34.845 0.1250000000
171101  27.545  27.435  -36.892 0.3750000000
171102  27.079  27.295  -36.584 0.3750000000
171106  24.430  27.244  -36.756 0.6250000000
171109  20.414  26.964  -36.683 0.6250000000
171117  27.890  27.051  -37.123 0.3750000000
171119  24.745  28.008  -36.887 0.3750000000
171134  21.411  26.748  -38.611 0.7500000000
171135  20.978  26.816  -38.640 0.6250000000
171155  28.404  27.470  -39.960 0.1250000000
172281  27.219  27.828  -36.780 0.3750000000
172284  25.487  27.848  -36.725 0.3750000000
172286  21.121  28.068  -37.486 0.5000000000
172289  21.309  28.212  -36.044 0.1250000000
172295  27.779  27.620  -37.226 0.3750000000
172296  27.377  27.985  -36.988 0.3750000000
172297  27.011  28.307  -36.996 0.3750000000
172298  25.780  28.407  -36.967 0.3750000000
172311  27.686  28.037  -37.321 0.2500000000
172312  23.403  28.774  -38.019 0.5000000000
173329  21.056  27.938  -36.863 0.2500000000
173330  21.157  28.118  -36.632 0.1250000000
173331  21.555  28.462  -35.504 0.1250000000
173336  27.975  28.943  -37.926 0.2500000000
173337  27.482  28.971  -37.537 0.2500000000
173338  26.716  28.408  -36.976 0.3750000000
173339  26.432  28.461  -36.943 0.3750000000
173340  21.322  28.656  -37.742 0.2500000000
173341  21.190  28.457  -37.156 0.2500000000
173342  21.327  28.630  -36.563 0.1250000000
173348  27.667  28.963  -37.706 0.2500000000
173356  22.348  28.824  -38.642 0.2500000000
173364  27.603  28.336  -37.383 0.2500000000
173365  24.136  29.449  -38.057 0.5000000000
173368  22.542  28.864  -38.710 0.2500000000
173375  23.387  29.819  -38.753 0.3750000000
174413  21.600  28.858  -35.509 0.1250000000
174421  27.589  29.132  -37.697 0.2500000000
174422  27.418  29.192  -37.564 0.2500000000
174424  21.277  28.828  -37.372 0.2500000000
174425  21.230  28.968  -36.854 0.1250000000
174426  21.230  29.208  -36.250 0.1250000000
174437  27.016  29.683  -37.353 0.2500000000
174441  24.545  29.682  -37.963 0.5000000000
174443  22.151  29.356  -38.656 0.2500000000
174446  21.129  29.708  -36.977 0.1250000000
174454  27.112  30.223  -37.826 0.2500000000
174457  24.271  29.965  -38.404 0.5000000000
174458  23.763  29.930  -38.691 0.3750000000
174459  23.031  29.958  -39.057 0.2500000000
174460  20.513  29.943  -37.688 0.2500000000
174461  20.607  30.077  -37.500 0.2500000000
174468  23.592  30.303  -38.991 0.3750000000
175511  21.269  29.128  -37.313 0.2500000000
175512  21.288  29.449  -37.200 0.2500000000
175523  25.579  30.353  -37.616 0.3750000000
175525  22.568  30.191  -39.051 0.2500000000
175526  22.197  30.014  -38.346 0.2500000000
175529  21.010  29.845  -37.346 0.2500000000
175542  24.804  30.638  -38.349 0.3750000000
175547  20.806  30.267  -37.477 0.2500000000
175548  20.737  29.872  -37.536 0.2500000000
175554  23.545  30.912  -39.438 0.2500000000
175560  24.017  31.111  -39.493 0.2500000000
176580  22.144  30.362  -37.380 0.1250000000
176581  21.682  30.667  -37.302 0.1250000000
176591  26.380  31.384  -38.340 0.1250000000
176594  24.899  31.031  -38.717 0.2500000000
176596  22.731  30.916  -37.827 0.2500000000
176597  22.146  30.045  -37.797 0.2500000000
176603  26.076  31.806  -38.711 0.2500000000
176604  25.458  31.645  -38.827 0.2500000000
176605  24.775  31.401  -39.130 0.2500000000
176606  24.303  31.199  -39.368 0.2500000000
176607  23.211  31.559  -39.291 0.1250000000
176608  22.841  31.206  -38.819 0.1250000000
176613  24.165  31.533  -39.540 0.2500000000
176614  23.671  31.458  -39.544 0.2500000000
177589  22.101  30.561  -37.130 0.1250000000
177598  21.152  30.836  -37.185 0.1250000000
178647  21.812  30.914  -37.260 0.1250000000
226141  18.707  12.524  -33.742 0.5000000000
226143  19.149  11.957  -34.341 0.6250000000
226144  18.849  13.775  -33.720 0.6250000000
226145  18.952  11.787  -33.995 0.6250000000
226146  19.140  11.892  -34.148 1.0000000000
226268  24.479  16.983  -34.492 1.0000000000
226275  21.195  12.691  -36.000 1.0000000000
226276  19.833  14.534  -37.539 0.8750000000
226277  20.142  14.959  -37.405 0.8750000000
226279  23.772  16.816  -35.463 1.0000000000
226283  20.686  17.366  -37.071 1.0000000000
226290  20.768  17.584  -36.958 1.0000000000
226291  20.736  16.871  -37.369 1.0000000000
226294  20.765  17.715  -36.904 1.0000000000
226300  21.392  16.960  -37.573 1.0000000000
226301  21.030  17.999  -36.764 1.0000000000
226302  20.813  18.067  -37.043 1.0000000000
226303  20.830  17.825  -37.054 1.0000000000
226309  22.176  16.918  -37.538 1.0000000000
226317  23.814  15.816  -34.996 1.0000000000
226318  23.837  15.992  -35.200 1.0000000000
226320  20.954  18.960  -37.454 1.0000000000
226323  23.824  17.280  -35.466 1.0000000000
226324  20.714  21.323  -34.850 0.6250000000
226325  20.546  21.110  -34.987 0.6250000000
226329  20.502  20.941  -34.013 0.1250000000
226334  20.234  20.970  -33.242 0.1250000000
226335  21.034  22.314  -34.017 0.1250000000
226336  20.617  21.518  -35.396 0.6250000000
226341  25.638  16.814  -33.435 0.6250000000
226342  20.391  20.925  -33.449 0.1250000000
226343  21.036  22.220  -34.248 0.5000000000
226344  20.485  22.356  -35.834 0.8750000000
226349  20.879  22.197  -34.707 0.5000000000
226350  20.903  21.974  -34.690 0.3750000000
226351  20.384  20.955  -33.411 0.1250000000
226352  20.573  20.813  -33.741 0.1250000000
226354  19.944  20.452  -33.024 0.1250000000
226355  20.041  20.561  -32.972 0.1250000000
226358  26.312  17.278  -33.292 0.5000000000
226359  20.475  21.585  -33.669 0.1250000000
226360  20.135  20.704  -32.872 0.1250000000
226361  20.256  20.960  -32.949 0.1250000000
226362  26.468  17.530  -33.429 0.5000000000
226364  20.944  22.396  -34.575 0.5000000000
226365  20.539  22.518  -35.666 0.7500000000
226367  20.792  22.113  -34.850 0.5000000000
226368  20.573  22.513  -35.965 0.8750000000
226369  19.879  21.428  -37.002 1.0000000000
226370  20.567  22.523  -36.188 0.8750000000
226371  19.681  20.313  -32.422 0.1250000000
226372  30.101  18.205  -33.025 0.1250000000
226373  30.213  18.366  -33.173 0.1250000000
226374  27.730  17.838  -32.750 0.3750000000
226380  20.693  21.350  -38.598 1.0000000000
226381  19.827  21.669  -37.406 1.0000000000
226382  20.378  22.526  -36.920 1.0000000000
226383  19.696  20.528  -32.296 0.1250000000
226384  29.791  18.169  -32.861 0.1250000000
226385  27.954  17.995  -32.798 0.3750000000
226386  27.898  18.104  -32.964 0.3750000000
226389  19.847  21.890  -37.707 1.0000000000
226391  19.459  19.991  -31.244 0.1250000000
226396  20.134  22.285  -37.156 0.8750000000
226399  19.449  20.742  -27.293 0.1250000000
226400  19.073  19.987  -30.637 0.1250000000
226401  19.216  20.351  -27.323 0.1250000000
226403  19.494  19.840  -30.188 0.1250000000
226408  19.116  20.003  -28.024 0.1250000000
226412  19.057  19.553  -29.057 0.1250000000
226417  19.316  20.106  -28.128 0.1250000000
226428  19.226  19.969  -28.272 0.1250000000
226438  18.600  19.105  -27.391 0.1250000000
226464  20.146  24.025  -36.570 0.7500000000
226465  20.106  24.263  -36.677 0.7500000000
226511  21.437  27.234  -34.625 0.1250000000
