#!ascii label  , from subject FS6EXPERT_subj01_ver10 vox2ras=TkReg
483
39409  43.045  -46.579  -2.717 0.0000000000
24096  38.032  -56.464  -11.071 0.0000000000
31402  46.101  -51.443  -4.693 0.0000000000
31432  39.341  -51.555  -6.400 0.0000000000
21818  42.506  -58.059  -6.679 0.0000000000
27576  44.466  -54.623  -7.428 0.0000000000
22823  44.806  -56.984  -5.440 0.0000000000
27592  38.238  -54.392  -8.674 0.0000000000
34073  36.290  -50.273  -6.937 0.0000000000
35288  43.931  -49.294  -3.173 0.0000000000
30125  42.553  -52.260  -5.368 0.0000000000
26347  41.065  -54.910  -7.721 0.0000000000
20793  39.867  -58.388  -8.151 0.0000000000
17737  41.349  -60.720  -8.778 0.0000000000
43303  44.373  -43.746  -1.268 0.0000000000
39399  46.349  -46.661  -1.914 0.0000000000
35265  47.958  -49.182  -2.481 0.0000000000
38026  37.407  -47.987  -3.914 0.0000000000
25125  44.725  -55.644  -4.982 0.0000000000
24068  37.547  -55.909  -9.837 0.0000000000
28883  36.541  -53.256  -9.333 0.0000000000
32674  44.877  -50.490  -3.763 0.0000000000
31420  44.410  -51.962  -4.875 0.0000000000
23986  44.005  -56.402  -7.141 0.0000000000
27578  43.067  -54.393  -7.447 0.0000000000
24011  42.004  -56.290  -7.305 0.0000000000
24013  40.296  -56.493  -7.718 0.0000000000
21820  41.216  -57.981  -7.052 0.0000000000
19760  40.838  -59.922  -10.129 0.0000000000
39390  47.463  -47.296  -0.951 0.0000000000
36618  47.136  -48.249  -2.116 0.0000000000
36603  48.145  -48.241  -1.325 0.0000000000
34042  40.032  -50.598  -5.015 0.0000000000
34044  38.677  -50.243  -5.436 0.0000000000
35347  34.940  -48.922  -7.589 0.0000000000
38063  35.396  -47.566  -5.887 0.0000000000
30135  47.199  -52.620  -5.906 0.0000000000
30138  45.233  -52.800  -5.827 0.0000000000
26303  45.595  -54.490  -6.541 0.0000000000
23967  44.814  -56.487  -6.469 0.0000000000
21801  44.377  -58.080  -6.264 0.0000000000
30155  38.897  -52.577  -7.482 0.0000000000
32740  37.972  -51.096  -6.784 0.0000000000
30161  37.238  -52.524  -8.300 0.0000000000
31452  35.811  -51.745  -8.659 0.0000000000
25240  39.118  -55.875  -12.646 0.0000000000
36638  43.886  -48.071  -2.762 0.0000000000
32702  41.717  -50.968  -4.628 0.0000000000
31429  40.966  -52.016  -5.808 0.0000000000
28845  43.387  -53.186  -6.168 0.0000000000
28861  42.333  -53.420  -6.656 0.0000000000
28864  40.435  -53.054  -7.024 0.0000000000
27582  39.649  -54.252  -8.017 0.0000000000
24036  38.861  -56.368  -8.565 0.0000000000
21871  38.798  -57.774  -10.175 0.0000000000
19724  41.551  -59.629  -7.248 0.0000000000
18713  40.494  -59.853  -8.648 0.0000000000
20809  39.837  -59.106  -10.006 0.0000000000
22947  39.422  -57.268  -11.621 0.0000000000
44603  43.536  -43.331  -2.158 0.0000000000
43329  44.205  -44.399  -2.507 0.0000000000
42057  45.791  -45.076  -1.836 0.0000000000
39407  44.637  -46.533  -2.449 0.0000000000
36636  45.393  -48.152  -2.558 0.0000000000
35285  46.067  -49.225  -2.956 0.0000000000
32672  46.729  -50.474  -3.837 0.0000000000
34000  48.888  -50.330  -3.397 0.0000000000
32694  48.242  -51.502  -4.668 0.0000000000
35320  36.493  -49.003  -5.473 0.0000000000
40756  42.674  -45.822  -2.753 0.0000000000
42071  41.527  -45.101  -2.824 0.0000000000
40757  41.877  -45.842  -2.802 0.0000000000
24081  37.693  -56.254  -10.426 0.0000000000
26412  36.971  -54.968  -10.718 0.0000000000
32698  45.404  -51.045  -4.293 0.0000000000
31404  44.816  -51.520  -4.543 0.0000000000
31419  45.166  -51.989  -4.943 0.0000000000
22861  42.936  -57.359  -6.779 0.0000000000
24010  42.777  -56.133  -7.271 0.0000000000
22862  42.176  -57.428  -6.845 0.0000000000
22863  41.562  -57.470  -6.959 0.0000000000
21819  41.799  -58.043  -6.843 0.0000000000
18742  42.137  -60.142  -10.698 0.0000000000
36589  48.014  -47.924  -1.009 0.0000000000
32731  40.002  -51.485  -5.892 0.0000000000
34043  39.596  -50.472  -5.130 0.0000000000
32723  38.957  -50.657  -5.727 0.0000000000
39479  35.048  -47.163  -7.028 0.0000000000
27545  46.472  -53.457  -6.141 0.0000000000
27534  46.003  -53.997  -5.437 0.0000000000
23946  44.719  -56.351  -5.211 0.0000000000
25124  45.001  -55.667  -5.598 0.0000000000
23945  44.907  -56.403  -5.834 0.0000000000
22839  44.549  -57.250  -6.602 0.0000000000
21784  44.802  -57.818  -5.526 0.0000000000
28874  38.725  -53.785  -8.211 0.0000000000
30156  38.223  -52.595  -7.849 0.0000000000
28875  38.128  -53.402  -8.385 0.0000000000
30163  36.161  -52.217  -8.781 0.0000000000
31455  35.342  -51.678  -9.220 0.0000000000
32762  35.033  -50.671  -8.776 0.0000000000
35271  43.630  -48.702  -2.972 0.0000000000
35289  43.036  -49.153  -3.238 0.0000000000
32719  41.555  -51.436  -5.060 0.0000000000
30126  41.939  -52.211  -5.509 0.0000000000
28858  44.572  -53.661  -6.707 0.0000000000
28844  44.145  -53.237  -6.188 0.0000000000
27560  44.193  -54.098  -7.099 0.0000000000
26346  41.897  -54.887  -7.626 0.0000000000
27562  42.699  -53.884  -7.077 0.0000000000
27580  41.434  -54.038  -7.462 0.0000000000
28867  41.257  -53.490  -7.108 0.0000000000
28868  40.770  -53.532  -7.288 0.0000000000
27581  40.543  -54.160  -7.703 0.0000000000
26348  40.238  -55.003  -7.896 0.0000000000
21834  40.107  -57.455  -7.766 0.0000000000
24014  39.789  -56.564  -7.933 0.0000000000
21849  39.397  -57.445  -8.387 0.0000000000
22922  38.726  -57.038  -8.971 0.0000000000
20805  39.136  -57.983  -9.152 0.0000000000
15874  41.803  -62.849  -7.886 0.0000000000
17736  41.853  -61.120  -8.417 0.0000000000
16801  42.393  -61.955  -7.646 0.0000000000
18711  41.772  -60.706  -7.862 0.0000000000
18699  41.235  -59.862  -7.613 0.0000000000
18712  41.097  -60.257  -8.285 0.0000000000
20815  40.884  -59.158  -10.895 0.0000000000
19769  40.653  -59.539  -10.468 0.0000000000
20825  40.620  -58.663  -11.165 0.0000000000
21869  39.648  -58.429  -10.709 0.0000000000
22946  40.364  -57.545  -11.786 0.0000000000
44590  43.890  -43.226  -1.440 0.0000000000
44602  44.200  -43.575  -1.952 0.0000000000
43317  44.091  -43.866  -2.323 0.0000000000
43316  44.713  -44.171  -2.092 0.0000000000
40741  46.532  -46.075  -1.576 0.0000000000
42025  46.075  -45.425  -0.850 0.0000000000
40742  45.997  -45.886  -1.962 0.0000000000
40753  45.030  -45.734  -2.381 0.0000000000
39406  45.270  -46.516  -2.253 0.0000000000
37984  45.165  -47.342  -2.360 0.0000000000
37975  45.984  -47.361  -2.159 0.0000000000
35266  47.197  -48.932  -2.560 0.0000000000
35267  46.432  -48.906  -2.737 0.0000000000
33991  46.860  -49.431  -2.984 0.0000000000
34003  46.232  -49.781  -3.284 0.0000000000
34002  47.215  -49.989  -3.435 0.0000000000
32647  48.349  -51.157  -2.323 0.0000000000
32669  48.882  -50.908  -3.470 0.0000000000
32670  48.482  -50.879  -4.063 0.0000000000
34072  36.815  -50.473  -6.703 0.0000000000
34063  37.187  -50.156  -6.198 0.0000000000
35334  36.284  -49.444  -6.167 0.0000000000
38047  35.731  -47.696  -5.333 0.0000000000
26380  37.837  -54.983  -9.080 0.0000000000
27593  37.739  -53.942  -8.805 0.0000000000
34005  44.383  -49.888  -3.462 0.0000000000
34006  43.518  -49.871  -3.523 0.0000000000
32675  43.989  -50.450  -3.789 0.0000000000
31421  43.632  -51.880  -4.903 0.0000000000
25188  44.278  -55.723  -7.326 0.0000000000
27577  43.791  -54.501  -7.435 0.0000000000
25190  43.073  -55.534  -7.495 0.0000000000
25191  42.333  -55.575  -7.520 0.0000000000
25192  41.516  -55.671  -7.536 0.0000000000
25193  40.688  -55.764  -7.723 0.0000000000
24012  41.102  -56.671  -7.391 0.0000000000
22883  40.729  -57.328  -7.357 0.0000000000
20781  40.350  -58.274  -7.655 0.0000000000
18724  41.061  -60.467  -9.175 0.0000000000
18734  41.914  -60.487  -10.246 0.0000000000
19767  41.878  -59.583  -10.936 0.0000000000
39398  46.810  -46.758  -1.567 0.0000000000
37974  46.866  -47.440  -1.861 0.0000000000
37973  47.332  -47.897  -1.802 0.0000000000
36617  47.750  -48.321  -1.798 0.0000000000
35249  48.146  -48.887  -2.054 0.0000000000
35305  38.835  -49.287  -4.350 0.0000000000
35306  37.959  -49.142  -4.559 0.0000000000
35346  35.364  -49.357  -7.157 0.0000000000
35335  35.604  -48.932  -6.469 0.0000000000
36722  35.228  -48.486  -6.696 0.0000000000
39461  35.219  -46.994  -6.271 0.0000000000
31417  46.622  -51.785  -5.142 0.0000000000
30121  45.568  -52.368  -5.425 0.0000000000
30137  45.946  -52.697  -5.962 0.0000000000
28856  45.897  -53.499  -6.697 0.0000000000
26321  45.422  -54.450  -6.967 0.0000000000
26322  45.088  -54.958  -6.870 0.0000000000
26342  44.628  -55.227  -7.312 0.0000000000
23985  44.497  -56.506  -6.922 0.0000000000
22860  43.826  -57.278  -6.806 0.0000000000
30151  39.326  -52.340  -7.053 0.0000000000
32739  38.461  -51.225  -6.651 0.0000000000
31443  38.444  -52.085  -7.361 0.0000000000
31439  37.760  -51.454  -7.189 0.0000000000
32748  36.902  -51.182  -7.441 0.0000000000
28877  36.964  -53.022  -8.812 0.0000000000
31451  36.361  -51.751  -8.257 0.0000000000
32750  35.807  -50.800  -7.888 0.0000000000
34084  35.453  -50.209  -7.804 0.0000000000
35353  34.881  -49.288  -8.106 0.0000000000
24117  38.732  -56.168  -12.174 0.0000000000
37986  43.441  -47.354  -2.701 0.0000000000
37987  42.614  -47.355  -2.784 0.0000000000
36639  43.022  -48.201  -2.923 0.0000000000
31425  40.784  -51.607  -5.512 0.0000000000
31430  40.408  -51.787  -5.930 0.0000000000
30141  42.978  -52.694  -5.781 0.0000000000
27561  43.435  -54.027  -7.043 0.0000000000
28846  42.667  -53.109  -6.190 0.0000000000
30142  42.273  -52.635  -5.843 0.0000000000
30143  41.493  -52.516  -6.009 0.0000000000
30149  40.571  -52.673  -6.641 0.0000000000
30150  39.928  -52.536  -6.871 0.0000000000
30154  39.478  -52.835  -7.348 0.0000000000
27583  39.141  -53.969  -8.089 0.0000000000
27591  38.970  -54.461  -8.326 0.0000000000
25194  39.874  -55.867  -7.950 0.0000000000
25203  39.247  -55.760  -8.282 0.0000000000
25204  38.752  -55.671  -8.550 0.0000000000
24052  38.108  -56.234  -9.155 0.0000000000
22931  38.156  -56.806  -9.606 0.0000000000
22948  38.556  -57.248  -10.824 0.0000000000
20758  43.861  -58.912  -6.140 0.0000000000
18688  42.526  -60.211  -6.766 0.0000000000
20770  42.029  -58.706  -6.798 0.0000000000
19716  41.602  -59.157  -7.045 0.0000000000
19725  40.990  -59.235  -7.454 0.0000000000
19738  40.325  -59.291  -8.228 0.0000000000
18725  40.592  -60.062  -9.106 0.0000000000
19752  40.152  -59.597  -9.041 0.0000000000
19753  39.767  -59.055  -8.965 0.0000000000
21870  39.222  -58.246  -10.328 0.0000000000
21879  39.271  -57.903  -10.928 0.0000000000
24095  38.673  -56.527  -11.735 0.0000000000
22967  39.499  -56.788  -11.974 0.0000000000
45948  42.429  -42.538  -2.104 0.0000000000
45935  43.352  -42.786  -1.645 0.0000000000
44604  42.771  -43.139  -2.383 0.0000000000
44619  43.018  -43.708  -2.571 0.0000000000
42069  43.108  -45.037  -2.750 0.0000000000
40755  43.473  -45.791  -2.715 0.0000000000
40715  45.762  -45.836  -0.495 0.0000000000
43302  44.960  -44.114  -1.422 0.0000000000
42058  45.214  -44.946  -2.178 0.0000000000
40754  44.257  -45.758  -2.600 0.0000000000
39408  43.849  -46.555  -2.605 0.0000000000
37985  44.268  -47.325  -2.560 0.0000000000
36637  44.676  -48.068  -2.632 0.0000000000
35269  45.063  -48.735  -2.805 0.0000000000
36635  46.063  -48.191  -2.466 0.0000000000
35268  45.756  -48.759  -2.756 0.0000000000
35286  45.519  -49.288  -3.055 0.0000000000
34004  45.258  -49.884  -3.397 0.0000000000
32673  45.808  -50.475  -3.766 0.0000000000
32697  46.341  -50.949  -4.286 0.0000000000
34001  48.116  -50.125  -3.493 0.0000000000
32671  47.602  -50.577  -3.986 0.0000000000
31400  47.344  -51.231  -4.731 0.0000000000
34062  38.003  -50.405  -5.992 0.0000000000
34045  37.686  -49.946  -5.584 0.0000000000
36698  36.981  -48.604  -4.677 0.0000000000
36712  36.156  -48.733  -5.570 0.0000000000
38028  36.360  -47.676  -4.590 0.0000000000
14968  41.635  -63.173  -7.569 0.0000000000
18733  42.308  -60.592  -10.492 0.0000000000
18735  41.331  -60.350  -9.942 0.0000000000
18736  40.774  -60.161  -9.663 0.0000000000
18743  41.688  -60.074  -10.504 0.0000000000
19715  42.153  -59.503  -6.844 0.0000000000
19726  40.517  -58.826  -7.692 0.0000000000
19737  40.867  -59.706  -7.868 0.0000000000
19739  39.810  -58.805  -8.546 0.0000000000
19761  40.304  -59.644  -9.844 0.0000000000
19762  39.837  -59.279  -9.510 0.0000000000
19768  41.234  -59.718  -10.590 0.0000000000
20771  41.385  -58.617  -7.034 0.0000000000
20780  40.834  -58.485  -7.322 0.0000000000
20782  40.075  -57.881  -7.828 0.0000000000
20792  40.242  -58.716  -7.921 0.0000000000
20804  39.442  -58.360  -8.889 0.0000000000
20810  39.421  -58.698  -9.657 0.0000000000
20811  39.158  -58.195  -9.399 0.0000000000
20814  41.431  -59.208  -11.031 0.0000000000
20816  40.180  -58.964  -10.613 0.0000000000
20817  39.625  -58.731  -10.290 0.0000000000
21783  44.863  -57.543  -5.878 0.0000000000
21800  44.785  -57.610  -6.101 0.0000000000
21832  40.740  -57.858  -7.300 0.0000000000
21833  40.389  -57.653  -7.566 0.0000000000
21848  39.754  -57.597  -8.064 0.0000000000
21860  39.500  -57.901  -8.459 0.0000000000
21861  39.120  -57.659  -8.810 0.0000000000
21865  39.058  -58.146  -9.812 0.0000000000
21866  38.803  -57.697  -9.454 0.0000000000
21878  40.025  -58.178  -11.259 0.0000000000
21880  38.939  -57.818  -10.585 0.0000000000
22822  44.838  -57.163  -5.985 0.0000000000
22840  44.205  -57.648  -6.604 0.0000000000
22859  44.245  -56.872  -6.898 0.0000000000
22864  41.104  -57.394  -7.152 0.0000000000
22884  40.417  -57.102  -7.583 0.0000000000
22885  39.955  -57.037  -7.827 0.0000000000
22907  39.553  -57.016  -8.138 0.0000000000
22908  39.144  -57.005  -8.490 0.0000000000
22923  38.368  -56.761  -9.209 0.0000000000
22930  38.470  -57.140  -9.434 0.0000000000
22936  38.434  -57.283  -9.958 0.0000000000
22937  38.071  -56.819  -10.214 0.0000000000
22949  38.055  -56.724  -10.653 0.0000000000
23987  43.260  -56.646  -7.017 0.0000000000
23988  42.493  -56.788  -7.030 0.0000000000
23989  41.781  -56.941  -7.071 0.0000000000
23990  41.383  -57.110  -7.124 0.0000000000
24008  43.880  -55.926  -7.330 0.0000000000
24009  43.462  -56.019  -7.275 0.0000000000
24035  39.395  -56.430  -8.208 0.0000000000
24037  38.474  -56.092  -8.765 0.0000000000
24051  38.490  -56.510  -8.921 0.0000000000
24053  37.747  -55.931  -9.421 0.0000000000
24067  37.840  -56.355  -9.766 0.0000000000
24082  37.431  -55.824  -10.195 0.0000000000
24094  39.233  -56.731  -11.936 0.0000000000
24116  39.338  -56.307  -12.338 0.0000000000
25148  44.993  -55.724  -6.324 0.0000000000
25170  44.704  -55.799  -6.990 0.0000000000
25171  44.404  -56.118  -7.138 0.0000000000
25187  44.564  -55.584  -7.249 0.0000000000
25189  43.712  -55.554  -7.474 0.0000000000
25205  38.319  -55.626  -8.811 0.0000000000
25208  37.945  -55.563  -9.106 0.0000000000
25209  37.592  -55.468  -9.425 0.0000000000
25212  37.327  -55.454  -9.888 0.0000000000
25214  37.657  -56.056  -10.964 0.0000000000
25215  37.311  -55.608  -10.629 0.0000000000
25224  38.411  -56.065  -12.038 0.0000000000
25225  37.807  -55.748  -11.614 0.0000000000
25241  38.540  -55.685  -12.476 0.0000000000
25259  39.461  -55.615  -13.102 0.0000000000
26343  44.078  -55.100  -7.528 0.0000000000
26344  43.415  -54.991  -7.590 0.0000000000
26345  42.690  -54.929  -7.620 0.0000000000
26349  39.573  -55.115  -8.132 0.0000000000
26364  39.073  -55.127  -8.345 0.0000000000
26365  38.589  -55.061  -8.596 0.0000000000
26366  38.188  -55.120  -8.861 0.0000000000
27546  46.085  -53.874  -6.273 0.0000000000
27558  45.674  -54.020  -6.890 0.0000000000
27559  45.021  -54.211  -7.208 0.0000000000
27563  41.990  -53.712  -7.116 0.0000000000
27564  41.568  -53.593  -7.127 0.0000000000
27575  44.881  -54.763  -7.306 0.0000000000
27579  42.307  -54.264  -7.482 0.0000000000
27590  39.323  -54.729  -8.221 0.0000000000
27600  37.686  -54.469  -9.039 0.0000000000
27601  37.243  -54.142  -9.279 0.0000000000
27602  36.824  -53.845  -9.493 0.0000000000
28839  47.350  -52.871  -5.791 0.0000000000
28841  46.275  -53.180  -6.304 0.0000000000
28842  45.608  -53.142  -6.340 0.0000000000
28843  44.904  -53.227  -6.255 0.0000000000
28847  42.052  -53.007  -6.250 0.0000000000
28857  45.297  -53.564  -6.782 0.0000000000
28859  43.799  -53.650  -6.620 0.0000000000
28860  43.047  -53.566  -6.609 0.0000000000
28862  41.580  -53.212  -6.700 0.0000000000
28863  40.937  -53.130  -6.868 0.0000000000
28869  40.024  -53.355  -7.499 0.0000000000
28870  39.221  -53.409  -7.803 0.0000000000
28871  38.639  -53.144  -7.949 0.0000000000
28876  37.437  -53.330  -8.702 0.0000000000
28882  37.015  -53.501  -9.137 0.0000000000
30119  47.012  -52.238  -5.533 0.0000000000
30120  46.293  -52.264  -5.546 0.0000000000
30124  43.292  -52.310  -5.317 0.0000000000
30136  46.637  -52.630  -5.998 0.0000000000
30139  44.480  -52.852  -5.720 0.0000000000
30144  40.785  -52.346  -6.191 0.0000000000
30145  40.303  -52.231  -6.387 0.0000000000
30148  41.065  -52.777  -6.479 0.0000000000
30157  37.692  -52.323  -7.900 0.0000000000
30160  37.750  -52.819  -8.239 0.0000000000
30162  36.620  -52.496  -8.659 0.0000000000
30165  36.260  -52.646  -9.135 0.0000000000
30166  35.810  -52.372  -9.318 0.0000000000
31337  48.691  -51.334  -3.410 0.0000000000
31401  46.856  -51.334  -4.723 0.0000000000
31403  45.472  -51.578  -4.705 0.0000000000
31418  45.877  -51.905  -5.075 0.0000000000
31422  42.864  -51.824  -4.945 0.0000000000
31424  41.398  -51.827  -5.427 0.0000000000
31431  39.865  -51.822  -6.317 0.0000000000
31436  39.475  -51.986  -6.719 0.0000000000
31437  38.890  -51.772  -6.870 0.0000000000
31438  38.247  -51.588  -7.063 0.0000000000
31444  37.949  -51.953  -7.505 0.0000000000
31445  37.308  -51.737  -7.647 0.0000000000
31446  36.747  -51.548  -7.798 0.0000000000
31450  36.847  -52.022  -8.110 0.0000000000
32646  48.795  -50.953  -2.843 0.0000000000
32695  47.796  -51.102  -4.616 0.0000000000
32696  47.126  -50.939  -4.376 0.0000000000
32699  44.442  -50.971  -4.181 0.0000000000
32704  40.266  -50.650  -4.945 0.0000000000
32717  48.055  -51.565  -5.067 0.0000000000
32718  47.972  -51.376  -4.940 0.0000000000
32720  41.055  -51.270  -5.128 0.0000000000
32721  40.171  -51.066  -5.384 0.0000000000
32722  39.314  -50.770  -5.629 0.0000000000
32732  39.589  -51.279  -5.950 0.0000000000
32733  38.886  -50.977  -6.115 0.0000000000
32734  38.261  -50.812  -6.337 0.0000000000
32735  37.751  -50.670  -6.454 0.0000000000
32741  37.306  -50.940  -6.938 0.0000000000
32742  36.720  -50.795  -7.104 0.0000000000
32749  36.346  -51.002  -7.636 0.0000000000
32760  35.937  -51.274  -8.155 0.0000000000
32761  35.424  -51.001  -8.459 0.0000000000
32773  35.081  -51.111  -9.031 0.0000000000
33990  47.670  -49.562  -2.962 0.0000000000
33992  46.397  -49.348  -2.977 0.0000000000
33999  49.055  -50.647  -3.132 0.0000000000
34024  40.143  -50.200  -4.630 0.0000000000
34025  39.276  -49.938  -4.741 0.0000000000
34026  38.797  -49.792  -4.824 0.0000000000
34046  37.229  -49.776  -5.689 0.0000000000
34061  38.459  -50.599  -5.973 0.0000000000
34064  36.637  -50.097  -6.482 0.0000000000
34074  35.776  -50.026  -7.230 0.0000000000
34083  35.932  -50.463  -7.490 0.0000000000
34085  35.067  -49.935  -8.141 0.0000000000
34093  35.136  -50.383  -8.365 0.0000000000
34094  34.862  -50.049  -8.755 0.0000000000
35250  47.628  -48.733  -2.187 0.0000000000
35270  44.313  -48.719  -2.874 0.0000000000
35287  44.741  -49.321  -3.104 0.0000000000
35307  37.373  -48.781  -4.501 0.0000000000
35317  38.443  -49.634  -4.846 0.0000000000
35318  37.975  -49.654  -5.123 0.0000000000
35319  37.122  -49.277  -5.230 0.0000000000
35333  36.944  -49.681  -5.802 0.0000000000
35345  35.901  -49.794  -6.843 0.0000000000
35352  35.161  -49.705  -7.780 0.0000000000
36616  48.326  -48.629  -1.702 0.0000000000
36619  46.546  -47.936  -2.214 0.0000000000
36634  46.677  -48.440  -2.432 0.0000000000
36688  37.749  -48.399  -4.057 0.0000000000
36689  37.208  -48.264  -4.255 0.0000000000
36690  36.783  -48.146  -4.479 0.0000000000
36699  36.480  -48.475  -5.025 0.0000000000
36700  35.986  -48.270  -5.348 0.0000000000
36713  35.634  -48.388  -5.946 0.0000000000
36723  34.946  -48.514  -7.299 0.0000000000
37967  47.533  -47.625  -1.351 0.0000000000
37968  47.106  -47.158  -1.504 0.0000000000
37976  45.534  -46.946  -2.178 0.0000000000
37983  45.649  -47.766  -2.382 0.0000000000
38029  35.997  -47.595  -4.931 0.0000000000
38046  36.094  -47.952  -5.026 0.0000000000
38074  35.129  -47.757  -6.428 0.0000000000
38075  34.953  -47.885  -7.046 0.0000000000
39374  47.317  -47.102  -0.696 0.0000000000
39391  47.104  -46.898  -1.124 0.0000000000
39400  45.769  -46.559  -2.082 0.0000000000
39410  42.238  -46.588  -2.768 0.0000000000
39434  35.867  -47.032  -4.844 0.0000000000
39480  34.929  -47.523  -7.364 0.0000000000
40731  46.579  -46.057  -1.074 0.0000000000
40740  46.737  -46.450  -1.268 0.0000000000
40743  45.542  -45.506  -2.144 0.0000000000
40752  45.525  -46.026  -2.166 0.0000000000
42026  45.448  -45.208  -0.639 0.0000000000
42043  46.376  -45.589  -1.234 0.0000000000
42044  46.018  -45.130  -1.321 0.0000000000
42056  46.228  -45.485  -1.634 0.0000000000
42067  44.593  -44.968  -2.487 0.0000000000
42068  43.881  -45.010  -2.676 0.0000000000
43315  45.341  -44.487  -1.823 0.0000000000
43330  43.541  -44.199  -2.625 0.0000000000
43331  42.729  -44.346  -2.727 0.0000000000
44589  44.523  -43.646  -1.642 0.0000000000
45947  42.997  -42.766  -1.956 0.0000000000
