#!ascii label  , from subject FS6EXPERT_subj01_ver10 vox2ras=TkReg
449
138888  25.100  8.633  -31.014 0.0000000000
120481  23.904  -1.895  -29.902 0.0000000000
149978  24.125  14.532  -33.355 0.0000000000
168686  22.228  25.817  -37.945 0.0000000000
119021  22.509  -2.783  -28.592 0.0000000000
152458  26.735  17.241  -32.923 0.0000000000
159148  25.800  20.161  -33.897 0.0000000000
134450  23.702  6.111  -31.786 0.0000000000
128896  24.962  2.811  -31.261 0.0000000000
133045  26.281  5.301  -30.566 0.0000000000
143095  26.974  10.435  -29.985 0.0000000000
135913  27.925  6.757  -29.854 0.0000000000
144610  24.114  11.513  -32.043 0.0000000000
147445  26.186  13.854  -31.142 0.0000000000
163447  22.433  22.994  -36.826 0.0000000000
164844  25.295  23.355  -34.643 0.0000000000
123469  25.492  0.085  -30.381 0.0000000000
157853  24.499  19.184  -34.538 0.0000000000
159166  23.697  20.156  -35.091 0.0000000000
135958  24.284  6.926  -31.613 0.0000000000
133047  24.935  5.268  -31.316 0.0000000000
135940  25.833  7.006  -30.842 0.0000000000
119029  23.683  -2.735  -29.281 0.0000000000
147462  23.712  12.796  -32.528 0.0000000000
146041  25.361  12.749  -31.263 0.0000000000
148739  25.076  14.287  -32.252 0.0000000000
156500  28.196  18.202  -32.949 0.0000000000
152423  27.826  16.734  -31.837 0.0000000000
168688  20.379  25.378  -38.376 0.0000000000
164888  20.812  23.202  -38.327 0.0000000000
166201  22.065  24.182  -37.618 0.0000000000
171118  27.582  26.961  -36.767 0.0000000000
169862  27.359  25.842  -36.285 0.0000000000
167434  25.495  24.790  -35.254 0.0000000000
167431  27.218  24.695  -35.659 0.0000000000
163409  27.030  22.760  -34.758 0.0000000000
128881  26.301  2.790  -30.902 0.0000000000
126269  25.300  1.461  -31.188 0.0000000000
117543  21.973  -3.273  -27.728 0.0000000000
151203  24.985  15.622  -33.253 0.0000000000
226333  24.886  17.330  -34.195 0.0000000000
156520  26.118  18.375  -33.858 0.0000000000
159146  27.356  20.321  -33.865 0.0000000000
130253  23.360  3.699  -31.668 0.0000000000
131664  23.957  4.405  -31.724 0.0000000000
130235  25.512  3.925  -31.153 0.0000000000
130233  26.846  3.600  -30.606 0.0000000000
140288  25.922  9.220  -30.568 0.0000000000
137391  26.386  7.806  -30.370 0.0000000000
140285  27.785  9.080  -29.824 0.0000000000
138907  24.072  8.564  -31.584 0.0000000000
141703  23.494  9.936  -32.151 0.0000000000
140323  24.594  9.683  -31.404 0.0000000000
144582  25.683  11.297  -30.901 0.0000000000
146026  26.639  12.131  -30.470 0.0000000000
147432  27.545  13.583  -30.425 0.0000000000
149963  25.896  15.232  -32.018 0.0000000000
149944  28.007  15.561  -31.103 0.0000000000
160538  22.177  21.815  -36.874 0.0000000000
168672  23.568  25.960  -36.837 0.0000000000
167452  23.969  24.848  -35.966 0.0000000000
164864  23.658  23.622  -35.779 0.0000000000
161980  23.758  22.042  -35.170 0.0000000000
161977  25.105  22.211  -34.150 0.0000000000
161944  27.025  21.542  -34.137 0.0000000000
123459  23.453  -0.127  -30.153 0.0000000000
127584  23.614  2.077  -31.139 0.0000000000
134409  27.419  6.002  -29.990 0.0000000000
131628  27.866  4.414  -30.159 0.0000000000
157855  23.558  19.463  -35.480 0.0000000000
159179  23.240  20.264  -35.624 0.0000000000
137434  24.902  7.608  -31.307 0.0000000000
135941  25.025  6.919  -31.336 0.0000000000
137415  25.357  7.815  -31.050 0.0000000000
116026  21.468  -4.362  -26.616 0.0000000000
117529  21.803  -3.813  -27.235 0.0000000000
120470  23.404  -1.942  -29.499 0.0000000000
147472  24.003  13.663  -32.907 0.0000000000
148740  24.598  13.834  -32.384 0.0000000000
148752  24.397  14.164  -32.853 0.0000000000
156516  28.829  18.743  -33.297 0.0000000000
153744  29.059  17.985  -32.561 0.0000000000
168697  21.687  25.830  -38.457 0.0000000000
167479  21.116  24.847  -38.601 0.0000000000
166202  21.512  23.946  -38.115 0.0000000000
167477  22.541  25.077  -37.413 0.0000000000
167447  27.032  25.192  -35.774 0.0000000000
166185  27.853  23.702  -36.017 0.0000000000
127568  26.501  1.961  -30.963 0.0000000000
121968  22.037  -1.219  -28.869 0.0000000000
226328  24.707  16.932  -34.269 0.0000000000
155166  24.573  17.493  -34.552 0.0000000000
159164  24.645  19.633  -34.292 0.0000000000
156521  25.355  18.479  -34.104 0.0000000000
157836  26.282  19.399  -33.749 0.0000000000
157835  26.991  19.517  -33.646 0.0000000000
159147  26.560  20.222  -33.862 0.0000000000
171123  21.579  27.192  -38.382 0.0000000000
133062  23.916  5.268  -31.779 0.0000000000
133046  25.596  5.316  -30.884 0.0000000000
131649  25.274  4.510  -31.251 0.0000000000
131648  25.862  4.516  -30.871 0.0000000000
130234  25.999  3.626  -30.882 0.0000000000
131647  26.510  4.443  -30.528 0.0000000000
117555  22.247  -3.247  -28.140 0.0000000000
116043  22.258  -3.959  -27.724 0.0000000000
141657  26.165  9.879  -30.359 0.0000000000
140287  26.466  9.166  -30.245 0.0000000000
141655  27.391  9.790  -29.894 0.0000000000
137447  23.195  7.700  -32.072 0.0000000000
144611  23.572  11.602  -32.382 0.0000000000
143144  23.825  10.729  -32.184 0.0000000000
141690  24.002  9.957  -31.814 0.0000000000
143132  24.595  10.551  -31.648 0.0000000000
143131  25.008  10.634  -31.362 0.0000000000
144597  24.679  11.331  -31.650 0.0000000000
147446  25.767  13.311  -31.182 0.0000000000
146027  25.781  12.192  -30.931 0.0000000000
147433  26.638  13.372  -30.728 0.0000000000
146025  27.333  12.631  -30.265 0.0000000000
148703  27.208  14.223  -30.730 0.0000000000
151201  26.151  16.616  -32.804 0.0000000000
151190  25.839  15.647  -32.437 0.0000000000
151189  26.390  16.137  -32.259 0.0000000000
151168  27.761  16.061  -31.453 0.0000000000
149925  28.352  15.059  -30.786 0.0000000000
164887  21.589  23.091  -38.053 0.0000000000
162013  21.368  22.087  -38.196 0.0000000000
162004  22.034  22.389  -37.245 0.0000000000
160545  22.032  21.343  -37.266 0.0000000000
161998  22.394  22.205  -36.594 0.0000000000
169878  26.605  26.780  -36.322 0.0000000000
171103  26.338  27.447  -36.477 0.0000000000
168670  24.698  26.410  -36.216 0.0000000000
168658  24.452  25.609  -35.982 0.0000000000
166159  25.068  24.106  -35.085 0.0000000000
166175  24.633  24.437  -35.422 0.0000000000
164845  24.563  23.299  -34.974 0.0000000000
163429  23.780  22.483  -35.309 0.0000000000
163413  24.217  22.455  -34.844 0.0000000000
161978  24.642  21.783  -34.264 0.0000000000
163412  24.836  22.664  -34.406 0.0000000000
163407  28.069  22.491  -35.490 0.0000000000
161975  26.917  22.196  -34.517 0.0000000000
161957  27.788  21.716  -34.691 0.0000000000
160517  28.164  21.211  -34.683 0.0000000000
123460  22.732  -0.058  -29.777 0.0000000000
128897  24.262  2.873  -31.360 0.0000000000
128898  23.499  2.968  -31.381 0.0000000000
127583  24.433  2.150  -31.202 0.0000000000
124935  25.388  0.882  -31.044 0.0000000000
124936  24.989  1.041  -31.146 0.0000000000
124920  24.715  0.499  -31.019 0.0000000000
123471  24.299  -0.132  -30.620 0.0000000000
137390  26.944  7.667  -30.076 0.0000000000
135914  27.160  6.842  -30.017 0.0000000000
156536  24.336  18.435  -34.894 0.0000000000
157854  23.996  19.313  -34.955 0.0000000000
159150  24.528  20.533  -34.219 0.0000000000
134437  24.320  6.059  -31.624 0.0000000000
133048  24.481  5.520  -31.541 0.0000000000
134436  24.806  6.062  -31.403 0.0000000000
134435  25.348  6.133  -31.018 0.0000000000
134434  26.063  6.221  -30.689 0.0000000000
119030  22.938  -2.710  -28.964 0.0000000000
117553  23.396  -3.767  -28.470 0.0000000000
117563  23.479  -3.230  -29.005 0.0000000000
117552  23.981  -3.249  -28.665 0.0000000000
144557  27.812  10.854  -29.844 0.0000000000
143094  27.629  10.431  -29.832 0.0000000000
146056  23.331  12.368  -32.608 0.0000000000
146055  23.884  12.288  -32.269 0.0000000000
146043  24.406  12.217  -31.868 0.0000000000
147448  24.677  12.717  -31.828 0.0000000000
147447  25.033  13.242  -31.755 0.0000000000
148722  25.863  14.351  -31.624 0.0000000000
226263  27.017  17.756  -33.155 0.0000000000
152457  27.099  17.130  -32.517 0.0000000000
153745  28.006  17.762  -32.516 0.0000000000
152442  28.927  17.273  -31.938 0.0000000000
166213  21.776  23.688  -37.915 0.0000000000
164874  22.305  23.654  -37.203 0.0000000000
169877  27.323  26.470  -36.478 0.0000000000
169864  26.738  26.187  -36.131 0.0000000000
168656  25.700  25.912  -35.701 0.0000000000
167433  26.096  24.756  -35.287 0.0000000000
166157  26.294  24.150  -34.941 0.0000000000
164843  25.917  23.252  -34.458 0.0000000000
166174  27.048  23.804  -35.088 0.0000000000
163427  28.048  22.883  -35.720 0.0000000000
128895  25.601  2.790  -31.096 0.0000000000
127582  25.113  2.105  -31.187 0.0000000000
127581  25.801  2.075  -31.126 0.0000000000
126268  25.923  1.345  -31.020 0.0000000000
117544  21.660  -3.288  -27.268 0.0000000000
119009  21.783  -2.792  -27.829 0.0000000000
120459  22.383  -2.318  -28.660 0.0000000000
120471  22.655  -1.886  -29.032 0.0000000000
121967  22.978  -1.255  -29.417 0.0000000000
121966  23.367  -1.450  -29.617 0.0000000000
149990  23.791  14.796  -33.850 0.0000000000
149977  24.485  15.098  -33.365 0.0000000000
151215  24.798  16.198  -33.752 0.0000000000
151214  25.320  16.541  -33.520 0.0000000000
155152  25.990  17.440  -33.617 0.0000000000
155153  25.063  17.779  -34.159 0.0000000000
226347  25.558  17.835  -33.920 0.0000000000
156503  26.369  17.822  -33.643 0.0000000000
156518  27.302  18.763  -33.511 0.0000000000
156517  28.024  18.754  -33.443 0.0000000000
157833  28.513  19.451  -33.823 0.0000000000
169898  20.527  26.233  -38.568 0.0000000000
169908  21.795  26.505  -38.442 0.0000000000
169896  22.656  26.685  -37.732 0.0000000000
130252  24.115  3.654  -31.550 0.0000000000
133061  24.410  4.968  -31.631 0.0000000000
131663  24.639  4.400  -31.575 0.0000000000
130251  24.921  3.631  -31.440 0.0000000000
130250  25.400  3.354  -31.161 0.0000000000
128880  27.067  2.712  -30.761 0.0000000000
138887  25.660  8.551  -30.783 0.0000000000
137414  25.950  7.851  -30.702 0.0000000000
138870  26.198  8.508  -30.477 0.0000000000
138869  26.734  8.440  -30.146 0.0000000000
137389  27.660  7.577  -29.866 0.0000000000
138867  28.125  8.309  -29.734 0.0000000000
137388  28.431  7.502  -29.763 0.0000000000
135959  23.452  6.925  -31.825 0.0000000000
137435  24.478  7.855  -31.456 0.0000000000
138889  24.586  8.710  -31.256 0.0000000000
140325  23.723  9.262  -31.781 0.0000000000
140324  24.327  9.342  -31.438 0.0000000000
140306  24.818  9.350  -31.209 0.0000000000
141675  25.190  9.975  -31.095 0.0000000000
141674  25.669  9.932  -30.736 0.0000000000
143117  25.940  10.596  -30.611 0.0000000000
146028  25.420  11.749  -31.106 0.0000000000
144581  26.255  11.308  -30.489 0.0000000000
144580  26.691  11.419  -30.225 0.0000000000
146001  27.279  11.738  -30.070 0.0000000000
146024  27.802  12.889  -30.184 0.0000000000
149976  25.059  15.153  -32.859 0.0000000000
148738  25.550  14.776  -32.058 0.0000000000
149946  26.429  15.213  -31.516 0.0000000000
151188  27.205  16.470  -31.904 0.0000000000
151169  26.996  15.815  -31.603 0.0000000000
148721  26.574  14.350  -31.117 0.0000000000
148702  27.949  14.295  -30.503 0.0000000000
160537  22.486  21.302  -36.533 0.0000000000
169895  23.522  26.758  -37.149 0.0000000000
169894  24.116  26.995  -36.828 0.0000000000
168685  22.940  25.956  -37.347 0.0000000000
167476  23.118  25.404  -36.986 0.0000000000
167464  22.948  24.875  -36.852 0.0000000000
164873  22.787  23.681  -36.743 0.0000000000
167451  24.556  25.080  -35.729 0.0000000000
166187  23.567  24.328  -36.067 0.0000000000
163446  22.942  23.145  -36.456 0.0000000000
163437  23.332  22.799  -35.925 0.0000000000
161997  22.879  21.990  -36.084 0.0000000000
160531  22.992  21.128  -35.804 0.0000000000
161991  23.680  21.332  -35.121 0.0000000000
160519  24.289  20.997  -34.424 0.0000000000
160506  25.343  20.897  -33.970 0.0000000000
163410  26.342  22.563  -34.411 0.0000000000
161960  26.247  21.832  -34.103 0.0000000000
160505  26.120  21.051  -33.976 0.0000000000
159163  27.785  20.678  -34.138 0.0000000000
159145  28.163  20.185  -34.019 0.0000000000
121979  23.085  -0.622  -29.717 0.0000000000
121978  23.727  -1.147  -29.946 0.0000000000
127569  23.272  1.558  -30.861 0.0000000000
126270  24.564  1.367  -31.133 0.0000000000
126252  23.727  1.213  -30.893 0.0000000000
124922  23.350  0.714  -30.561 0.0000000000
123472  23.914  -0.068  -30.393 0.0000000000
121987  24.398  -0.723  -30.430 0.0000000000
135916  26.163  7.410  -30.598 0.0000000000
135939  26.127  6.733  -30.675 0.0000000000
134410  26.730  6.095  -30.330 0.0000000000
133023  27.659  5.179  -30.012 0.0000000000
133024  26.948  5.236  -30.221 0.0000000000
130218  27.443  3.864  -30.347 0.0000000000
116052  22.335  -3.571  -28.073 0.0000000000
117554  22.635  -3.289  -28.462 0.0000000000
117564  23.034  -3.345  -28.859 0.0000000000
120444  21.611  -2.339  -27.947 0.0000000000
121988  23.967  -0.437  -30.285 0.0000000000
124919  25.396  0.408  -30.677 0.0000000000
124921  23.876  0.405  -30.630 0.0000000000
124934  25.798  0.847  -30.684 0.0000000000
126271  24.075  1.684  -31.155 0.0000000000
131629  27.183  4.429  -30.202 0.0000000000
134408  28.181  5.934  -29.900 0.0000000000
135915  26.445  6.974  -30.468 0.0000000000
135942  24.630  6.489  -31.518 0.0000000000
135957  24.697  7.329  -31.461 0.0000000000
137416  24.875  8.115  -31.177 0.0000000000
137436  23.831  7.739  -31.737 0.0000000000
138868  27.380  8.368  -29.896 0.0000000000
138908  23.481  8.488  -31.925 0.0000000000
140286  27.075  9.116  -29.976 0.0000000000
140305  25.386  9.278  -30.879 0.0000000000
140307  24.577  9.134  -31.285 0.0000000000
140341  23.154  9.223  -32.144 0.0000000000
141654  28.133  9.794  -29.765 0.0000000000
141656  26.737  9.822  -30.071 0.0000000000
141688  24.796  10.026  -31.414 0.0000000000
141689  24.433  9.998  -31.596 0.0000000000
141704  22.934  9.947  -32.502 0.0000000000
143096  26.439  10.509  -30.241 0.0000000000
143118  25.445  10.626  -30.981 0.0000000000
143133  24.242  10.427  -31.838 0.0000000000
143143  24.294  10.910  -31.875 0.0000000000
143145  23.325  10.478  -32.511 0.0000000000
144558  27.017  10.993  -30.016 0.0000000000
144559  26.667  10.954  -30.151 0.0000000000
144596  25.211  11.305  -31.233 0.0000000000
146002  26.911  11.594  -30.172 0.0000000000
146042  25.063  12.189  -31.443 0.0000000000
147431  28.439  13.910  -30.367 0.0000000000
147434  26.164  12.768  -30.754 0.0000000000
147460  24.727  13.647  -32.162 0.0000000000
147461  24.283  13.186  -32.351 0.0000000000
148723  25.409  13.811  -31.673 0.0000000000
148751  24.755  14.670  -32.836 0.0000000000
148753  23.826  14.076  -33.334 0.0000000000
149924  29.310  14.879  -30.806 0.0000000000
149926  27.677  14.651  -30.704 0.0000000000
149945  27.313  15.158  -31.005 0.0000000000
149964  25.482  15.199  -32.428 0.0000000000
151202  25.615  16.046  -33.044 0.0000000000
152443  28.277  17.299  -32.065 0.0000000000
152444  27.521  17.100  -32.247 0.0000000000
152445  26.967  16.804  -32.358 0.0000000000
152459  26.050  16.923  -33.164 0.0000000000
152469  25.249  17.106  -33.864 0.0000000000
153746  27.408  17.523  -32.648 0.0000000000
156501  27.521  18.009  -33.077 0.0000000000
156502  26.808  18.015  -33.461 0.0000000000
156519  26.704  18.813  -33.640 0.0000000000
156522  24.774  18.426  -34.374 0.0000000000
157834  27.728  19.491  -33.742 0.0000000000
157837  25.579  19.282  -33.974 0.0000000000
157838  24.971  19.185  -34.226 0.0000000000
159144  28.615  19.983  -34.110 0.0000000000
159149  24.964  20.091  -34.095 0.0000000000
159162  28.156  20.711  -34.346 0.0000000000
159165  24.244  20.090  -34.483 0.0000000000
160489  26.883  21.291  -34.049 0.0000000000
160490  26.523  21.283  -34.022 0.0000000000
160491  26.249  21.357  -33.999 0.0000000000
160502  27.725  21.388  -34.417 0.0000000000
160503  27.367  21.132  -34.116 0.0000000000
160504  26.803  20.886  -33.979 0.0000000000
160507  24.757  20.951  -34.086 0.0000000000
160518  27.856  21.035  -34.327 0.0000000000
160520  23.867  20.872  -34.867 0.0000000000
160530  23.497  20.931  -35.332 0.0000000000
160546  21.738  22.067  -37.790 0.0000000000
161945  26.664  21.569  -34.074 0.0000000000
161946  26.422  21.522  -34.034 0.0000000000
161958  27.329  21.751  -34.377 0.0000000000
161959  26.802  21.854  -34.238 0.0000000000
161961  25.469  21.745  -34.003 0.0000000000
161962  25.035  21.353  -34.054 0.0000000000
161973  28.148  21.959  -35.232 0.0000000000
161974  27.478  22.191  -34.801 0.0000000000
161976  26.575  22.112  -34.330 0.0000000000
161979  23.941  21.695  -34.869 0.0000000000
161992  23.475  21.805  -35.451 0.0000000000
163395  25.991  22.281  -34.182 0.0000000000
163396  25.818  22.121  -34.084 0.0000000000
163408  27.660  22.759  -35.177 0.0000000000
163411  25.585  22.575  -34.161 0.0000000000
163414  23.908  22.176  -35.043 0.0000000000
163428  24.059  22.984  -35.192 0.0000000000
163434  28.237  22.880  -36.159 0.0000000000
163435  28.131  23.085  -36.021 0.0000000000
163436  23.782  23.087  -35.527 0.0000000000
163438  22.801  22.628  -36.386 0.0000000000
163456  22.075  23.142  -37.407 0.0000000000
164828  26.278  23.797  -34.742 0.0000000000
164829  26.057  23.675  -34.685 0.0000000000
164830  25.711  23.630  -34.674 0.0000000000
164840  27.494  23.113  -35.199 0.0000000000
164841  27.239  23.347  -35.072 0.0000000000
164842  26.543  23.478  -34.701 0.0000000000
164856  27.639  23.278  -35.458 0.0000000000
164857  27.381  23.550  -35.290 0.0000000000
164858  24.081  23.545  -35.377 0.0000000000
164862  28.098  23.380  -36.201 0.0000000000
164863  28.030  23.344  -36.045 0.0000000000
164865  23.221  23.656  -36.250 0.0000000000
164875  21.449  23.540  -38.147 0.0000000000
164886  21.967  23.559  -37.647 0.0000000000
164898  20.776  22.287  -38.674 0.0000000000
166139  26.086  23.914  -34.797 0.0000000000
166140  25.847  23.935  -34.819 0.0000000000
166141  25.515  23.869  -34.846 0.0000000000
166154  27.590  24.527  -35.998 0.0000000000
166155  27.424  24.335  -35.714 0.0000000000
166156  27.029  24.060  -35.220 0.0000000000
166158  25.708  24.299  -34.987 0.0000000000
166160  24.469  23.945  -35.275 0.0000000000
166172  27.687  24.154  -36.002 0.0000000000
166173  27.511  23.812  -35.567 0.0000000000
166176  24.113  24.269  -35.638 0.0000000000
166184  28.016  24.033  -36.391 0.0000000000
166186  27.772  23.526  -35.774 0.0000000000
166188  23.078  24.345  -36.533 0.0000000000
166200  22.632  24.303  -37.072 0.0000000000
166214  21.624  23.578  -38.060 0.0000000000
167430  27.461  24.705  -35.892 0.0000000000
167432  26.694  24.692  -35.410 0.0000000000
167435  24.992  24.760  -35.391 0.0000000000
167446  27.554  25.072  -36.116 0.0000000000
167450  25.261  25.321  -35.559 0.0000000000
167462  24.159  25.332  -36.098 0.0000000000
167480  20.366  24.515  -38.058 0.0000000000
167489  21.368  25.428  -38.575 0.0000000000
168653  27.272  25.606  -36.116 0.0000000000
168657  24.934  25.982  -35.890 0.0000000000
168668  27.625  25.752  -36.462 0.0000000000
168669  27.553  26.140  -36.552 0.0000000000
168671  24.221  25.981  -36.318 0.0000000000
168684  27.721  26.168  -36.712 0.0000000000
168687  21.848  25.490  -38.224 0.0000000000
168696  22.012  26.130  -38.241 0.0000000000
168698  21.043  25.670  -38.690 0.0000000000
169863  27.161  25.990  -36.213 0.0000000000
169876  27.398  26.052  -36.397 0.0000000000
169882  23.952  26.523  -36.679 0.0000000000
169893  27.803  26.510  -36.915 0.0000000000
169907  22.190  26.396  -38.108 0.0000000000
169909  21.253  26.316  -38.734 0.0000000000
171101  27.545  27.435  -36.892 0.0000000000
171102  27.079  27.295  -36.584 0.0000000000
171106  24.430  27.244  -36.756 0.0000000000
171117  27.890  27.051  -37.123 0.0000000000
171134  21.411  26.748  -38.611 0.0000000000
171135  20.978  26.816  -38.640 0.0000000000
226268  24.479  16.983  -34.492 0.0000000000
226341  25.638  16.814  -33.435 0.0000000000
226358  26.312  17.278  -33.292 0.0000000000
226362  26.468  17.530  -33.429 0.0000000000
226374  27.730  17.838  -32.750 0.0000000000
226385  27.954  17.995  -32.798 0.0000000000
226386  27.898  18.104  -32.964 0.0000000000
