#!ascii label  , from subject FS6EXPERT_subj01_ver10 vox2ras=TkReg
1143
107104  20.626  -8.876  -23.423 0.1428571492
107093  20.322  -8.752  -22.304 0.1428571492
110205  20.253  -7.296  -23.526 0.1428571492
104401  21.662  -9.946  -23.488 0.1428571492
107114  21.039  -8.626  -24.046 0.2857142985
108593  20.244  -8.044  -23.016 0.1428571492
105747  22.170  -8.973  -23.516 0.1428571492
111731  20.924  -6.680  -24.544 0.5714285970
108602  22.088  -8.050  -24.123 0.1428571492
111729  23.200  -6.757  -24.177 0.2857142985
110215  23.099  -7.248  -23.940 0.2857142985
114674  24.015  -5.881  -24.553 0.1428571492
113286  23.507  -6.112  -24.560 0.2857142985
117503  24.429  -4.118  -26.321 0.2857142985
116022  24.129  -4.316  -26.390 0.1428571492
114739  23.527  -4.977  -26.201 0.2857142985
119019  24.915  -2.539  -27.876 0.2857142985
117526  25.127  -3.346  -26.513 0.2857142985
120457  25.042  -1.953  -28.528 0.2857142985
123457  25.676  -0.279  -29.978 0.2857142985
127568  26.501  1.961  -30.963 0.8571428657
124918  25.842  0.473  -30.269 0.4285714328
121964  25.823  -0.876  -28.864 0.2857142985
130233  26.846  3.600  -30.606 0.7142857313
128880  27.067  2.712  -30.761 0.7142857313
126268  25.923  1.345  -31.020 0.7142857313
131628  27.866  4.414  -30.159 0.8571428657
130218  27.443  3.864  -30.347 0.5714285970
131647  26.510  4.443  -30.528 0.8571428657
128881  26.301  2.790  -30.902 0.7142857313
134408  28.181  5.934  -29.900 0.4285714328
133023  27.659  5.179  -30.012 0.7142857313
133024  26.948  5.236  -30.221 0.8571428657
138866  28.930  8.232  -29.546 0.2857142985
138867  28.125  8.309  -29.734 0.5714285970
135914  27.160  6.842  -30.017 0.8571428657
135913  27.925  6.757  -29.854 0.7142857313
134409  27.419  6.002  -29.990 0.8571428657
140283  29.463  9.033  -29.593 0.1428571492
138865  29.738  8.150  -29.818 0.1428571492
140284  28.550  9.063  -29.565 0.4285714328
137389  27.660  7.577  -29.866 0.5714285970
137390  26.944  7.667  -30.076 0.8571428657
144554  29.680  11.250  -30.105 0.1428571492
141651  30.572  9.661  -30.197 0.1428571492
141652  29.800  10.047  -29.995 0.1428571492
141653  28.962  9.854  -29.589 0.4285714328
138869  26.734  8.440  -30.146 0.8571428657
146021  30.504  12.413  -30.821 0.1428571492
144576  30.629  11.674  -30.720 0.1428571492
146022  29.774  12.631  -30.282 0.1428571492
144555  29.324  11.088  -29.961 0.1428571492
144556  28.805  10.938  -29.866 0.4285714328
143094  27.629  10.431  -29.832 0.5714285970
141655  27.391  9.790  -29.894 0.7142857313
138870  26.198  8.508  -30.477 0.8571428657
147430  29.361  13.560  -30.361 0.1428571492
148700  29.672  14.186  -30.690 0.1428571492
146023  29.000  12.820  -30.082 0.1428571492
146024  27.802  12.889  -30.184 0.5714285970
143095  26.974  10.435  -29.985 0.8571428657
140287  26.466  9.166  -30.245 0.8571428657
141657  26.165  9.879  -30.359 0.8571428657
149922  30.468  14.626  -31.266 0.1428571492
151145  29.770  15.351  -31.083 0.2857142985
148701  28.888  14.358  -30.473 0.1428571492
148702  27.949  14.295  -30.503 0.8571428657
146001  27.279  11.738  -30.070 0.8571428657
144557  27.812  10.854  -29.844 0.7142857313
146026  26.639  12.131  -30.470 0.8571428657
152421  29.367  16.759  -31.603 0.1428571492
153724  30.191  17.057  -32.153 0.1428571492
151167  28.646  15.952  -31.238 0.4285714328
151169  26.996  15.815  -31.603 0.8571428657
148721  26.574  14.350  -31.117 0.8571428657
147433  26.638  13.372  -30.728 0.8571428657
146027  25.781  12.192  -30.931 0.8571428657
152422  28.450  16.703  -31.639 0.4285714328
149946  26.429  15.213  -31.516 0.8571428657
147445  26.186  13.854  -31.142 0.8571428657
148722  25.863  14.351  -31.624 0.8571428657
153743  30.085  17.767  -32.631 0.1428571492
156515  29.901  18.639  -33.323 0.2857142985
152442  28.927  17.273  -31.938 0.5714285970
153745  28.006  17.762  -32.516 0.8571428657
152423  27.826  16.734  -31.837 0.8571428657
151188  27.205  16.470  -31.904 0.8571428657
149963  25.896  15.232  -32.018 0.8571428657
151189  26.390  16.137  -32.259 0.8571428657
148738  25.550  14.776  -32.058 0.8571428657
157832  29.268  19.309  -33.802 0.2857142985
156516  28.829  18.743  -33.297 0.7142857313
153744  29.059  17.985  -32.561 0.5714285970
156500  28.196  18.202  -32.949 0.8571428657
152458  26.735  17.241  -32.923 0.8571428657
155152  25.990  17.440  -33.617 0.8571428657
151190  25.839  15.647  -32.437 0.8571428657
156517  28.024  18.754  -33.443 0.8571428657
157835  26.991  19.517  -33.646 0.8571428657
156503  26.369  17.822  -33.643 0.8571428657
156521  25.355  18.479  -34.104 0.7142857313
226347  25.558  17.835  -33.920 0.7142857313
159146  27.356  20.321  -33.865 0.8571428657
159147  26.560  20.222  -33.862 0.8571428657
156520  26.118  18.375  -33.858 0.8571428657
159148  25.800  20.161  -33.897 0.8571428657
160506  25.343  20.897  -33.970 0.8571428657
159164  24.645  19.633  -34.292 0.7142857313
161975  26.917  22.196  -34.517 0.7142857313
161960  26.247  21.832  -34.103 0.8571428657
163410  26.342  22.563  -34.411 0.8571428657
163412  24.836  22.664  -34.406 0.8571428657
166159  25.068  24.106  -35.085 0.7142857313
157836  26.282  19.399  -33.749 0.8571428657
161977  25.105  22.211  -34.150 0.8571428657
164885  28.370  23.565  -38.121 0.1428571492
164843  25.917  23.252  -34.458 0.8571428657
166157  26.294  24.150  -34.941 0.7142857313
167433  26.096  24.756  -35.287 0.7142857313
164844  25.295  23.355  -34.643 0.8571428657
167497  28.462  25.049  -38.864 0.1428571492
167447  27.032  25.192  -35.774 0.5714285970
169862  27.359  25.842  -36.285 0.5714285970
169878  26.605  26.780  -36.322 0.5714285970
168683  28.042  25.859  -36.984 0.1428571492
168719  28.329  25.832  -40.070 0.1428571492
171103  26.338  27.447  -36.477 0.5714285970
171148  28.364  27.401  -39.124 0.1428571492
172328  28.509  28.330  -40.298 0.1428571492
171133  28.171  27.172  -37.634 0.1428571492
173393  28.638  29.187  -40.658 0.1428571492
171118  27.582  26.961  -36.767 0.5714285970
172323  28.438  28.251  -39.423 0.1428571492
173374  28.331  29.022  -38.832 0.1428571492
174477  28.880  29.986  -41.031 0.1428571492
174466  28.328  29.991  -39.220 0.1428571492
105709  21.056  -9.870  -22.082 0.1428571492
105710  20.719  -9.467  -21.824 0.1428571492
108603  21.382  -8.201  -24.354 0.2857142985
107103  22.490  -8.619  -23.449 0.1428571492
110204  22.920  -7.585  -23.797 0.2857142985
110216  22.612  -7.357  -24.201 0.2857142985
115998  24.435  -4.494  -25.788 0.2857142985
114721  24.260  -4.878  -25.529 0.2857142985
114722  23.819  -5.116  -25.625 0.1428571492
121975  25.682  -0.791  -29.421 0.2857142985
121965  25.346  -1.276  -29.129 0.2857142985
126250  26.480  1.145  -30.437 0.4285714328
123469  25.492  0.085  -30.381 0.5714285970
133022  28.401  5.126  -30.022 0.2857142985
127581  25.801  2.075  -31.126 0.7142857313
135912  28.711  6.693  -29.889 0.1428571492
135939  26.127  6.733  -30.675 0.8571428657
140285  27.785  9.080  -29.824 0.7142857313
147428  30.723  13.417  -31.204 0.1428571492
147432  27.545  13.583  -30.425 0.8571428657
146025  27.333  12.631  -30.265 0.8571428657
144581  26.255  11.308  -30.489 0.8571428657
147446  25.767  13.311  -31.182 0.8571428657
157833  28.513  19.451  -33.823 0.8571428657
161944  27.025  21.542  -34.137 0.8571428657
163409  27.030  22.760  -34.758 0.8571428657
167431  27.218  24.695  -35.659 0.7142857313
167461  28.016  25.179  -36.597 0.2857142985
169892  28.150  26.509  -37.387 0.1428571492
169924  28.391  26.639  -39.619 0.1428571492
172336  28.684  28.501  -42.028 0.1428571492
107074  20.252  -9.047  -21.374 0.1428571492
110233  21.723  -7.263  -24.789 0.4285714328
113317  22.865  -6.174  -24.961 0.2857142985
110232  22.252  -7.098  -24.659 0.4285714328
111751  21.474  -6.856  -25.230 0.2857142985
113340  23.299  -5.522  -25.691 0.1428571492
117502  24.852  -3.865  -26.143 0.2857142985
118994  25.420  -2.764  -26.797 0.2857142985
117541  24.086  -3.446  -27.939 0.2857142985
117527  24.282  -3.764  -26.930 0.2857142985
119008  24.607  -3.047  -27.567 0.2857142985
124935  25.388  0.882  -31.044 0.7142857313
143115  30.764  11.063  -30.660 0.1428571492
146040  31.032  12.536  -31.568 0.1428571492
151165  30.267  15.736  -31.530 0.1428571492
151166  29.568  15.989  -31.278 0.2857142985
152420  30.188  16.428  -31.767 0.1428571492
149944  28.007  15.561  -31.103 0.8571428657
143117  25.940  10.596  -30.611 0.8571428657
141674  25.669  9.932  -30.736 1.0000000000
155151  30.558  18.135  -33.223 0.1428571492
156514  30.716  18.618  -33.761 0.1428571492
157851  29.483  19.816  -34.325 0.2857142985
226333  24.886  17.330  -34.195 0.8571428657
159145  28.163  20.185  -34.019 0.5714285970
161957  27.788  21.716  -34.691 0.5714285970
163407  28.069  22.491  -35.490 0.5714285970
166174  27.048  23.804  -35.088 0.7142857313
167460  27.915  24.707  -36.348 0.4285714328
164861  28.249  23.274  -36.569 0.2857142985
166198  28.306  23.937  -37.022 0.2857142985
166199  28.420  24.199  -37.739 0.1428571492
167487  28.468  25.027  -38.073 0.1428571492
168695  28.336  25.800  -37.692 0.1428571492
173349  27.404  28.698  -37.364 0.2857142985
168711  28.468  25.838  -39.258 0.1428571492
172318  28.313  28.104  -38.550 0.1428571492
173363  27.872  28.697  -37.849 0.1428571492
174453  27.821  29.853  -38.163 0.1428571492
169933  28.362  26.651  -40.450 0.1428571492
174473  28.613  29.986  -40.152 0.1428571492
175559  28.400  30.859  -39.773 0.1428571492
175563  29.012  30.769  -41.064 0.1428571492
159160  29.626  20.286  -34.910 0.4285714328
159178  29.153  20.741  -35.230 0.4285714328
161972  28.562  21.638  -35.600 0.4285714328
163425  28.488  22.183  -36.166 0.4285714328
163427  28.048  22.883  -35.720 0.5714285970
166185  27.853  23.702  -36.017 0.5714285970
105749  21.201  -9.073  -23.889 0.1428571492
105729  20.722  -9.661  -22.716 0.1428571492
107075  19.824  -8.562  -21.608 0.1428571492
108617  20.973  -7.357  -24.296 0.4285714328
108594  19.920  -7.442  -22.975 0.2857142985
108616  21.250  -7.619  -24.460 0.5714285970
108591  22.931  -8.066  -23.445 0.1428571492
111750  22.175  -6.558  -25.172 0.1428571492
113316  23.355  -5.727  -25.274 0.1428571492
130250  25.400  3.354  -31.161 0.7142857313
134410  26.730  6.095  -30.330 0.8571428657
137388  28.431  7.502  -29.763 0.5714285970
144578  29.138  12.006  -30.181 0.2857142985
143091  29.811  10.897  -29.962 0.1428571492
143093  28.413  10.472  -29.733 0.1428571492
149925  28.352  15.059  -30.786 0.5714285970
144580  26.691  11.419  -30.225 0.8571428657
148703  27.208  14.223  -30.730 0.8571428657
151168  27.761  16.061  -31.453 0.8571428657
226263  27.017  17.756  -33.155 0.8571428657
152457  27.099  17.130  -32.517 0.8571428657
151201  26.151  16.616  -32.804 0.8571428657
156518  27.302  18.763  -33.511 0.8571428657
159163  27.785  20.678  -34.138 0.8571428657
160505  26.120  21.051  -33.976 0.8571428657
166212  28.406  24.281  -38.469 0.1428571492
169877  27.323  26.470  -36.478 0.5714285970
169864  26.738  26.187  -36.131 0.5714285970
168727  28.165  25.786  -40.922 0.1428571492
172280  27.478  27.739  -36.967 0.4285714328
171141  28.306  27.291  -38.333 0.1428571492
172333  28.579  28.396  -41.162 0.1428571492
171162  28.510  27.504  -40.802 0.1428571492
169906  28.345  26.547  -38.051 0.1428571492
172310  28.100  27.840  -37.791 0.1428571492
173385  28.496  29.134  -39.763 0.1428571492
115977  24.980  -4.555  -25.326 0.1428571492
160517  28.164  21.211  -34.683 0.5714285970
111778  21.751  -6.470  -25.737 0.4285714328
117552  23.981  -3.249  -28.665 0.5714285970
174436  27.590  29.367  -37.773 0.1428571492
117553  23.396  -3.767  -28.470 0.5714285970
117555  22.247  -3.247  -28.140 0.5714285970
119010  21.438  -2.756  -27.408 0.2857142985
119029  23.683  -2.735  -29.281 0.5714285970
120459  22.383  -2.318  -28.660 0.5714285970
117530  21.256  -3.378  -26.837 0.4285714328
119030  22.938  -2.710  -28.964 0.5714285970
120431  20.859  -2.374  -27.185 0.2857142985
120461  21.410  -1.888  -28.112 0.4285714328
120479  24.777  -1.444  -29.897 0.4285714328
121966  23.367  -1.450  -29.617 0.5714285970
121968  22.037  -1.219  -28.869 0.5714285970
121969  21.407  -0.640  -28.848 0.4285714328
121987  24.398  -0.723  -30.430 0.5714285970
123459  23.453  -0.127  -30.153 0.5714285970
121967  22.978  -1.255  -29.417 0.4285714328
123472  23.914  -0.068  -30.393 0.7142857313
124906  23.385  0.368  -30.400 0.4285714328
126251  24.216  0.865  -30.922 0.4285714328
120460  21.826  -1.902  -28.430 0.4285714328
121946  20.882  -1.569  -27.906 0.2857142985
120446  20.662  -1.924  -27.383 0.2857142985
123447  21.804  -0.163  -29.301 0.4285714328
123471  24.299  -0.132  -30.620 0.7142857313
126270  24.564  1.367  -31.133 0.7142857313
127585  22.869  2.448  -31.191 0.4285714328
128897  24.262  2.873  -31.360 0.7142857313
130253  23.360  3.699  -31.668 0.5714285970
130252  24.115  3.654  -31.550 0.7142857313
126269  25.300  1.461  -31.188 0.5714285970
127582  25.113  2.105  -31.187 0.5714285970
127583  24.433  2.150  -31.202 0.7142857313
131663  24.639  4.400  -31.575 0.7142857313
133062  23.916  5.268  -31.779 0.7142857313
133048  24.481  5.520  -31.541 0.7142857313
134450  23.702  6.111  -31.786 0.7142857313
133063  23.193  5.376  -31.931 0.4285714328
135959  23.452  6.925  -31.825 0.4285714328
130234  25.999  3.626  -30.882 0.5714285970
130251  24.921  3.631  -31.440 0.5714285970
131648  25.862  4.516  -30.871 0.5714285970
133047  24.935  5.268  -31.316 0.5714285970
134436  24.806  6.062  -31.403 0.7142857313
135958  24.284  6.926  -31.613 0.7142857313
138889  24.586  8.710  -31.256 0.7142857313
137447  23.195  7.700  -32.072 0.5714285970
140325  23.723  9.262  -31.781 0.5714285970
135940  25.833  7.006  -30.842 0.5714285970
134435  25.348  6.133  -31.018 0.5714285970
137415  25.357  7.815  -31.050 0.7142857313
135941  25.025  6.919  -31.336 0.7142857313
140306  24.818  9.350  -31.209 0.8571428657
135968  22.802  6.942  -32.154 0.4285714328
140323  24.594  9.683  -31.404 0.7142857313
141690  24.002  9.957  -31.814 0.7142857313
143132  24.595  10.551  -31.648 0.7142857313
141703  23.494  9.936  -32.151 0.5714285970
143144  23.825  10.729  -32.184 0.7142857313
135916  26.163  7.410  -30.598 0.5714285970
137434  24.902  7.608  -31.307 0.7142857313
141675  25.190  9.975  -31.095 0.8571428657
143131  25.008  10.634  -31.362 0.8571428657
144610  24.114  11.513  -32.043 0.7142857313
144611  23.572  11.602  -32.382 0.5714285970
147473  23.502  13.226  -33.076 0.2857142985
140288  25.922  9.220  -30.568 0.7142857313
144597  24.679  11.331  -31.650 0.7142857313
149978  24.125  14.532  -33.355 0.7142857313
144582  25.683  11.297  -30.901 0.7142857313
146043  24.406  12.217  -31.868 0.8571428657
146055  23.884  12.288  -32.269 0.8571428657
149976  25.059  15.153  -32.859 0.8571428657
147448  24.677  12.717  -31.828 0.8571428657
147472  24.003  13.663  -32.907 0.5714285970
148752  24.397  14.164  -32.853 0.8571428657
149977  24.485  15.098  -33.365 0.8571428657
149990  23.791  14.796  -33.850 0.7142857313
146041  25.361  12.749  -31.263 0.8571428657
148739  25.076  14.287  -32.252 0.8571428657
151215  24.798  16.198  -33.752 0.8571428657
151203  24.985  15.622  -33.253 0.8571428657
151214  25.320  16.541  -33.520 0.8571428657
226328  24.707  16.932  -34.269 0.7142857313
159150  24.528  20.533  -34.219 0.7142857313
159166  23.697  20.156  -35.091 0.7142857313
160519  24.289  20.997  -34.424 0.5714285970
159179  23.240  20.264  -35.624 0.7142857313
161991  23.680  21.332  -35.121 0.7142857313
161978  24.642  21.783  -34.264 0.7142857313
163413  24.217  22.455  -34.844 0.8571428657
164864  23.658  23.622  -35.779 0.7142857313
161997  22.879  21.990  -36.084 0.7142857313
164873  22.787  23.681  -36.743 0.7142857313
167464  22.948  24.875  -36.852 0.7142857313
164874  22.305  23.654  -37.203 0.5714285970
166175  24.633  24.437  -35.422 0.7142857313
167452  23.969  24.848  -35.966 0.7142857313
166201  22.065  24.182  -37.618 0.5714285970
167463  23.556  25.150  -36.432 0.4285714328
167476  23.118  25.404  -36.986 0.5714285970
167477  22.541  25.077  -37.413 0.5714285970
167451  24.556  25.080  -35.729 0.5714285970
166202  21.512  23.946  -38.115 0.5714285970
168672  23.568  25.960  -36.837 0.5714285970
168685  22.940  25.956  -37.347 0.5714285970
168686  22.228  25.817  -37.945 0.5714285970
167478  21.889  24.950  -38.098 0.4285714328
167479  21.116  24.847  -38.601 0.5714285970
166203  20.848  23.932  -38.348 0.4285714328
169908  21.795  26.505  -38.442 0.5714285970
168697  21.687  25.830  -38.457 0.5714285970
169894  24.116  26.995  -36.828 0.5714285970
169885  19.847  25.411  -37.041 0.4285714328
226375  20.546  23.173  -36.128 0.4285714328
169898  20.527  26.233  -38.568 0.5714285970
168688  20.379  25.378  -38.376 0.5714285970
171108  20.704  27.395  -37.426 0.4285714328
127567  27.091  1.903  -30.566 0.2857142985
134434  26.063  6.221  -30.689 0.5714285970
171107  21.192  27.704  -38.022 0.2857142985
171125  20.257  26.781  -37.347 0.4285714328
169856  20.541  26.084  -35.512 0.2857142985
116043  22.258  -3.959  -27.724 0.5714285970
117529  21.803  -3.813  -27.235 0.5714285970
120469  24.276  -2.214  -29.347 0.2857142985
119028  24.122  -2.739  -28.893 0.4285714328
117543  21.973  -3.273  -27.728 0.5714285970
120468  24.865  -1.648  -29.474 0.2857142985
120481  23.904  -1.895  -29.902 0.5714285970
118996  21.068  -2.816  -26.990 0.2857142985
121957  21.685  -1.484  -28.534 0.4285714328
123461  22.296  -0.067  -29.533 0.4285714328
123460  22.732  -0.058  -29.777 0.5714285970
121959  20.573  -0.783  -28.331 0.2857142985
123436  20.908  -0.457  -28.693 0.2857142985
127569  23.272  1.558  -30.861 0.5714285970
128869  27.543  2.425  -30.537 0.2857142985
128900  22.025  2.889  -31.346 0.2857142985
131664  23.957  4.405  -31.724 0.7142857313
146028  25.420  11.749  -31.106 0.8571428657
147462  23.712  12.796  -32.528 0.7142857313
157853  24.499  19.184  -34.538 0.7142857313
157854  23.996  19.313  -34.955 0.7142857313
163446  22.942  23.145  -36.456 0.7142857313
166213  21.776  23.688  -37.915 0.5714285970
168689  19.961  25.068  -37.826 0.2857142985
167434  25.495  24.790  -35.254 0.5714285970
168658  24.452  25.609  -35.982 0.5714285970
168656  25.700  25.912  -35.701 0.5714285970
168670  24.698  26.410  -36.216 0.5714285970
169896  22.656  26.685  -37.732 0.5714285970
169897  22.144  26.844  -38.157 0.2857142985
124908  22.132  0.420  -29.812 0.4285714328
119020  24.423  -2.748  -28.298 0.2857142985
133045  26.281  5.301  -30.566 0.7142857313
128895  25.601  2.790  -31.096 0.5714285970
137391  26.386  7.806  -30.370 0.7142857313
138887  25.660  8.551  -30.783 0.7142857313
137414  25.950  7.851  -30.702 0.7142857313
147447  25.033  13.242  -31.755 0.7142857313
164845  24.563  23.299  -34.974 0.8571428657
124920  24.715  0.499  -31.019 0.5714285970
124936  24.989  1.041  -31.146 0.5714285970
155166  24.573  17.493  -34.552 0.7142857313
130235  25.512  3.925  -31.153 0.5714285970
117563  23.479  -3.230  -29.005 0.5714285970
119021  22.509  -2.783  -28.592 0.5714285970
116051  22.720  -3.940  -28.147 0.4285714328
119009  21.783  -2.792  -27.829 0.5714285970
119022  22.102  -2.765  -28.242 0.4285714328
117544  21.660  -3.288  -27.268 0.5714285970
120445  21.061  -1.942  -27.727 0.4285714328
120470  23.404  -1.942  -29.499 0.5714285970
120471  22.655  -1.886  -29.032 0.5714285970
116026  21.468  -4.362  -26.616 0.5714285970
121958  21.203  -1.337  -28.320 0.4285714328
121978  23.727  -1.147  -29.946 0.5714285970
121979  23.085  -0.622  -29.717 0.5714285970
123448  21.136  -0.045  -29.095 0.4285714328
124922  23.350  0.714  -30.561 0.5714285970
126253  22.933  1.131  -30.570 0.4285714328
126252  23.727  1.213  -30.893 0.5714285970
127584  23.614  2.077  -31.139 0.7142857313
128898  23.499  2.968  -31.381 0.5714285970
128899  22.783  3.052  -31.440 0.4285714328
127586  22.437  2.651  -31.222 0.4285714328
127570  22.836  1.813  -30.874 0.4285714328
128896  24.962  2.811  -31.261 0.7142857313
130254  22.566  3.681  -31.823 0.2857142985
131649  25.274  4.510  -31.251 0.7142857313
133061  24.410  4.968  -31.631 0.7142857313
134437  24.320  6.059  -31.624 0.7142857313
133046  25.596  5.316  -30.884 0.5714285970
137435  24.478  7.855  -31.456 0.7142857313
138907  24.072  8.564  -31.584 0.7142857313
138888  25.100  8.633  -31.014 0.5714285970
140324  24.327  9.342  -31.438 0.7142857313
140342  22.619  9.194  -32.576 0.2857142985
146056  23.331  12.368  -32.608 0.5714285970
146065  22.835  12.406  -33.263 0.2857142985
148740  24.598  13.834  -32.384 0.8571428657
161980  23.758  22.042  -35.170 0.7142857313
163429  23.780  22.483  -35.309 0.7142857313
166187  23.567  24.328  -36.067 0.8571428657
169895  23.522  26.758  -37.149 0.7142857313
171123  21.579  27.192  -38.382 0.5714285970
169884  19.886  26.226  -36.687 0.4285714328
123449  20.787  0.034  -28.932 0.1428571492
124909  21.477  0.687  -29.826 0.4285714328
111716  20.076  -6.457  -23.790 0.4285714328
120429  26.039  -2.076  -26.931 0.1428571492
120443  25.372  -2.217  -27.610 0.1428571492
120442  25.736  -1.688  -27.869 0.1428571492
124905  26.465  0.452  -29.669 0.1428571492
121955  26.084  -1.074  -28.281 0.1428571492
121945  26.336  -1.331  -27.566 0.1428571492
124892  27.123  0.479  -28.997 0.1428571492
123445  26.223  -0.271  -29.133 0.1428571492
121954  26.634  -0.892  -27.929 0.1428571492
126228  26.882  1.051  -29.833 0.1428571492
128868  28.073  2.757  -30.194 0.2857142985
131627  28.566  4.340  -30.197 0.1428571492
155153  25.063  17.779  -34.159 0.5714285970
177623  28.710  32.257  -41.072 0.1428571492
151220  24.172  16.522  -34.681 0.4285714328
178669  27.809  33.218  -40.701 0.1428571492
156538  23.471  18.959  -35.732 0.4285714328
157855  23.558  19.463  -35.480 0.5714285970
159180  22.821  20.436  -36.182 0.4285714328
175541  25.434  30.810  -38.067 0.2857142985
172301  23.789  28.414  -37.571 0.2857142985
171120  24.157  27.634  -37.036 0.2857142985
173352  25.196  29.053  -37.278 0.2857142985
156573  21.311  19.279  -37.808 0.1428571492
160537  22.486  21.302  -36.533 0.5714285970
163437  23.332  22.799  -35.925 0.5714285970
173354  23.844  29.062  -37.898 0.2857142985
169881  24.496  26.799  -36.507 0.4285714328
160568  21.768  20.804  -38.283 0.4285714328
162004  22.034  22.389  -37.245 0.5714285970
162014  20.239  21.158  -37.664 0.4285714328
226395  20.294  22.217  -38.356 0.2857142985
172303  22.097  28.196  -38.277 0.1428571492
171122  22.467  27.422  -38.045 0.1428571492
172302  23.026  28.146  -38.048 0.1428571492
226345  20.358  21.990  -36.516 0.1428571492
166215  20.412  23.525  -37.760 0.4285714328
172285  21.425  28.147  -38.054 0.1428571492
172314  22.513  28.898  -38.539 0.1428571492
173367  23.076  29.333  -38.861 0.1428571492
226353  20.522  22.290  -36.067 0.2857142985
172270  21.018  27.878  -36.970 0.2857142985
171091  21.152  26.778  -34.761 0.1428571492
172304  21.606  28.542  -38.087 0.1428571492
173355  22.784  29.231  -38.858 0.1428571492
172287  21.099  28.096  -37.029 0.1428571492
174423  21.386  28.971  -37.701 0.1428571492
173357  21.741  29.055  -38.087 0.1428571492
174445  21.595  29.327  -37.847 0.1428571492
111732  20.584  -6.331  -24.433 0.4285714328
115958  20.091  -4.727  -24.817 0.2857142985
120430  25.484  -2.435  -27.168 0.1428571492
123434  26.805  -0.345  -28.414 0.1428571492
126249  27.116  1.454  -30.112 0.1428571492
156547  23.758  17.977  -35.603 0.2857142985
167448  26.500  25.274  -35.562 0.4285714328
172283  25.975  28.104  -36.793 0.2857142985
173366  23.566  29.411  -38.364 0.2857142985
174440  25.068  29.769  -37.683 0.2857142985
173376  23.189  30.009  -38.913 0.2857142985
115959  19.824  -4.564  -24.545 0.2857142985
114704  24.537  -5.040  -25.160 0.1428571492
114705  23.930  -5.560  -24.938 0.1428571492
117501  25.755  -3.455  -25.803 0.1428571492
118993  25.864  -2.738  -26.346 0.1428571492
130217  27.956  3.604  -30.336 0.1428571492
162005  20.075  21.318  -36.694 0.1428571492
155167  24.026  17.567  -35.245 0.4285714328
226312  20.959  19.571  -37.524 0.2857142985
164887  21.589  23.091  -38.053 0.5714285970
169879  25.930  26.878  -36.263 0.4285714328
175543  24.383  30.498  -38.709 0.2857142985
175524  25.135  30.339  -37.932 0.2857142985
173351  25.976  28.832  -37.115 0.2857142985
174439  25.747  29.687  -37.378 0.2857142985
175540  26.148  30.830  -37.923 0.2857142985
176602  26.789  31.822  -38.721 0.1428571492
177604  26.291  32.364  -38.976 0.1428571492
175550  27.762  30.960  -38.848 0.1428571492
174442  22.727  29.556  -38.968 0.2857142985
174467  24.022  30.244  -38.830 0.2857142985
175551  27.295  31.482  -38.664 0.1428571492
176611  28.023  31.775  -39.666 0.1428571492
175538  27.459  30.556  -38.224 0.1428571492
133021  29.156  5.069  -30.126 0.2857142985
172282  26.696  28.010  -36.737 0.4285714328
176593  25.208  31.139  -38.571 0.2857142985
174438  26.511  29.730  -37.387 0.2857142985
174455  26.605  30.454  -37.707 0.1428571492
113319  20.623  -5.817  -25.052 0.4285714328
110219  20.744  -7.007  -24.192 0.4285714328
130232  27.398  3.354  -30.569 0.4285714328
169866  25.585  26.443  -35.933 0.4285714328
171104  25.653  27.438  -36.534 0.2857142985
173350  26.741  28.866  -37.180 0.2857142985
157866  23.089  19.473  -36.045 0.4285714328
160531  22.992  21.128  -35.804 0.5714285970
160538  22.177  21.815  -36.874 0.5714285970
163447  22.433  22.994  -36.826 0.5714285970
171105  24.933  27.530  -36.662 0.2857142985
171124  20.557  27.022  -38.124 0.4285714328
171090  20.825  26.952  -35.898 0.2857142985
156536  24.336  18.435  -34.894 0.5714285970
161998  22.394  22.205  -36.594 0.5714285970
164888  20.812  23.202  -38.327 0.5714285970
171121  23.235  27.530  -37.541 0.2857142985
123444  26.678  0.016  -28.930 0.1428571492
121933  26.697  -1.460  -27.054 0.1428571492
126215  27.555  0.941  -29.027 0.1428571492
157874  23.054  18.904  -36.352 0.2857142985
174456  24.769  30.084  -38.052 0.2857142985
173353  24.443  29.149  -37.627 0.2857142985
172300  24.591  28.464  -37.150 0.2857142985
172299  25.345  28.289  -36.939 0.2857142985
159201  21.927  20.347  -37.896 0.2857142985
159193  22.278  20.831  -37.048 0.4285714328
172313  22.905  28.807  -38.338 0.1428571492
160556  21.672  21.389  -38.140 0.4285714328
160580  20.801  20.412  -38.417 0.2857142985
160545  22.032  21.343  -37.266 0.5714285970
162013  21.368  22.087  -38.196 0.5714285970
166223  20.193  22.832  -37.497 0.4285714328
114676  19.865  -5.269  -24.338 0.2857142985
126226  27.998  1.613  -29.233 0.1428571492
155177  23.724  17.448  -35.721 0.2857142985
175522  26.134  30.254  -37.515 0.2857142985
175539  27.000  31.023  -38.193 0.2857142985
176601  27.437  31.974  -39.130 0.1428571492
138923  22.927  8.449  -32.325 0.4285714328
144623  22.635  11.551  -33.194 0.2857142985
177616  23.777  31.934  -39.479 0.1428571492
175552  24.614  30.875  -38.807 0.1428571492
178666  23.888  32.512  -39.579 0.1428571492
175546  21.978  30.207  -37.808 0.1428571492
177608  23.547  32.357  -39.029 0.1428571492
175561  23.831  31.259  -39.575 0.1428571492
176612  24.563  31.803  -39.490 0.1428571492
175545  22.317  30.453  -38.195 0.1428571492
176595  22.807  31.168  -38.226 0.1428571492
175555  22.989  30.779  -39.135 0.1428571492
177596  23.357  32.366  -38.446 0.1428571492
178657  23.932  33.043  -39.504 0.1428571492
174469  23.229  30.415  -39.098 0.1428571492
177609  23.032  31.875  -38.637 0.1428571492
226551  23.888  32.560  -37.661 0.1428571492
177607  23.765  32.935  -39.023 0.1428571492
143158  22.817  10.796  -32.805 0.2857142985
177597  23.380  32.084  -37.834 0.1428571492
226554  23.898  32.757  -38.279 0.1428571492
179754  24.610  33.438  -40.087 0.1428571492
123458  25.231  -0.637  -30.220 0.2857142985
175553  24.164  30.803  -39.125 0.1428571492
177606  25.221  31.871  -39.157 0.1428571492
177615  24.300  32.118  -39.648 0.1428571492
177614  24.955  32.161  -39.514 0.1428571492
226550  23.717  32.476  -37.917 0.1428571492
177588  23.426  31.670  -37.200 0.1428571492
121986  24.925  -0.855  -30.350 0.4285714328
114741  22.491  -5.351  -26.887 0.4285714328
114723  23.288  -5.351  -25.981 0.1428571492
116042  22.760  -4.384  -27.670 0.2857142985
116024  22.923  -4.798  -27.129 0.1428571492
116050  23.218  -4.225  -27.965 0.2857142985
113358  21.873  -5.793  -26.312 0.2857142985
114742  21.844  -5.274  -26.521 0.4285714328
117528  23.706  -4.138  -27.175 0.1428571492
116023  23.605  -4.533  -26.742 0.1428571492
117542  23.667  -3.943  -27.639 0.2857142985
116025  22.164  -4.623  -27.220 0.2857142985
159188  22.532  20.153  -37.001 0.2857142985
113357  22.265  -5.771  -26.457 0.2857142985
114706  20.991  -5.067  -25.686 0.2857142985
114707  20.662  -5.003  -25.399 0.2857142985
114724  21.268  -5.043  -26.032 0.2857142985
116001  20.668  -4.260  -25.714 0.2857142985
116000  21.088  -4.453  -26.062 0.2857142985
126230  22.468  0.944  -30.227 0.2857142985
126254  22.277  1.471  -30.558 0.2857142985
127571  22.140  2.230  -30.914 0.2857142985
131665  23.220  4.491  -31.983 0.1428571492
133072  22.574  5.455  -32.124 0.1428571492
134451  22.994  6.160  -31.947 0.2857142985
137448  22.642  7.688  -32.469 0.1428571492
144633  22.346  11.583  -33.596 0.1428571492
147481  22.680  13.056  -34.079 0.1428571492
148763  23.169  14.053  -33.974 0.1428571492
148773  22.738  13.697  -34.554 0.1428571492
149997  23.338  15.217  -35.037 0.1428571492
156555  22.999  18.306  -36.581 0.1428571492
157875  22.766  19.530  -36.835 0.1428571492
155207  22.050  18.552  -37.958 0.1428571492
156556  22.810  18.740  -36.929 0.1428571492
167490  20.035  24.363  -37.063 0.1428571492
166162  20.485  24.181  -35.774 0.1428571492
159181  20.949  21.623  -34.479 0.1428571492
168661  20.445  25.020  -35.708 0.1428571492
167418  21.014  24.370  -34.488 0.1428571492
168660  20.274  25.738  -35.800 0.1428571492
113269  19.874  -5.983  -23.917 0.2857142985
113343  21.452  -5.865  -25.982 0.1428571492
149989  24.094  15.590  -34.255 0.2857142985
226278  23.648  16.155  -35.593 0.1428571492
157883  22.526  19.306  -37.361 0.1428571492
124894  21.659  0.325  -29.601 0.2857142985
126231  21.812  1.087  -30.166 0.2857142985
126255  21.621  1.695  -30.516 0.2857142985
134460  22.372  6.218  -32.257 0.1428571492
138924  22.421  8.421  -32.736 0.1428571492
140356  22.191  9.110  -33.012 0.1428571492
141719  22.318  9.981  -33.005 0.1428571492
144652  22.062  11.534  -34.470 0.1428571492
146076  22.451  12.318  -33.881 0.1428571492
147486  22.396  12.838  -34.499 0.1428571492
148780  22.266  13.211  -35.129 0.1428571492
155197  22.960  17.275  -37.016 0.1428571492
166142  20.919  22.958  -34.953 0.1428571492
166190  20.343  23.723  -36.221 0.1428571492
126232  21.016  1.282  -30.123 0.2857142985
113344  21.031  -5.986  -25.492 0.2857142985
226330  20.617  21.285  -35.070 0.1428571492
124895  21.294  0.350  -29.479 0.1428571492
226267  23.680  15.661  -35.087 0.1428571492
156548  23.426  18.307  -35.999 0.1428571492
115978  20.229  -4.506  -25.112 0.2857142985
127572  21.435  2.247  -30.815 0.1428571492
149998  22.828  14.403  -34.810 0.1428571492
146089  21.927  12.020  -34.878 0.1428571492
113270  19.484  -5.922  -23.433 0.1428571492
113289  19.759  -5.641  -24.001 0.1428571492
114639  19.052  -5.173  -22.977 0.1428571492
114650  19.532  -5.154  -23.898 0.1428571492
117505  20.484  -3.405  -25.998 0.1428571492
159177  29.659  20.579  -35.659 0.1428571492
110206  19.782  -6.892  -23.220 0.1428571492
117477  20.250  -3.836  -25.441 0.1428571492
117504  20.978  -3.866  -26.265 0.1428571492
115979  19.964  -4.015  -25.011 0.1428571492
118997  20.663  -2.819  -26.619 0.1428571492
157865  30.677  19.952  -35.257 0.1428571492
160528  29.437  20.943  -36.171 0.1428571492
120432  20.337  -1.979  -26.976 0.1428571492
156535  30.402  19.080  -33.998 0.1428571492
111717  19.654  -6.451  -23.357 0.1428571492
134407  28.961  5.874  -29.972 0.1428571492
114675  20.191  -5.108  -24.812 0.1428571492
114651  19.289  -5.330  -23.393 0.1428571492
104390  21.909  -10.258  -23.193 0.1428571492
104402  21.174  -10.071  -23.423 0.1428571492
105739  21.156  -9.608  -23.616 0.1428571492
105748  21.766  -9.108  -23.752 0.1428571492
107112  22.114  -8.615  -23.742 0.1428571492
107113  21.644  -8.697  -24.067 0.1428571492
108592  22.443  -8.233  -23.697 0.1428571492
108601  22.594  -7.849  -23.836 0.1428571492
108604  20.737  -7.912  -23.980 0.2857142985
108615  21.708  -7.772  -24.492 0.1428571492
110203  23.409  -7.473  -23.656 0.2857142985
110217  22.060  -7.504  -24.436 0.2857142985
110218  20.938  -6.904  -24.426 0.4285714328
110234  21.134  -7.040  -24.571 0.5714285970
110235  20.961  -7.126  -24.337 0.5714285970
111728  23.674  -6.481  -24.167 0.2857142985
111730  22.665  -6.711  -24.598 0.1428571492
111752  21.107  -6.592  -24.972 0.5714285970
111753  20.856  -6.325  -24.825 0.5714285970
111779  21.200  -6.433  -25.529 0.2857142985
111780  20.942  -6.255  -25.187 0.4285714328
113253  19.235  -6.122  -23.062 0.1428571492
113287  23.018  -6.392  -24.524 0.2857142985
113288  20.122  -5.815  -24.349 0.2857142985
113318  21.029  -5.466  -25.592 0.2857142985
113356  22.652  -5.608  -26.461 0.2857142985
114673  24.457  -5.646  -24.571 0.1428571492
114703  25.310  -4.832  -24.967 0.1428571492
114725  20.956  -4.760  -25.761 0.2857142985
114740  23.047  -5.234  -26.490 0.1428571492
115940  19.262  -4.757  -23.464 0.1428571492
115999  23.882  -4.662  -26.139 0.1428571492
116041  23.336  -4.367  -27.412 0.2857142985
116052  22.335  -3.571  -28.073 0.5714285970
117525  25.513  -3.047  -26.337 0.1428571492
117531  20.851  -3.360  -26.419 0.1428571492
117554  22.635  -3.289  -28.462 0.5714285970
117562  23.855  -3.033  -29.013 0.4285714328
117564  23.034  -3.345  -28.859 0.5714285970
118995  24.903  -3.120  -27.027 0.2857142985
119007  25.132  -2.705  -27.353 0.2857142985
120444  21.611  -2.339  -27.947 0.5714285970
120458  24.392  -2.355  -28.723 0.2857142985
120472  22.218  -1.838  -28.756 0.4285714328
120480  24.378  -1.670  -29.897 0.4285714328
121976  25.161  -1.053  -29.856 0.4285714328
121977  24.572  -1.221  -30.172 0.4285714328
121988  23.967  -0.437  -30.285 0.5714285970
123435  26.200  -0.611  -28.651 0.2857142985
123446  22.513  -0.536  -29.370 0.4285714328
123470  25.073  -0.267  -30.590 0.2857142985
124893  26.615  0.169  -29.187 0.1428571492
124904  26.976  0.826  -29.495 0.1428571492
124907  22.898  0.535  -30.213 0.4285714328
124919  25.396  0.408  -30.677 0.7142857313
124921  23.876  0.405  -30.630 0.7142857313
124934  25.798  0.847  -30.684 0.7142857313
126227  27.475  1.301  -29.470 0.1428571492
126229  22.757  0.870  -30.326 0.2857142985
126271  24.075  1.684  -31.155 0.7142857313
128879  27.630  2.965  -30.540 0.2857142985
131629  27.183  4.429  -30.202 0.5714285970
131676  22.751  4.858  -32.068 0.1428571492
135915  26.445  6.974  -30.468 0.5714285970
135942  24.630  6.489  -31.518 0.7142857313
135957  24.697  7.329  -31.461 0.7142857313
137416  24.875  8.115  -31.177 0.5714285970
137436  23.831  7.739  -31.737 0.7142857313
138868  27.380  8.368  -29.896 0.8571428657
138908  23.481  8.488  -31.925 0.7142857313
140286  27.075  9.116  -29.976 0.8571428657
140305  25.386  9.278  -30.879 0.8571428657
140307  24.577  9.134  -31.285 0.8571428657
140341  23.154  9.223  -32.144 0.5714285970
141654  28.133  9.794  -29.765 0.5714285970
141656  26.737  9.822  -30.071 0.8571428657
141688  24.796  10.026  -31.414 0.7142857313
141689  24.433  9.998  -31.596 0.7142857313
141704  22.934  9.947  -32.502 0.5714285970
141720  22.055  9.539  -33.249 0.1428571492
143092  29.194  10.615  -29.750 0.1428571492
143096  26.439  10.509  -30.241 0.8571428657
143116  30.393  10.632  -30.207 0.1428571492
143118  25.445  10.626  -30.981 0.8571428657
143133  24.242  10.427  -31.838 0.7142857313
143143  24.294  10.910  -31.875 0.7142857313
143145  23.325  10.478  -32.511 0.5714285970
143157  23.316  11.053  -32.532 0.2857142985
143204  22.031  11.000  -33.874 0.1428571492
144558  27.017  10.993  -30.016 0.7142857313
144559  26.667  10.954  -30.151 0.8571428657
144577  30.075  11.544  -30.218 0.1428571492
144579  28.713  11.901  -29.977 0.2857142985
144596  25.211  11.305  -31.233 0.7142857313
144622  23.024  11.644  -32.733 0.2857142985
144641  22.201  11.696  -33.752 0.1428571492
146000  28.003  11.937  -30.009 0.4285714328
146002  26.911  11.594  -30.172 0.8571428657
146042  25.063  12.189  -31.443 0.8571428657
146066  22.557  11.973  -33.483 0.2857142985
146075  22.673  12.772  -33.706 0.1428571492
146082  22.172  12.159  -34.439 0.1428571492
147429  30.079  13.393  -30.673 0.1428571492
147431  28.439  13.910  -30.367 0.8571428657
147434  26.164  12.768  -30.754 0.8571428657
147460  24.727  13.647  -32.162 0.8571428657
147461  24.283  13.186  -32.351 0.7142857313
147480  22.951  13.177  -33.700 0.1428571492
147494  22.150  12.543  -34.869 0.1428571492
148699  30.292  14.096  -30.956 0.1428571492
148723  25.409  13.811  -31.673 0.7142857313
148751  24.755  14.670  -32.836 0.8571428657
148753  23.826  14.076  -33.334 0.7142857313
148764  22.899  13.492  -34.094 0.1428571492
148772  22.897  14.407  -34.535 0.1428571492
149923  29.969  14.724  -31.001 0.1428571492
149924  29.310  14.879  -30.806 0.5714285970
149926  27.677  14.651  -30.704 0.8571428657
149945  27.313  15.158  -31.005 0.8571428657
149964  25.482  15.199  -32.428 0.8571428657
149996  23.887  15.770  -34.761 0.1428571492
151144  30.299  15.125  -31.327 0.1428571492
151146  29.121  15.466  -30.994 0.4285714328
151164  30.767  15.260  -31.781 0.1428571492
151202  25.615  16.046  -33.044 0.8571428657
152443  28.277  17.299  -32.065 0.5714285970
152444  27.521  17.100  -32.247 0.8571428657
152445  26.967  16.804  -32.358 0.8571428657
152459  26.050  16.923  -33.164 0.8571428657
152469  25.249  17.106  -33.864 0.8571428657
153723  30.611  16.663  -32.272 0.1428571492
153725  29.536  17.423  -32.105 0.1428571492
153746  27.408  17.523  -32.648 0.8571428657
153800  22.524  16.885  -37.238 0.1428571492
153801  22.693  17.058  -37.276 0.1428571492
153811  22.158  17.890  -37.745 0.1428571492
153812  21.740  18.008  -37.855 0.1428571492
155187  23.096  17.727  -36.811 0.1428571492
155188  22.867  18.406  -36.966 0.1428571492
155198  22.554  18.078  -37.442 0.1428571492
156501  27.521  18.009  -33.077 0.8571428657
156502  26.808  18.015  -33.461 0.8571428657
156519  26.704  18.813  -33.640 0.8571428657
156522  24.774  18.426  -34.374 0.5714285970
156537  23.815  18.580  -35.426 0.4285714328
156564  22.709  19.010  -37.252 0.1428571492
156572  22.238  19.239  -37.730 0.1428571492
157831  29.888  19.321  -34.000 0.2857142985
157834  27.728  19.491  -33.742 0.8571428657
157837  25.579  19.282  -33.974 0.8571428657
157838  24.971  19.185  -34.226 0.7142857313
157850  30.325  19.689  -34.612 0.1428571492
157852  28.942  19.808  -34.115 0.2857142985
157867  22.811  19.985  -36.459 0.4285714328
157876  22.483  20.017  -37.140 0.2857142985
157884  22.343  19.887  -37.393 0.2857142985
157891  22.373  19.202  -37.604 0.1428571492
157892  22.031  19.608  -37.759 0.1428571492
157893  20.304  20.280  -35.970 0.1428571492
159144  28.615  19.983  -34.110 0.5714285970
159149  24.964  20.091  -34.095 0.7142857313
159159  30.182  20.213  -35.234 0.1428571492
159161  28.784  20.444  -34.544 0.4285714328
159162  28.156  20.711  -34.346 0.5714285970
159165  24.244  20.090  -34.483 0.7142857313
159176  30.460  20.336  -35.847 0.1428571492
159186  29.862  20.668  -36.238 0.1428571492
159187  22.550  20.476  -36.785 0.2857142985
159194  22.238  20.485  -37.287 0.4285714328
159202  21.371  20.205  -38.089 0.2857142985
159208  21.779  20.558  -38.194 0.4285714328
159209  21.594  20.507  -38.314 0.4285714328
160489  26.883  21.291  -34.049 0.8571428657
160490  26.523  21.283  -34.022 0.8571428657
160491  26.249  21.357  -33.999 0.8571428657
160502  27.725  21.388  -34.417 0.8571428657
160503  27.367  21.132  -34.116 0.8571428657
160504  26.803  20.886  -33.979 0.8571428657
160507  24.757  20.951  -34.086 0.5714285970
160516  28.670  21.225  -35.170 0.4285714328
160518  27.856  21.035  -34.327 0.5714285970
160520  23.867  20.872  -34.867 0.7142857313
160529  29.018  21.210  -35.832 0.4285714328
160530  23.497  20.931  -35.332 0.7142857313
160536  29.208  21.208  -36.303 0.1428571492
160544  22.321  21.001  -36.884 0.4285714328
160546  21.738  22.067  -37.790 0.5714285970
160547  20.677  20.421  -37.670 0.2857142985
160549  20.232  20.774  -36.707 0.1428571492
160555  21.933  20.847  -37.834 0.4285714328
160557  21.148  21.582  -38.437 0.4285714328
160567  21.888  20.678  -38.016 0.4285714328
160569  21.280  20.827  -38.635 0.2857142985
161945  26.664  21.569  -34.074 0.8571428657
161946  26.422  21.522  -34.034 0.8571428657
161958  27.329  21.751  -34.377 0.8571428657
161959  26.802  21.854  -34.238 0.8571428657
161961  25.469  21.745  -34.003 0.8571428657
161962  25.035  21.353  -34.054 0.8571428657
161973  28.148  21.959  -35.232 0.5714285970
161974  27.478  22.191  -34.801 0.7142857313
161976  26.575  22.112  -34.330 0.8571428657
161979  23.941  21.695  -34.869 0.7142857313
161989  28.605  21.886  -36.027 0.4285714328
161990  28.424  21.959  -35.682 0.4285714328
161992  23.475  21.805  -35.451 0.7142857313
161999  20.359  21.315  -36.234 0.1428571492
162015  20.125  21.162  -37.341 0.4285714328
162016  20.101  20.967  -36.978 0.1428571492
162026  20.229  21.652  -37.987 0.4285714328
162027  19.997  21.378  -37.644 0.4285714328
162037  20.683  20.772  -38.720 0.2857142985
162038  20.468  20.872  -38.325 0.4285714328
163395  25.991  22.281  -34.182 0.8571428657
163396  25.818  22.121  -34.084 0.8571428657
163408  27.660  22.759  -35.177 0.5714285970
163411  25.585  22.575  -34.161 0.8571428657
163414  23.908  22.176  -35.043 0.7142857313
163426  28.335  22.329  -35.878 0.4285714328
163428  24.059  22.984  -35.192 0.7142857313
163433  28.497  22.325  -36.588 0.4285714328
163434  28.237  22.880  -36.159 0.5714285970
163435  28.131  23.085  -36.021 0.5714285970
163436  23.782  23.087  -35.527 0.7142857313
163438  22.801  22.628  -36.386 0.5714285970
163445  28.391  22.983  -37.868 0.1428571492
163456  22.075  23.142  -37.407 0.5714285970
163457  19.864  21.402  -37.253 0.1428571492
163467  20.201  22.001  -36.901 0.1428571492
164828  26.278  23.797  -34.742 0.7142857313
164829  26.057  23.675  -34.685 0.8571428657
164830  25.711  23.630  -34.674 0.8571428657
164840  27.494  23.113  -35.199 0.5714285970
164841  27.239  23.347  -35.072 0.7142857313
164842  26.543  23.478  -34.701 0.8571428657
164856  27.639  23.278  -35.458 0.5714285970
164857  27.381  23.550  -35.290 0.7142857313
164858  24.081  23.545  -35.377 0.8571428657
164862  28.098  23.380  -36.201 0.5714285970
164863  28.030  23.344  -36.045 0.5714285970
164865  23.221  23.656  -36.250 0.7142857313
164866  20.559  23.318  -35.946 0.1428571492
164871  28.362  23.089  -37.027 0.2857142985
164872  28.396  23.388  -37.530 0.1428571492
164875  21.449  23.540  -38.147 0.5714285970
164876  21.236  23.555  -38.235 0.4285714328
164877  20.556  22.782  -36.172 0.4285714328
164886  21.967  23.559  -37.647 0.5714285970
164889  20.462  22.455  -36.514 0.2857142985
164898  20.776  22.287  -38.674 0.5714285970
164899  20.290  22.615  -38.054 0.2857142985
164900  19.896  22.286  -37.469 0.2857142985
166139  26.086  23.914  -34.797 0.7142857313
166140  25.847  23.935  -34.819 0.7142857313
166141  25.515  23.869  -34.846 0.8571428657
166153  27.676  24.640  -36.128 0.4285714328
166154  27.590  24.527  -35.998 0.7142857313
166155  27.424  24.335  -35.714 0.7142857313
166156  27.029  24.060  -35.220 0.7142857313
166158  25.708  24.299  -34.987 0.7142857313
166160  24.469  23.945  -35.275 0.7142857313
166161  20.740  23.883  -35.525 0.1428571492
166171  27.776  24.475  -36.195 0.4285714328
166172  27.687  24.154  -36.002 0.5714285970
166173  27.511  23.812  -35.567 0.7142857313
166176  24.113  24.269  -35.638 0.7142857313
166177  20.675  23.381  -35.668 0.1428571492
166178  20.516  23.847  -35.790 0.1428571492
166179  20.320  24.058  -36.006 0.1428571492
166184  28.016  24.033  -36.391 0.5714285970
166186  27.772  23.526  -35.774 0.5714285970
166188  23.078  24.345  -36.533 0.7142857313
166189  20.463  23.676  -35.941 0.1428571492
166200  22.632  24.303  -37.072 0.5714285970
166204  20.358  23.396  -36.535 0.4285714328
166214  21.624  23.578  -38.060 0.5714285970
166216  20.303  23.101  -37.059 0.4285714328
166224  20.242  22.516  -37.171 0.4285714328
167429  27.571  24.834  -36.047 0.4285714328
167430  27.461  24.705  -35.892 0.7142857313
167432  26.694  24.692  -35.410 0.7142857313
167435  24.992  24.760  -35.391 0.5714285970
167436  20.945  24.321  -35.234 0.1428571492
167437  20.619  24.487  -35.592 0.1428571492
167445  27.751  24.850  -36.227 0.4285714328
167446  27.554  25.072  -36.116 0.5714285970
167449  25.901  25.329  -35.496 0.4285714328
167450  25.261  25.321  -35.559 0.5714285970
167453  20.346  24.563  -35.971 0.1428571492
167462  24.159  25.332  -36.098 0.5714285970
167465  20.183  24.330  -36.408 0.2857142985
167474  28.196  24.574  -36.686 0.4285714328
167475  28.377  24.960  -37.225 0.1428571492
167480  20.366  24.515  -38.058 0.5714285970
167488  21.618  25.309  -38.444 0.4285714328
167489  21.368  25.428  -38.575 0.5714285970
168645  20.693  25.192  -35.267 0.1428571492
168646  20.694  24.790  -35.422 0.1428571492
168653  27.272  25.606  -36.116 0.5714285970
168654  26.852  25.699  -35.905 0.4285714328
168655  26.329  25.827  -35.747 0.4285714328
168657  24.934  25.982  -35.890 0.5714285970
168659  20.156  26.140  -35.962 0.1428571492
168668  27.625  25.752  -36.462 0.5714285970
168669  27.553  26.140  -36.552 0.5714285970
168671  24.221  25.981  -36.318 0.5714285970
168673  19.984  26.114  -36.107 0.1428571492
168674  19.992  25.922  -36.173 0.1428571492
168675  20.054  25.204  -36.324 0.1428571492
168684  27.721  26.168  -36.712 0.5714285970
168687  21.848  25.490  -38.224 0.5714285970
168696  22.012  26.130  -38.241 0.5714285970
168698  21.043  25.670  -38.690 0.5714285970
168704  28.450  25.820  -38.459 0.1428571492
169863  27.161  25.990  -36.213 0.5714285970
169865  26.154  26.341  -36.023 0.4285714328
169867  20.120  26.341  -36.095 0.1428571492
169868  20.279  26.459  -36.034 0.2857142985
169876  27.398  26.052  -36.397 0.5714285970
169880  25.186  26.783  -36.294 0.4285714328
169882  23.952  26.523  -36.679 0.5714285970
169883  20.011  26.274  -36.282 0.1428571492
169893  27.803  26.510  -36.915 0.5714285970
169899  19.943  25.982  -37.752 0.4285714328
169900  19.848  25.213  -37.437 0.4285714328
169907  22.190  26.396  -38.108 0.5714285970
169909  21.253  26.316  -38.734 0.5714285970
169916  28.417  26.600  -38.813 0.1428571492
171089  20.834  27.560  -36.831 0.2857142985
171101  27.545  27.435  -36.892 0.5714285970
171102  27.079  27.295  -36.584 0.5714285970
171106  24.430  27.244  -36.756 0.5714285970
171109  20.414  26.964  -36.683 0.4285714328
171117  27.890  27.051  -37.123 0.5714285970
171119  24.745  28.008  -36.887 0.2857142985
171134  21.411  26.748  -38.611 0.5714285970
171135  20.978  26.816  -38.640 0.5714285970
171155  28.404  27.470  -39.960 0.1428571492
172281  27.219  27.828  -36.780 0.4285714328
172284  25.487  27.848  -36.725 0.2857142985
172286  21.121  28.068  -37.486 0.2857142985
172295  27.779  27.620  -37.226 0.4285714328
172296  27.377  27.985  -36.988 0.4285714328
172297  27.011  28.307  -36.996 0.4285714328
172298  25.780  28.407  -36.967 0.2857142985
172311  27.686  28.037  -37.321 0.2857142985
172312  23.403  28.774  -38.019 0.2857142985
172335  28.825  28.754  -42.290 0.1428571492
173329  21.056  27.938  -36.863 0.1428571492
173336  27.975  28.943  -37.926 0.2857142985
173337  27.482  28.971  -37.537 0.2857142985
173338  26.716  28.408  -36.976 0.4285714328
173339  26.432  28.461  -36.943 0.2857142985
173340  21.322  28.656  -37.742 0.1428571492
173341  21.190  28.457  -37.156 0.1428571492
173348  27.667  28.963  -37.706 0.2857142985
173356  22.348  28.824  -38.642 0.1428571492
173364  27.603  28.336  -37.383 0.2857142985
173365  24.136  29.449  -38.057 0.2857142985
173368  22.542  28.864  -38.710 0.1428571492
173375  23.387  29.819  -38.753 0.1428571492
173400  28.809  28.989  -41.900 0.1428571492
174421  27.589  29.132  -37.697 0.2857142985
174422  27.418  29.192  -37.564 0.1428571492
174424  21.277  28.828  -37.372 0.1428571492
174437  27.016  29.683  -37.353 0.1428571492
174441  24.545  29.682  -37.963 0.2857142985
174443  22.151  29.356  -38.656 0.2857142985
174454  27.112  30.223  -37.826 0.1428571492
174457  24.271  29.965  -38.404 0.2857142985
174458  23.763  29.930  -38.691 0.2857142985
174459  23.031  29.958  -39.057 0.2857142985
174468  23.592  30.303  -38.991 0.2857142985
174476  29.057  30.344  -41.313 0.1428571492
175511  21.269  29.128  -37.313 0.1428571492
175523  25.579  30.353  -37.616 0.2857142985
175525  22.568  30.191  -39.051 0.2857142985
175542  24.804  30.638  -38.349 0.2857142985
175554  23.545  30.912  -39.438 0.1428571492
175560  24.017  31.111  -39.493 0.1428571492
176591  26.380  31.384  -38.340 0.1428571492
176594  24.899  31.031  -38.717 0.2857142985
176596  22.731  30.916  -37.827 0.1428571492
176597  22.146  30.045  -37.797 0.1428571492
176604  25.458  31.645  -38.827 0.2857142985
176605  24.775  31.401  -39.130 0.1428571492
176606  24.303  31.199  -39.368 0.1428571492
176607  23.211  31.559  -39.291 0.1428571492
176608  22.841  31.206  -38.819 0.1428571492
176613  24.165  31.533  -39.540 0.1428571492
176614  23.671  31.458  -39.544 0.1428571492
177613  25.381  32.463  -39.556 0.1428571492
177619  28.011  32.638  -40.366 0.1428571492
178658  23.684  32.749  -39.349 0.1428571492
179747  24.266  33.371  -39.647 0.1428571492
226268  24.479  16.983  -34.492 0.7142857313
226279  23.772  16.816  -35.463 0.1428571492
226309  22.176  16.918  -37.538 0.1428571492
226317  23.814  15.816  -34.996 0.1428571492
226318  23.837  15.992  -35.200 0.1428571492
226323  23.824  17.280  -35.466 0.4285714328
226324  20.714  21.323  -34.850 0.1428571492
226325  20.546  21.110  -34.987 0.1428571492
226336  20.617  21.518  -35.396 0.1428571492
226341  25.638  16.814  -33.435 0.8571428657
226343  21.036  22.220  -34.248 0.1428571492
226344  20.485  22.356  -35.834 0.2857142985
226349  20.879  22.197  -34.707 0.1428571492
226350  20.903  21.974  -34.690 0.1428571492
226358  26.312  17.278  -33.292 0.8571428657
226362  26.468  17.530  -33.429 0.8571428657
226364  20.944  22.396  -34.575 0.1428571492
226365  20.539  22.518  -35.666 0.4285714328
226367  20.792  22.113  -34.850 0.1428571492
226368  20.573  22.513  -35.965 0.2857142985
226369  19.879  21.428  -37.002 0.1428571492
226370  20.567  22.523  -36.188 0.2857142985
226372  30.101  18.205  -33.025 0.1428571492
226373  30.213  18.366  -33.173 0.2857142985
226374  27.730  17.838  -32.750 0.8571428657
226380  20.693  21.350  -38.598 0.4285714328
226381  19.827  21.669  -37.406 0.2857142985
226382  20.378  22.526  -36.920 0.4285714328
226384  29.791  18.169  -32.861 0.2857142985
226385  27.954  17.995  -32.798 0.8571428657
226386  27.898  18.104  -32.964 0.8571428657
226389  19.847  21.890  -37.707 0.2857142985
226396  20.134  22.285  -37.156 0.1428571492
226464  20.146  24.025  -36.570 0.1428571492
226465  20.106  24.263  -36.677 0.2857142985
